43
5
[-0.4,32.75,-2.955]
[-0.4,30.814,-2.955]
[-0.4,30.814,-2.955]
[-0.4,30.814,-2.955]
[-0.4,30.814,-2.955]
[-0.4,30.814,-2.955]
[-0.4,30.814,-2.955]
[-0.4,32.2093,-2.955]
[-0.4,33.6047,-2.955]
[-0.4,35,-2.955]
[-0.4,35,-2.955]
[-0.4,35,-2.955]
[-0.4,35,-2.955]
[-0.4,35,-2.955]
[-0.4,35,-2.955]
[-0.4,35,-2.955]
[-0.4,35,-2.955]
[-0.4,35,-2.955]
[-0.4,35,-2.955]
[-0.4,35,-2.955]
[-0.4,35,-2.955]
[-0.4,35,-2.955]
[-0.4,35,-2.955]
[-0.4,35,-2.955]
[-0.4,35,-2.955]
[-0.4,35,-2.955]
[-0.4,35,-2.955]
[-0.4,35,-2.955]
[-0.4,35,-2.955]
[-0.4,35,-2.955]
[-0.4,35,-2.955]
[-0.4,35,-2.955]
[-0.4,35,-2.955]
[-0.4,35,-2.955]
[-0.4,35,-2.955]
[-0.4,35,-2.955]
[-0.4,35,-2.955]
[-0.4,35,-2.955]
[-0.4,34.55,-2.955]
[-0.4,34.1,-2.955]
[-0.4,33.65,-2.955]
[-0.4,33.2,-2.955]
[-0.4,32.75,-2.955]
[0,-0,0]
[0,0,0]
[0,0,0]
[0,0,0]
[0,0,0]
[0,0,0]
[0,0,0]
[0,0,0]
[0,0,0]
[0,0,0]
[0,0,0]
[0,0,0]
[0,0,0]
[0,0,0]
[0,0,0]
[0,0,0]
[0,0,0]
[0,0,0]
[0,0,0]
[0,0,0]
[0,0,0]
[0,0,0]
[0,0,0]
[0,0,0]
[0,0,0]
[0,0,0]
[0,0,0]
[0,0,0]
[0,0,0]
[0,0,0]
[0,0,0]
[0,0,0]
[0,0,0]
[0,0,0]
[0,0,0]
[0,0,0]
[0,0,0]
[0,0,0]
[0,0,0]
[0,0,0]
[0,0,0]
[0,0,0]
[0,0,0]