42
5
[-3.373,1.87,1.27]
[-3.373,1.87,1.27]
[-3.373,1.87,1.27]
[-3.373,1.87,1.27]
[-3.373,1.87,1.27]
[-3.373,1.87,1.27]
[-3.373,1.87,1.27]
[-3.373,1.87,1.27]
[-3.373,1.87,1.27]
[-0.17325,1.87,1.27]
[3.0265,1.87,1.27]
[6.22625,1.87,1.27]
[9.426,1.87,1.27]
[12.6258,1.87,1.27]
[15.8255,1.87,1.27]
[19.0252,1.87,1.27]
[22.225,1.87,1.27]
[22.225,1.87,1.27]
[22.225,1.87,1.27]
[22.225,1.87,1.27]
[22.225,1.87,1.27]
[22.225,1.87,1.27]
[22.225,1.87,1.27]
[22.225,1.87,1.27]
[22.225,1.87,1.27]
[22.225,1.87,1.27]
[22.225,1.87,1.27]
[22.225,1.87,1.27]
[22.225,1.87,1.27]
[22.225,1.87,1.27]
[22.225,1.87,1.27]
[22.225,1.87,1.27]
[22.225,1.87,1.27]
[22.225,1.87,1.27]
[22.225,1.87,1.27]
[22.225,1.87,1.27]
[22.225,1.87,1.27]
[17.1054,1.87,1.27]
[11.9858,1.87,1.27]
[6.8662,1.87,1.27]
[1.7466,1.87,1.27]
[-3.373,1.87,1.27]
[0,-0,0]
[0,0,0]
[0,0,0]
[0,0,0]
[0,0,0]
[0,0,0]
[0,0,0]
[0,0,0]
[0,0,0]
[0,0,0]
[0,0,0]
[0,0,0]
[0,0,0]
[0,0,0]
[0,0,0]
[0,0,0]
[0,0,0]
[0,0,0]
[0,0,0]
[0,0,0]
[0,0,0]
[0,0,0]
[0,0,0]
[0,0,0]
[0,0,0]
[0,0,0]
[0,0,0]
[0,0,0]
[0,0,0]
[0,0,0]
[0,0,0]
[0,0,0]
[0,0,0]
[0,0,0]
[0,0,0]
[0,0,0]
[0,0,0]
[0,0,0]
[0,0,0]
[0,0,0]
[0,0,0]
[0,0,0]