32
5
[23.175,-4,-1.2]
[23.175,-4,-1.2]
[23.175,-4,-1.2]
[23.175,-4,-1.2]
[24.2597,-4,-1.2]
[25.3443,-4,-1.2]
[26.429,-4,-1.2]
[26.429,-4,-1.2]
[26.429,-4,-1.2]
[26.429,-4,-1.2]
[26.429,-4,-1.2]
[26.429,-4,-1.2]
[26.429,-4,-1.2]
[26.429,-4,-1.2]
[26.429,-4,-1.2]
[26.429,-4,-1.2]
[26.429,-4,-1.2]
[26.429,-4,-1.2]
[26.429,-4,-1.2]
[26.429,-4,-1.2]
[26.429,-4,-1.2]
[26.429,-4,-1.2]
[26.429,-4,-1.2]
[26.429,-4,-1.2]
[26.429,-4,-1.2]
[26.429,-4,-1.2]
[25.8867,-4,-1.2]
[25.3443,-4,-1.2]
[24.802,-4,-1.2]
[24.2597,-4,-1.2]
[23.7173,-4,-1.2]
[23.175,-4,-1.2]
[0,-0,0]
[0,0,0]
[0,0,0]
[0,0,0]
[0,0,0]
[0,0,0]
[0,0,0]
[0,0,0]
[0,0,0]
[0,0,0]
[0,0,0]
[0,0,0]
[0,0,0]
[0,0,0]
[0,0,0]
[0,0,0]
[0,0,0]
[0,0,0]
[0,0,0]
[0,0,0]
[0,0,0]
[0,0,0]
[0,0,0]
[0,0,0]
[0,0,0]
[0,0,0]
[0,0,0]
[0,0,0]
[0,0,0]
[0,0,0]
[0,0,0]
[0,0,0]