32
5
[32.175,-4,-1.2]
[32.175,-4,-1.2]
[32.175,-4,-1.2]
[32.175,-4,-1.2]
[31.0903,-4,-1.2]
[30.0057,-4,-1.2]
[28.921,-4,-1.2]
[28.921,-4,-1.2]
[28.921,-4,-1.2]
[28.921,-4,-1.2]
[28.921,-4,-1.2]
[28.921,-4,-1.2]
[28.921,-4,-1.2]
[28.921,-4,-1.2]
[28.921,-4,-1.2]
[28.921,-4,-1.2]
[28.921,-4,-1.2]
[28.921,-4,-1.2]
[28.921,-4,-1.2]
[28.921,-4,-1.2]
[28.921,-4,-1.2]
[28.921,-4,-1.2]
[28.921,-4,-1.2]
[28.921,-4,-1.2]
[28.921,-4,-1.2]
[28.921,-4,-1.2]
[29.4633,-4,-1.2]
[30.0057,-4,-1.2]
[30.548,-4,-1.2]
[31.0903,-4,-1.2]
[31.6327,-4,-1.2]
[32.175,-4,-1.2]
[0,-0,0]
[0,0,0]
[0,0,0]
[0,0,0]
[0,0,0]
[0,0,0]
[0,0,0]
[0,0,0]
[0,0,0]
[0,0,0]
[0,0,0]
[0,0,0]
[0,0,0]
[0,0,0]
[0,0,0]
[0,0,0]
[0,0,0]
[0,0,0]
[0,0,0]
[0,0,0]
[0,0,0]
[0,0,0]
[0,0,0]
[0,0,0]
[0,0,0]
[0,0,0]
[0,0,0]
[0,0,0]
[0,0,0]
[0,0,0]
[0,0,0]
[0,0,0]