42
5
[-0.65,-4.8,-17.1]
[-0.65,-4.8,-17.1]
[-0.65,-4.8,-17.1]
[-0.65,-4.8,-17.1]
[-0.65,-4.8,-17.1]
[-0.65,-4.8,-17.1]
[-0.65,-4.8,-17.1]
[-0.65,-4.8,-17.1]
[-0.65,-4.8,-17.1]
[-0.65,-4.8,-17.1]
[-0.65,-4.8,-17.1]
[-0.65,-4.8,-17.1]
[-0.65,-4.8,-17.1]
[-0.65,-4.8,-17.1]
[-0.65,-4.8,-17.1]
[-0.65,-4.8,-17.1]
[-0.65,-6.0988,-17.1]
[-0.65,-7.3976,-17.1]
[-0.65,-8.6964,-17.1]
[-0.65,-9.9952,-17.1]
[-0.65,-11.294,-17.1]
[-0.65,-11.294,-17.1]
[-0.65,-11.294,-17.1]
[-0.65,-11.294,-17.1]
[-0.65,-11.294,-17.1]
[-0.65,-11.294,-17.1]
[-0.65,-11.294,-17.1]
[-0.65,-11.294,-17.1]
[-0.65,-11.294,-17.1]
[-0.65,-9.6705,-17.1]
[-0.65,-8.047,-17.1]
[-0.65,-6.4235,-17.1]
[-0.65,-4.8,-17.1]
[-0.65,-4.8,-17.1]
[-0.65,-4.8,-17.1]
[-0.65,-4.8,-17.1]
[-0.65,-4.8,-17.1]
[-0.65,-4.8,-17.1]
[-0.65,-4.8,-17.1]
[-0.65,-4.8,-17.1]
[-0.65,-4.8,-17.1]
[-0.65,-4.8,-17.1]
[0,-0,0]
[0,0,0]
[0,0,0]
[0,0,0]
[0,0,0]
[0,0,0]
[0,0,0]
[0,0,0]
[0,0,0]
[0,0,0]
[0,0,0]
[0,0,0]
[0,0,0]
[0,0,0]
[0,0,0]
[0,0,0]
[0,0,0]
[0,0,0]
[0,0,0]
[0,0,0]
[0,0,0]
[0,0,0]
[0,0,0]
[0,0,0]
[0,0,0]
[0,0,0]
[0,0,0]
[0,0,0]
[0,0,0]
[0,0,0]
[0,0,0]
[0,0,0]
[0,0,0]
[0,0,0]
[0,0,0]
[0,0,0]
[0,0,0]
[0,0,0]
[0,0,0]
[0,0,0]
[0,0,0]
[0,0,0]