41
5
[-12.075,7.65,-7.588]
[-12.075,7.65,-7.588]
[-12.075,7.65,-7.588]
[-12.075,7.65,-7.588]
[-12.075,7.65,-7.588]
[-12.075,7.65,-7.588]
[-12.075,7.65,-7.588]
[-12.075,7.65,-7.588]
[-12.075,7.65,-7.588]
[-12.075,7.65,-7.588]
[-12.075,7.65,-7.588]
[-12.075,7.65,-7.588]
[-12.075,7.65,-7.588]
[-12.075,7.65,-7.588]
[-12.075,7.65,-7.588]
[-12.075,7.65,-7.588]
[-12.075,7.65,-8.1676]
[-12.075,7.65,-8.7472]
[-12.075,7.65,-9.3268]
[-12.075,7.65,-9.9064]
[-12.075,7.65,-10.486]
[-12.075,7.65,-10.486]
[-12.075,7.65,-10.486]
[-12.075,7.65,-10.486]
[-12.075,7.65,-10.486]
[-12.075,7.65,-10.486]
[-12.075,7.65,-10.486]
[-12.075,7.65,-10.486]
[-12.075,7.65,-10.486]
[-12.075,7.65,-10.486]
[-12.075,7.65,-10.486]
[-12.075,7.65,-10.486]
[-12.075,7.65,-10.486]
[-12.075,7.65,-10.486]
[-12.075,7.65,-10.486]
[-12.075,7.65,-10.486]
[-12.075,7.65,-9.9064]
[-12.075,7.65,-9.3268]
[-12.075,7.65,-8.7472]
[-12.075,7.65,-8.1676]
[-12.075,7.65,-7.588]
[0,-0,0]
[0,0,0]
[0,0,0]
[0,0,0]
[0,0,0]
[0,0,0]
[0,0,0]
[0,0,0]
[0,0,0]
[0,0,0]
[0,0,0]
[0,0,0]
[0,0,0]
[0,0,0]
[0,0,0]
[0,0,0]
[0,0,0]
[0,0,0]
[0,0,0]
[0,0,0]
[0,0,0]
[0,0,0]
[0,0,0]
[0,0,0]
[0,0,0]
[0,0,0]
[0,0,0]
[0,0,0]
[0,0,0]
[0,0,0]
[0,0,0]
[0,0,0]
[0,0,0]
[0,0,0]
[0,0,0]
[0,0,0]
[0,0,0]
[0,0,0]
[0,0,0]
[0,0,0]
[0,0,0]