41
5
[1.795,36.9,2.663]
[1.795,36.9,2.663]
[1.795,36.9,2.663]
[1.795,36.9,2.663]
[1.795,36.9,2.663]
[1.795,36.9,2.663]
[1.795,36.9,2.663]
[1.795,36.9,2.663]
[1.795,36.9,2.663]
[1.795,36.9,2.663]
[1.795,36.9,2.663]
[5.694,36.9,2.663]
[9.593,36.9,2.663]
[13.492,36.9,2.663]
[17.391,36.9,2.663]
[21.29,36.9,2.663]
[21.29,36.9,2.663]
[21.29,36.9,2.663]
[21.29,36.9,2.663]
[21.29,36.9,2.663]
[21.29,36.9,2.663]
[21.29,36.9,2.663]
[21.29,36.9,2.663]
[21.29,36.9,2.663]
[21.29,36.9,2.663]
[21.29,36.9,2.663]
[21.29,36.9,2.663]
[21.29,36.9,2.663]
[21.29,36.9,2.663]
[21.29,36.9,2.663]
[21.29,36.9,2.663]
[21.29,36.9,2.663]
[21.29,36.9,2.663]
[21.29,36.9,2.663]
[21.29,36.9,2.663]
[21.29,36.9,2.663]
[17.391,36.9,2.663]
[13.492,36.9,2.663]
[9.593,36.9,2.663]
[5.694,36.9,2.663]
[1.795,36.9,2.663]
[0,-0,0]
[0,0,0]
[0,0,0]
[0,0,0]
[0,0,0]
[0,0,0]
[0,0,0]
[0,0,0]
[0,0,0]
[0,0,0]
[0,0,0]
[0,0,0]
[0,0,0]
[0,0,0]
[0,0,0]
[0,0,0]
[0,0,0]
[0,0,0]
[0,0,0]
[0,0,0]
[0,0,0]
[0,0,0]
[0,0,0]
[0,0,0]
[0,0,0]
[0,0,0]
[0,0,0]
[0,0,0]
[0,0,0]
[0,0,0]
[0,0,0]
[0,0,0]
[0,0,0]
[0,0,0]
[0,0,0]
[0,0,0]
[0,0,0]
[0,0,0]
[0,0,0]
[0,0,0]
[0,0,0]