42
5
[-0.65,-4.72,-17.1]
[-0.65,-4.72,-17.1]
[-0.65,-4.72,-17.1]
[-0.65,-4.72,-17.1]
[-0.65,-4.72,-17.1]
[-0.65,-4.72,-17.1]
[-0.65,-4.72,-17.1]
[-0.65,-4.72,-17.1]
[-0.65,-4.72,-17.1]
[-0.65,-4.72,-17.1]
[-0.65,-4.72,-17.1]
[-0.65,-4.72,-17.1]
[-0.65,-4.72,-17.1]
[-0.65,-4.72,-17.1]
[-0.65,-4.72,-17.1]
[-0.65,-4.72,-17.1]
[-0.65,-6.0916,-17.1]
[-0.65,-7.4632,-17.1]
[-0.65,-8.8348,-17.1]
[-0.65,-10.2064,-17.1]
[-0.65,-11.578,-17.1]
[-0.65,-11.578,-17.1]
[-0.65,-11.578,-17.1]
[-0.65,-11.578,-17.1]
[-0.65,-11.578,-17.1]
[-0.65,-11.578,-17.1]
[-0.65,-11.578,-17.1]
[-0.65,-11.578,-17.1]
[-0.65,-11.578,-17.1]
[-0.65,-9.8635,-17.1]
[-0.65,-8.149,-17.1]
[-0.65,-6.4345,-17.1]
[-0.65,-4.72,-17.1]
[-0.65,-4.72,-17.1]
[-0.65,-4.72,-17.1]
[-0.65,-4.72,-17.1]
[-0.65,-4.72,-17.1]
[-0.65,-4.72,-17.1]
[-0.65,-4.72,-17.1]
[-0.65,-4.72,-17.1]
[-0.65,-4.72,-17.1]
[-0.65,-4.72,-17.1]
[0,-0,0]
[0,0,0]
[0,0,0]
[0,0,0]
[0,0,0]
[0,0,0]
[0,0,0]
[0,0,0]
[0,0,0]
[0,0,0]
[0,0,0]
[0,0,0]
[0,0,0]
[0,0,0]
[0,0,0]
[0,0,0]
[0,0,0]
[0,0,0]
[0,0,0]
[0,0,0]
[0,0,0]
[0,0,0]
[0,0,0]
[0,0,0]
[0,0,0]
[0,0,0]
[0,0,0]
[0,0,0]
[0,0,0]
[0,0,0]
[0,0,0]
[0,0,0]
[0,0,0]
[0,0,0]
[0,0,0]
[0,0,0]
[0,0,0]
[0,0,0]
[0,0,0]
[0,0,0]
[0,0,0]
[0,0,0]