39
5
[-0.65,-3.4,-17.1]
[-0.65,-3.4,-17.1]
[-0.65,-3.4,-17.1]
[-0.65,-3.4,-17.1]
[-0.65,-3.4,-17.1]
[-0.65,-3.4,-17.1]
[-0.65,-3.4,-17.1]
[-0.65,-3.4,-17.1]
[-0.65,-3.4,-17.1]
[-0.65,-3.4,-17.1]
[-0.65,-3.4,-17.1]
[-0.65,-3.4,-17.1]
[-0.65,-3.4,-17.1]
[-0.65,-3.4,-17.1]
[-0.65,-4.90367,-17.1]
[-0.65,-6.40733,-17.1]
[-0.65,-7.911,-17.1]
[-0.65,-9.41467,-17.1]
[-0.65,-10.9183,-17.1]
[-0.65,-12.422,-17.1]
[-0.65,-12.422,-17.1]
[-0.65,-12.422,-17.1]
[-0.65,-12.422,-17.1]
[-0.65,-12.422,-17.1]
[-0.65,-12.422,-17.1]
[-0.65,-12.422,-17.1]
[-0.65,-12.422,-17.1]
[-0.65,-12.422,-17.1]
[-0.65,-12.422,-17.1]
[-0.65,-10.6176,-17.1]
[-0.65,-8.8132,-17.1]
[-0.65,-7.0088,-17.1]
[-0.65,-5.2044,-17.1]
[-0.65,-3.4,-17.1]
[-0.65,-3.4,-17.1]
[-0.65,-3.4,-17.1]
[-0.65,-3.4,-17.1]
[-0.65,-3.4,-17.1]
[-0.65,-3.4,-17.1]
[0,-0,0]
[0,0,0]
[0,0,0]
[0,0,0]
[0,0,0]
[0,0,0]
[0,0,0]
[0,0,0]
[0,0,0]
[0,0,0]
[0,0,0]
[0,0,0]
[0,0,0]
[0,0,0]
[0,0,0]
[0,0,0]
[0,0,0]
[0,0,0]
[0,0,0]
[0,0,0]
[0,0,0]
[0,0,0]
[0,0,0]
[0,0,0]
[0,0,0]
[0,0,0]
[0,0,0]
[0,0,0]
[0,0,0]
[0,0,0]
[0,0,0]
[0,0,0]
[0,0,0]
[0,0,0]
[0,0,0]
[0,0,0]
[0,0,0]
[0,0,0]
[0,0,0]