43
5
[-0.65,-5.17,-17.1]
[-0.65,-5.17,-17.1]
[-0.65,-5.17,-17.1]
[-0.65,-5.17,-17.1]
[-0.65,-5.17,-17.1]
[-0.65,-5.17,-17.1]
[-0.65,-5.17,-17.1]
[-0.65,-5.17,-17.1]
[-0.65,-5.17,-17.1]
[-0.65,-5.17,-17.1]
[-0.65,-5.17,-17.1]
[-0.65,-4.26333,-17.1]
[-0.65,-3.35667,-17.1]
[-0.65,-2.45,-17.1]
[-0.65,-3.16692,-17.1]
[-0.65,-3.88385,-17.1]
[-0.65,-4.60077,-17.1]
[-0.65,-5.31769,-17.1]
[-0.65,-6.03462,-17.1]
[-0.65,-6.75154,-17.1]
[-0.65,-7.46846,-17.1]
[-0.65,-8.18538,-17.1]
[-0.65,-8.90231,-17.1]
[-0.65,-9.61923,-17.1]
[-0.65,-10.3362,-17.1]
[-0.65,-11.0531,-17.1]
[-0.65,-11.77,-17.1]
[-0.65,-11.77,-17.1]
[-0.65,-11.77,-17.1]
[-0.65,-11.77,-17.1]
[-0.65,-11.77,-17.1]
[-0.65,-11.77,-17.1]
[-0.65,-11.77,-17.1]
[-0.65,-11.77,-17.1]
[-0.65,-11.77,-17.1]
[-0.65,-9.906,-17.1]
[-0.65,-8.042,-17.1]
[-0.65,-6.178,-17.1]
[-0.65,-4.314,-17.1]
[-0.65,-2.45,-17.1]
[-0.65,-3.35667,-17.1]
[-0.65,-4.26333,-17.1]
[-0.65,-5.17,-17.1]
[0,-0,0]
[0,0,0]
[0,0,0]
[0,0,0]
[0,0,0]
[0,0,0]
[0,0,0]
[0,0,0]
[0,0,0]
[0,0,0]
[0,0,0]
[0,0,0]
[0,0,0]
[0,0,0]
[0,0,0]
[0,0,0]
[0,0,0]
[0,0,0]
[0,0,0]
[0,0,0]
[0,0,0]
[0,0,0]
[0,0,0]
[0,0,0]
[0,0,0]
[0,0,0]
[0,0,0]
[0,0,0]
[0,0,0]
[0,0,0]
[0,0,0]
[0,0,0]
[0,0,0]
[0,0,0]
[0,0,0]
[0,0,0]
[0,0,0]
[0,0,0]
[0,0,0]
[0,0,0]
[0,0,0]
[0,0,0]
[0,0,0]