42
5
[1.45,-4,-3.8]
[1.45,-4,-3.8]
[1.45,-4,-3.8]
[1.45,-4,-3.8]
[1.45,-4,-3.8]
[1.45,-4,-3.8]
[1.45,-4,-3.68333]
[1.45,-4,-3.56667]
[1.45,-4,-3.45]
[1.45,-4,-3.45]
[1.45,-4,-3.45]
[1.45,-4,-3.45]
[1.45,-4,-3.45]
[1.45,-4,-3.45]
[1.45,-4,-3.45]
[1.45,-4,-3.45]
[1.45,-4,-3.45]
[1.45,-4,-3.45]
[1.45,-4,-3.45]
[1.45,-4,-3.45]
[1.45,-4,-3.45]
[1.45,-4,-3.45]
[1.45,-4,-3.45]
[1.45,-4,-3.45]
[1.45,-4,-3.45]
[1.45,-4,-3.45]
[1.45,-4,-3.45]
[1.45,-4,-3.45]
[1.45,-4,-3.45]
[1.45,-4,-3.45]
[1.45,-4,-3.45]
[1.45,-4,-3.45]
[1.45,-4,-3.52]
[1.45,-4,-3.59]
[1.45,-4,-3.66]
[1.45,-4,-3.73]
[1.45,-4,-3.8]
[1.45,-4,-3.8]
[1.45,-4,-3.8]
[1.45,-4,-3.8]
[1.45,-4,-3.8]
[1.45,-4,-3.8]
[0,-0,0]
[0,0,0]
[0,0,0]
[0,0,0]
[0,0,0]
[0,0,0]
[0,0,0]
[0,0,0]
[0,0,0]
[0,0,0]
[0,0,0]
[0,0,0]
[0,0,0]
[0,0,0]
[0,0,0]
[0,0,0]
[0,0,0]
[0,0,0]
[0,0,0]
[0,0,0]
[0,0,0]
[0,0,0]
[0,0,0]
[0,0,0]
[0,0,0]
[0,0,0]
[0,0,0]
[0,0,0]
[0,0,0]
[0,0,0]
[0,0,0]
[0,0,0]
[0,0,0]
[0,0,0]
[0,0,0]
[0,0,0]
[0,0,0]
[0,0,0]
[0,0,0]
[0,0,0]
[0,0,0]
[0,0,0]