41
5
[1.45,-4,-3.3]
[1.45,-4,-3.3]
[1.45,-4,-3.3]
[1.45,-4,-3.3]
[1.45,-4,-3.3]
[1.45,-4,-3.3]
[1.45,-4,-3.274]
[1.45,-4,-3.248]
[1.45,-4,-3.222]
[1.45,-4,-3.196]
[1.45,-4,-3.17]
[1.45,-4,-3.17]
[1.45,-4,-3.17]
[1.45,-4,-3.17]
[1.45,-4,-3.17]
[1.45,-4,-3.17]
[1.45,-4,-3.17]
[1.45,-4,-3.17]
[1.45,-4,-3.17]
[1.45,-4,-3.17]
[1.45,-4,-3.17]
[1.45,-4,-3.17]
[1.45,-4,-3.17]
[1.45,-4,-3.17]
[1.45,-4,-3.17]
[1.45,-4,-3.17]
[1.45,-4,-3.17]
[1.45,-4,-3.17]
[1.45,-4,-3.17]
[1.45,-4,-3.17]
[1.45,-4,-3.17]
[1.45,-4,-3.196]
[1.45,-4,-3.222]
[1.45,-4,-3.248]
[1.45,-4,-3.274]
[1.45,-4,-3.3]
[1.45,-4,-3.3]
[1.45,-4,-3.3]
[1.45,-4,-3.3]
[1.45,-4,-3.3]
[1.45,-4,-3.3]
[0,-0,0]
[0,0,0]
[0,0,0]
[0,0,0]
[0,0,0]
[0,0,0]
[0,0,0]
[0,0,0]
[0,0,0]
[0,0,0]
[0,0,0]
[0,0,0]
[0,0,0]
[0,0,0]
[0,0,0]
[0,0,0]
[0,0,0]
[0,0,0]
[0,0,0]
[0,0,0]
[0,0,0]
[0,0,0]
[0,0,0]
[0,0,0]
[0,0,0]
[0,0,0]
[0,0,0]
[0,0,0]
[0,0,0]
[0,0,0]
[0,0,0]
[0,0,0]
[0,0,0]
[0,0,0]
[0,0,0]
[0,0,0]
[0,0,0]
[0,0,0]
[0,0,0]
[0,0,0]
[0,0,0]