42
5
[1.795,36.9,2.663]
[1.795,36.9,2.663]
[1.795,36.9,2.663]
[1.795,36.9,2.663]
[1.795,36.9,2.663]
[1.795,36.9,2.663]
[1.795,36.9,2.663]
[1.795,36.9,2.663]
[1.795,36.9,2.663]
[5.696,36.9,2.663]
[9.597,36.9,2.663]
[13.498,36.9,2.663]
[17.399,36.9,2.663]
[21.3,36.9,2.663]
[21.3,36.9,2.663]
[21.3,36.9,2.663]
[21.3,36.9,2.663]
[21.3,36.9,2.663]
[21.3,36.9,2.663]
[21.3,36.9,2.663]
[21.3,36.9,2.663]
[21.3,36.9,2.663]
[21.3,36.9,2.663]
[21.3,36.9,2.663]
[21.3,36.9,2.663]
[21.3,36.9,2.663]
[21.3,36.9,2.663]
[21.3,36.9,2.663]
[21.3,36.9,2.663]
[21.3,36.9,2.663]
[21.3,36.9,2.663]
[21.3,36.9,2.663]
[21.3,36.9,2.663]
[21.3,36.9,2.663]
[21.3,36.9,2.663]
[21.3,36.9,2.663]
[21.3,36.9,2.663]
[17.399,36.9,2.663]
[13.498,36.9,2.663]
[9.597,36.9,2.663]
[5.696,36.9,2.663]
[1.795,36.9,2.663]
[0,-0,0]
[0,0,0]
[0,0,0]
[0,0,0]
[0,0,0]
[0,0,0]
[0,0,0]
[0,0,0]
[0,0,0]
[0,0,0]
[0,0,0]
[0,0,0]
[0,0,0]
[0,0,0]
[0,0,0]
[0,0,0]
[0,0,0]
[0,0,0]
[0,0,0]
[0,0,0]
[0,0,0]
[0,0,0]
[0,0,0]
[0,0,0]
[0,0,0]
[0,0,0]
[0,0,0]
[0,0,0]
[0,0,0]
[0,0,0]
[0,0,0]
[0,0,0]
[0,0,0]
[0,0,0]
[0,0,0]
[0,0,0]
[0,0,0]
[0,0,0]
[0,0,0]
[0,0,0]
[0,0,0]
[0,0,0]