41
5
[-12.075,7.65,-7.588]
[-12.075,7.65,-7.588]
[-12.075,7.65,-7.588]
[-12.075,7.65,-7.588]
[-12.075,7.65,-7.588]
[-12.075,7.65,-7.588]
[-12.075,7.65,-7.588]
[-12.075,7.65,-7.588]
[-12.075,7.65,-7.588]
[-12.075,7.65,-7.588]
[-12.075,7.65,-7.588]
[-12.075,7.65,-7.588]
[-12.075,7.65,-7.588]
[-12.075,7.65,-7.588]
[-12.075,7.65,-7.588]
[-12.075,7.65,-7.588]
[-12.075,7.65,-6.7778]
[-12.075,7.65,-5.9676]
[-12.075,7.65,-5.1574]
[-12.075,7.65,-4.3472]
[-12.075,7.65,-3.537]
[-12.075,7.65,-3.537]
[-12.075,7.65,-3.537]
[-12.075,7.65,-3.537]
[-12.075,7.65,-3.537]
[-12.075,7.65,-3.537]
[-12.075,7.65,-3.9932]
[-12.075,7.65,-4.4494]
[-12.075,7.65,-4.9056]
[-12.075,7.65,-5.3618]
[-12.075,7.65,-5.818]
[-12.075,7.65,-5.818]
[-12.075,7.65,-5.818]
[-12.075,7.65,-5.818]
[-12.075,7.65,-5.818]
[-12.075,7.65,-5.818]
[-12.075,7.65,-6.172]
[-12.075,7.65,-6.526]
[-12.075,7.65,-6.88]
[-12.075,7.65,-7.234]
[-12.075,7.65,-7.588]
[0,-0,0]
[0,0,0]
[0,0,0]
[0,0,0]
[0,0,0]
[0,0,0]
[0,0,0]
[0,0,0]
[0,0,0]
[0,0,0]
[0,0,0]
[0,0,0]
[0,0,0]
[0,0,0]
[0,0,0]
[0,0,0]
[0,0,0]
[0,0,0]
[0,0,0]
[0,0,0]
[0,0,0]
[0,0,0]
[0,0,0]
[0,0,0]
[0,0,0]
[0,0,0]
[0,0,0]
[0,0,0]
[0,0,0]
[0,0,0]
[0,0,0]
[0,0,0]
[0,0,0]
[0,0,0]
[0,0,0]
[0,0,0]
[0,0,0]
[0,0,0]
[0,0,0]
[0,0,0]
[0,0,0]