41
5
[1.45,-4,2.2]
[1.45,-4,2.2]
[1.45,-4,2.2]
[1.45,-4,2.2]
[1.45,-4,2.2]
[1.45,-4,2.2]
[1.45,-4,1.96]
[1.45,-4,1.72]
[1.45,-4,1.48]
[1.45,-4,1.24]
[1.45,-4,1]
[1.45,-4,1]
[1.45,-4,1]
[1.45,-4,1]
[1.45,-4,1]
[1.45,-4,1]
[1.45,-4,1]
[1.45,-4,1]
[1.45,-4,1]
[1.45,-4,1]
[1.45,-4,1]
[1.45,-4,1]
[1.45,-4,1]
[1.45,-4,1]
[1.45,-4,1]
[1.45,-4,1]
[1.45,-4,1]
[1.45,-4,1]
[1.45,-4,1]
[1.45,-4,1]
[1.45,-4,1]
[1.45,-4,1.24]
[1.45,-4,1.48]
[1.45,-4,1.72]
[1.45,-4,1.96]
[1.45,-4,2.2]
[1.45,-4,2.2]
[1.45,-4,2.2]
[1.45,-4,2.2]
[1.45,-4,2.2]
[1.45,-4,2.2]
[0,-0,0]
[0,0,0]
[0,0,0]
[0,0,0]
[0,0,0]
[0,0,0]
[0,0,0]
[0,0,0]
[0,0,0]
[0,0,0]
[0,0,0]
[0,0,0]
[0,0,0]
[0,0,0]
[0,0,0]
[0,0,0]
[0,0,0]
[0,0,0]
[0,0,0]
[0,0,0]
[0,0,0]
[0,0,0]
[0,0,0]
[0,0,0]
[0,0,0]
[0,0,0]
[0,0,0]
[0,0,0]
[0,0,0]
[0,0,0]
[0,0,0]
[0,0,0]
[0,0,0]
[0,0,0]
[0,0,0]
[0,0,0]
[0,0,0]
[0,0,0]
[0,0,0]
[0,0,0]
[0,0,0]