41
5
[1.45,-4,2.8]
[1.45,-4,2.8]
[1.45,-4,2.8]
[1.45,-4,2.8]
[1.45,-4,2.8]
[1.45,-4,2.8]
[1.45,-4,2.54]
[1.45,-4,2.28]
[1.45,-4,2.02]
[1.45,-4,1.76]
[1.45,-4,1.5]
[1.45,-4,1.5]
[1.45,-4,1.5]
[1.45,-4,1.5]
[1.45,-4,1.5]
[1.45,-4,1.5]
[1.45,-4,1.5]
[1.45,-4,1.5]
[1.45,-4,1.5]
[1.45,-4,1.5]
[1.45,-4,1.5]
[1.45,-4,1.5]
[1.45,-4,1.5]
[1.45,-4,1.5]
[1.45,-4,1.5]
[1.45,-4,1.5]
[1.45,-4,1.5]
[1.45,-4,1.5]
[1.45,-4,1.5]
[1.45,-4,1.5]
[1.45,-4,1.5]
[1.45,-4,1.76]
[1.45,-4,2.02]
[1.45,-4,2.28]
[1.45,-4,2.54]
[1.45,-4,2.8]
[1.45,-4,2.8]
[1.45,-4,2.8]
[1.45,-4,2.8]
[1.45,-4,2.8]
[1.45,-4,2.8]
[0,-0,0]
[0,0,0]
[0,0,0]
[0,0,0]
[0,0,0]
[0,0,0]
[0,0,0]
[0,0,0]
[0,0,0]
[0,0,0]
[0,0,0]
[0,0,0]
[0,0,0]
[0,0,0]
[0,0,0]
[0,0,0]
[0,0,0]
[0,0,0]
[0,0,0]
[0,0,0]
[0,0,0]
[0,0,0]
[0,0,0]
[0,0,0]
[0,0,0]
[0,0,0]
[0,0,0]
[0,0,0]
[0,0,0]
[0,0,0]
[0,0,0]
[0,0,0]
[0,0,0]
[0,0,0]
[0,0,0]
[0,0,0]
[0,0,0]
[0,0,0]
[0,0,0]
[0,0,0]
[0,0,0]