41
5
[1.45,-4,2.8]
[1.45,-4,2.8]
[1.45,-4,2.8]
[1.45,-4,2.8]
[1.45,-4,2.8]
[1.45,-4,2.8]
[1.45,-4,2.784]
[1.45,-4,2.768]
[1.45,-4,2.752]
[1.45,-4,2.736]
[1.45,-4,2.72]
[1.45,-4,2.72]
[1.45,-4,2.72]
[1.45,-4,2.72]
[1.45,-4,2.72]
[1.45,-4,2.72]
[1.45,-4,2.72]
[1.45,-4,2.72]
[1.45,-4,2.72]
[1.45,-4,2.72]
[1.45,-4,2.72]
[1.45,-4,2.72]
[1.45,-4,2.72]
[1.45,-4,2.72]
[1.45,-4,2.72]
[1.45,-4,2.72]
[1.45,-4,2.72]
[1.45,-4,2.72]
[1.45,-4,2.72]
[1.45,-4,2.72]
[1.45,-4,2.72]
[1.45,-4,2.736]
[1.45,-4,2.752]
[1.45,-4,2.768]
[1.45,-4,2.784]
[1.45,-4,2.8]
[1.45,-4,2.8]
[1.45,-4,2.8]
[1.45,-4,2.8]
[1.45,-4,2.8]
[1.45,-4,2.8]
[0,-0,0]
[0,0,0]
[0,0,0]
[0,0,0]
[0,0,0]
[0,0,0]
[0,0,0]
[0,0,0]
[0,0,0]
[0,0,0]
[0,0,0]
[0,0,0]
[0,0,0]
[0,0,0]
[0,0,0]
[0,0,0]
[0,0,0]
[0,0,0]
[0,0,0]
[0,0,0]
[0,0,0]
[0,0,0]
[0,0,0]
[0,0,0]
[0,0,0]
[0,0,0]
[0,0,0]
[0,0,0]
[0,0,0]
[0,0,0]
[0,0,0]
[0,0,0]
[0,0,0]
[0,0,0]
[0,0,0]
[0,0,0]
[0,0,0]
[0,0,0]
[0,0,0]
[0,0,0]
[0,0,0]