42
5
[1.45,-4,1.6]
[1.45,-4,1.6]
[1.45,-4,1.6]
[1.45,-4,1.6]
[1.45,-4,1.6]
[1.45,-4,1.6]
[1.45,-4,1.2]
[1.45,-4,0.8]
[1.45,-4,0.4]
[1.45,-4,0.4]
[1.45,-4,0.4]
[1.45,-4,0.4]
[1.45,-4,0.4]
[1.45,-4,0.4]
[1.45,-4,0.4]
[1.45,-4,0.4]
[1.45,-4,0.4]
[1.45,-4,0.4]
[1.45,-4,0.4]
[1.45,-4,0.4]
[1.45,-4,0.4]
[1.45,-4,0.4]
[1.45,-4,0.4]
[1.45,-4,0.4]
[1.45,-4,0.4]
[1.45,-4,0.4]
[1.45,-4,0.4]
[1.45,-4,0.4]
[1.45,-4,0.4]
[1.45,-4,0.4]
[1.45,-4,0.4]
[1.45,-4,0.4]
[1.45,-4,0.64]
[1.45,-4,0.88]
[1.45,-4,1.12]
[1.45,-4,1.36]
[1.45,-4,1.6]
[1.45,-4,1.6]
[1.45,-4,1.6]
[1.45,-4,1.6]
[1.45,-4,1.6]
[1.45,-4,1.6]
[0,-0,0]
[0,0,0]
[0,0,0]
[0,0,0]
[0,0,0]
[0,0,0]
[0,0,0]
[0,0,0]
[0,0,0]
[0,0,0]
[0,0,0]
[0,0,0]
[0,0,0]
[0,0,0]
[0,0,0]
[0,0,0]
[0,0,0]
[0,0,0]
[0,0,0]
[0,0,0]
[0,0,0]
[0,0,0]
[0,0,0]
[0,0,0]
[0,0,0]
[0,0,0]
[0,0,0]
[0,0,0]
[0,0,0]
[0,0,0]
[0,0,0]
[0,0,0]
[0,0,0]
[0,0,0]
[0,0,0]
[0,0,0]
[0,0,0]
[0,0,0]
[0,0,0]
[0,0,0]
[0,0,0]
[0,0,0]