42
5
[-12.075,7.65,-7.588]
[-12.075,7.65,-7.588]
[-12.075,7.65,-7.588]
[-12.075,7.65,-7.588]
[-12.075,7.65,-7.588]
[-12.075,7.65,-7.588]
[-12.075,7.65,-7.588]
[-12.075,7.65,-7.588]
[-12.075,7.65,-7.588]
[-12.075,7.65,-7.588]
[-12.075,7.65,-7.588]
[-12.075,7.65,-8.63733]
[-12.075,7.65,-9.68667]
[-12.075,7.65,-10.736]
[-12.075,7.65,-10.736]
[-12.075,7.65,-10.736]
[-12.075,7.65,-10.736]
[-12.075,7.65,-10.736]
[-12.075,7.65,-10.736]
[-12.075,7.65,-10.736]
[-12.075,7.65,-10.736]
[-12.075,7.65,-10.736]
[-12.075,7.65,-10.736]
[-12.075,7.65,-10.736]
[-12.075,7.65,-10.736]
[-12.075,7.65,-10.736]
[-12.075,7.65,-10.736]
[-12.075,7.65,-10.736]
[-12.075,7.65,-10.736]
[-12.075,7.65,-10.736]
[-12.075,7.65,-10.736]
[-12.075,7.65,-10.736]
[-12.075,7.65,-10.736]
[-12.075,7.65,-10.736]
[-12.075,7.65,-10.736]
[-12.075,7.65,-10.736]
[-12.075,7.65,-10.736]
[-12.075,7.65,-10.1064]
[-12.075,7.65,-9.4768]
[-12.075,7.65,-8.8472]
[-12.075,7.65,-8.2176]
[-12.075,7.65,-7.588]
[0,-0,0]
[0,0,0]
[0,0,0]
[0,0,0]
[0,0,0]
[0,0,0]
[0,0,0]
[0,0,0]
[0,0,0]
[0,0,0]
[0,0,0]
[0,0,0]
[0,0,0]
[0,0,0]
[0,0,0]
[0,0,0]
[0,0,0]
[0,0,0]
[0,0,0]
[0,0,0]
[0,0,0]
[0,0,0]
[0,0,0]
[0,0,0]
[0,0,0]
[0,0,0]
[0,0,0]
[0,0,0]
[0,0,0]
[0,0,0]
[0,0,0]
[0,0,0]
[0,0,0]
[0,0,0]
[0,0,0]
[0,0,0]
[0,0,0]
[0,0,0]
[0,0,0]
[0,0,0]
[0,0,0]
[0,0,0]