41
5
[-12.075,7.65,-7.588]
[-12.075,7.65,-7.588]
[-12.075,7.65,-7.588]
[-12.075,7.65,-7.588]
[-12.075,7.65,-7.588]
[-12.075,7.65,-7.588]
[-12.075,7.65,-7.588]
[-12.075,7.65,-7.588]
[-12.075,7.65,-7.588]
[-12.075,7.65,-7.588]
[-12.075,7.65,-7.588]
[-12.075,7.65,-7.588]
[-12.075,7.65,-7.588]
[-12.075,7.65,-7.588]
[-12.075,7.65,-7.588]
[-12.075,7.65,-7.588]
[-12.075,7.65,-8.3026]
[-12.075,7.65,-9.0172]
[-12.075,7.65,-9.7318]
[-12.075,7.65,-10.4464]
[-12.075,7.65,-11.161]
[-12.075,7.65,-11.161]
[-12.075,7.65,-11.161]
[-12.075,7.65,-11.161]
[-12.075,7.65,-11.161]
[-12.075,7.65,-11.161]
[-12.075,7.65,-11.161]
[-12.075,7.65,-11.161]
[-12.075,7.65,-11.161]
[-12.075,7.65,-11.161]
[-12.075,7.65,-11.161]
[-12.075,7.65,-11.161]
[-12.075,7.65,-11.161]
[-12.075,7.65,-11.161]
[-12.075,7.65,-11.161]
[-12.075,7.65,-11.161]
[-12.075,7.65,-10.4464]
[-12.075,7.65,-9.7318]
[-12.075,7.65,-9.0172]
[-12.075,7.65,-8.3026]
[-12.075,7.65,-7.588]
[0,-0,0]
[0,0,0]
[0,0,0]
[0,0,0]
[0,0,0]
[0,0,0]
[0,0,0]
[0,0,0]
[0,0,0]
[0,0,0]
[0,0,0]
[0,0,0]
[0,0,0]
[0,0,0]
[0,0,0]
[0,0,0]
[0,0,0]
[0,0,0]
[0,0,0]
[0,0,0]
[0,0,0]
[0,0,0]
[0,0,0]
[0,0,0]
[0,0,0]
[0,0,0]
[0,0,0]
[0,0,0]
[0,0,0]
[0,0,0]
[0,0,0]
[0,0,0]
[0,0,0]
[0,0,0]
[0,0,0]
[0,0,0]
[0,0,0]
[0,0,0]
[0,0,0]
[0,0,0]
[0,0,0]