42
5
[-0.65,-5.12,-17.1]
[-0.65,-5.12,-17.1]
[-0.65,-5.12,-17.1]
[-0.65,-5.12,-17.1]
[-0.65,-5.12,-17.1]
[-0.65,-5.12,-17.1]
[-0.65,-5.12,-17.1]
[-0.65,-5.12,-17.1]
[-0.65,-5.12,-17.1]
[-0.65,-5.12,-17.1]
[-0.65,-5.12,-17.1]
[-0.65,-5.12,-17.1]
[-0.65,-5.12,-17.1]
[-0.65,-5.12,-17.1]
[-0.65,-5.12,-17.1]
[-0.65,-5.12,-17.1]
[-0.65,-6.501,-17.1]
[-0.65,-7.882,-17.1]
[-0.65,-9.263,-17.1]
[-0.65,-10.644,-17.1]
[-0.65,-12.025,-17.1]
[-0.65,-12.025,-17.1]
[-0.65,-12.025,-17.1]
[-0.65,-12.025,-17.1]
[-0.65,-12.025,-17.1]
[-0.65,-12.025,-17.1]
[-0.65,-12.025,-17.1]
[-0.65,-12.025,-17.1]
[-0.65,-12.025,-17.1]
[-0.65,-10.2988,-17.1]
[-0.65,-8.5725,-17.1]
[-0.65,-6.84625,-17.1]
[-0.65,-5.12,-17.1]
[-0.65,-5.12,-17.1]
[-0.65,-5.12,-17.1]
[-0.65,-5.12,-17.1]
[-0.65,-5.12,-17.1]
[-0.65,-5.12,-17.1]
[-0.65,-5.12,-17.1]
[-0.65,-5.12,-17.1]
[-0.65,-5.12,-17.1]
[-0.65,-5.12,-17.1]
[0,-0,0]
[0,0,0]
[0,0,0]
[0,0,0]
[0,0,0]
[0,0,0]
[0,0,0]
[0,0,0]
[0,0,0]
[0,0,0]
[0,0,0]
[0,0,0]
[0,0,0]
[0,0,0]
[0,0,0]
[0,0,0]
[0,0,0]
[0,0,0]
[0,0,0]
[0,0,0]
[0,0,0]
[0,0,0]
[0,0,0]
[0,0,0]
[0,0,0]
[0,0,0]
[0,0,0]
[0,0,0]
[0,0,0]
[0,0,0]
[0,0,0]
[0,0,0]
[0,0,0]
[0,0,0]
[0,0,0]
[0,0,0]
[0,0,0]
[0,0,0]
[0,0,0]
[0,0,0]
[0,0,0]
[0,0,0]