41
5
[1.45,-4,2.8]
[1.45,-4,2.8]
[1.45,-4,2.8]
[1.45,-4,2.8]
[1.45,-4,2.8]
[1.45,-4,2.8]
[1.45,-4,2.39]
[1.45,-4,1.98]
[1.45,-4,1.57]
[1.45,-4,1.16]
[1.45,-4,0.75]
[1.45,-4,0.75]
[1.45,-4,0.75]
[1.45,-4,0.75]
[1.45,-4,0.75]
[1.45,-4,0.75]
[1.45,-4,0.75]
[1.45,-4,0.75]
[1.45,-4,0.75]
[1.45,-4,0.75]
[1.45,-4,0.75]
[1.45,-4,0.75]
[1.45,-4,0.75]
[1.45,-4,0.75]
[1.45,-4,0.75]
[1.45,-4,0.75]
[1.45,-4,0.75]
[1.45,-4,0.75]
[1.45,-4,0.75]
[1.45,-4,0.75]
[1.45,-4,0.75]
[1.45,-4,1.16]
[1.45,-4,1.57]
[1.45,-4,1.98]
[1.45,-4,2.39]
[1.45,-4,2.8]
[1.45,-4,2.8]
[1.45,-4,2.8]
[1.45,-4,2.8]
[1.45,-4,2.8]
[1.45,-4,2.8]
[0,-0,0]
[0,0,0]
[0,0,0]
[0,0,0]
[0,0,0]
[0,0,0]
[0,0,0]
[0,0,0]
[0,0,0]
[0,0,0]
[0,0,0]
[0,0,0]
[0,0,0]
[0,0,0]
[0,0,0]
[0,0,0]
[0,0,0]
[0,0,0]
[0,0,0]
[0,0,0]
[0,0,0]
[0,0,0]
[0,0,0]
[0,0,0]
[0,0,0]
[0,0,0]
[0,0,0]
[0,0,0]
[0,0,0]
[0,0,0]
[0,0,0]
[0,0,0]
[0,0,0]
[0,0,0]
[0,0,0]
[0,0,0]
[0,0,0]
[0,0,0]
[0,0,0]
[0,0,0]
[0,0,0]