21
5
[-0.4,19,-2.955]
[-0.4,19,-2.955]
[-0.4,19,-2.955]
[-0.4,21.4333,-2.955]
[-0.4,23.8667,-2.955]
[-0.4,26.3,-2.955]
[-0.4,26.3,-2.955]
[-0.4,26.3,-2.955]
[-0.4,25.25,-2.955]
[-0.4,24.2,-2.955]
[-0.4,24.2,-2.955]
[-0.4,24.2,-2.955]
[-0.4,24.2,-2.955]
[-0.4,24.2,-2.955]
[-0.4,25.25,-2.955]
[-0.4,26.3,-2.955]
[-0.4,26.3,-2.955]
[-0.4,26.3,-2.955]
[-0.4,26.3,-2.955]
[-0.4,26.3,-2.955]
[-0.4,19,-2.955]
[0,-0,0]
[0,0,0]
[0,0,0]
[0,0,0]
[0,0,0]
[0,0,0]
[0,0,0]
[0,0,0]
[0,0,0]
[0,0,0]
[0,0,0]
[0,0,0]
[0,0,0]
[0,0,0]
[0,0,0]
[0,0,0]
[0,0,0]
[0,0,0]
[0,0,0]
[0,0,0]
[0,0,0]