452
30
[249.59840393066406, -114.44641876220703, 2025.087158203125]
[252.83837890625, -109.50956726074219, 2019.338623046875]
[261.1558837890625, -110.83831787109375, 2020.7109375]
[262.2132873535156, -110.47991943359375, 2025.767822265625]
[259.22918701171875, -105.50288391113281, 2013.394775390625]
[264.0851745605469, -106.58248138427734, 2012.0582275390625]
[269.3896179199219, -106.8619155883789, 2011.353515625]
[273.1751708984375, -111.33125305175781, 2011.728271484375]
[276.6885681152344, -115.45726776123047, 2011.7822265625]
[280.7252502441406, -115.99928283691406, 2009.7255859375]
[280.79681396484375, -116.48046112060547, 1999.40576171875]
[283.3710021972656, -115.53756713867188, 1995.893310546875]
[284.65045166015625, -113.66161346435547, 1993.1671142578125]
[286.3697204589844, -110.72850036621094, 1989.40283203125]
[290.023681640625, -106.69984436035156, 1990.4027099609375]
[294.7976379394531, -105.89013671875, 1988.841796875]
[299.3385314941406, -108.65560150146484, 1990.881591796875]
[302.56317138671875, -111.06423950195312, 1990.2921142578125]
[304.78973388671875, -110.49900817871094, 1988.734375]
[309.1872863769531, -114.52118682861328, 1994.3280029296875]
[311.0726013183594, -118.63057708740234, 1992.1502685546875]
[314.5403137207031, -117.75843811035156, 1996.380615234375]
[315.0966796875, -118.05455017089844, 1998.4864501953125]
[315.79217529296875, -116.8742904663086, 1995.8548583984375]
[314.7371520996094, -117.43621826171875, 1992.8482666015625]
[313.6442565917969, -117.98201751708984, 1992.1884765625]
[309.1783447265625, -118.56739044189453, 1982.631103515625]
[307.4364013671875, -117.31414031982422, 1980.9549560546875]
[303.6457824707031, -117.68301391601562, 1975.3392333984375]
[299.34979248046875, -116.92179870605469, 1975.5399169921875]
[298.07568359375, -114.72290802001953, 1969.265380859375]
[296.9679260253906, -114.7680892944336, 1967.69384765625]
[294.4751281738281, -114.28684997558594, 1965.76220703125]
[282.5012512207031, -106.49671936035156, 1965.0301513671875]
[277.7569885253906, -107.40042877197266, 1960.6060791015625]
[285.5912780761719, -112.72322845458984, 1973.4273681640625]
[286.0233459472656, -112.64874267578125, 1973.7869873046875]
[295.2814025878906, -89.13928985595703, 1883.8289794921875]
[295.8070983886719, -100.87584686279297, 1832.763671875]
[297.93975830078125, -120.36373138427734, 1779.9227294921875]
[291.799560546875, -125.16209411621094, 1761.1470947265625]
[281.4970703125, -167.3710479736328, 1737.9244384765625]
[270.7734069824219, -186.36288452148438, 1753.10498046875]
[291.470703125, -210.98910522460938, 1745.582763671875]
[263.9266357421875, -239.4889678955078, 1779.08642578125]
[240.77105712890625, -280.93255615234375, 1809.8892822265625]
[237.4346466064453, -283.1643981933594, 1834.661376953125]
[239.6041717529297, -267.9844665527344, 1866.51416015625]
[221.06671142578125, -253.884521484375, 1892.9412841796875]
[196.91038513183594, -299.4574279785156, 1874.666015625]
[219.63369750976562, -293.7220458984375, 1893.595703125]
[178.97430419921875, -322.4175720214844, 1954.1634521484375]
[191.61915588378906, -349.00616455078125, 2001.7554931640625]
[172.06430053710938, -359.24835205078125, 2014.3258056640625]
[201.93211364746094, -374.968505859375, 1961.6357421875]
[209.75033569335938, -439.7840881347656, 1929.8758544921875]
[238.60887145996094, -475.5419006347656, 1909.7227783203125]
[232.01641845703125, -520.5535278320312, 1894.237060546875]
[260.830322265625, -551.1130981445312, 1866.8524169921875]
[260.4114990234375, -597.4488525390625, 1838.3663330078125]
[248.2570037841797, -608.4356079101562, 1845.982177734375]
[237.5222625732422, -668.2352905273438, 1860.9710693359375]
[233.9911651611328, -683.8795166015625, 1846.6790771484375]
[200.4840545654297, -719.0440063476562, 1861.51806640625]
[189.25485229492188, -737.0139770507812, 1829.4736328125]
[211.10243225097656, -760.48681640625, 1835.86865234375]
[201.0175018310547, -757.0157470703125, 1842.3892822265625]
[202.3208465576172, -786.0347900390625, 1850.8626708984375]
[230.4096221923828, -783.4188842773438, 1812.4669189453125]
[223.5477294921875, -801.192626953125, 1774.05126953125]
[211.21044921875, -815.0377197265625, 1623.564697265625]
[189.85302734375, -777.7796630859375, 1527.7359619140625]
[191.11180114746094, -684.1366577148438, 1355.5980224609375]
[166.14849853515625, -687.1085205078125, 1335.0863037109375]
[161.5469512939453, -685.0486450195312, 1246.2041015625]
[146.44163513183594, -672.5289306640625, 1215.2464599609375]
[149.06117248535156, -662.5125732421875, 1201.794921875]
[153.69122314453125, -655.3543701171875, 1193.626708984375]
[156.6526641845703, -650.5050659179688, 1171.9210205078125]
[153.8564910888672, -650.6210327148438, 1230.1795654296875]
[135.94488525390625, -664.4303588867188, 1313.409912109375]
[116.31021118164062, -629.7319946289062, 1346.5003662109375]
[122.03288269042969, -609.1870727539062, 1404.8876953125]
[130.15335083007812, -578.1942749023438, 1498.1663818359375]
[51.44763946533203, -577.9675903320312, 1565.6268310546875]
[44.45140075683594, -532.6857299804688, 1618.396240234375]
[31.543046951293945, -511.0323486328125, 1645.7603759765625]
[15.483111381530762, -508.54693603515625, 1668.3775634765625]
[5.8059916496276855, -494.5328369140625, 1688.0491943359375]
[2.0746960639953613, -491.78521728515625, 1709.8052978515625]
[9.848207473754883, -498.1182861328125, 1677.995361328125]
[-8.303255081176758, -529.8892211914062, 1679.439453125]
[-7.3169989585876465, -530.1602172851562, 1691.072265625]
[2.89719557762146, -555.6115112304688, 1659.122802734375]
[-9.998544692993164, -580.3418579101562, 1649.13525390625]
[-36.697261810302734, -585.7371826171875, 1647.1920166015625]
[-43.94257736206055, -569.7330322265625, 1660.1409912109375]
[-50.1369743347168, -550.0589599609375, 1661.96142578125]
[-52.46485137939453, -551.6867065429688, 1667.98046875]
[-183.0739288330078, -564.8632202148438, 1596.296875]
[-255.81947326660156, -555.1216430664062, 1564.5888671875]
[-286.1839599609375, -526.005615234375, 1591.6002197265625]
[-378.1971130371094, -464.2687072753906, 1586.649658203125]
[-447.36651611328125, -440.5625, 1556.95703125]
[-489.1242980957031, -427.2127990722656, 1555.221435546875]
[-507.013916015625, -412.53656005859375, 1582.7891845703125]
[-510.8430480957031, -382.8585205078125, 1641.0322265625]
[-486.2374572753906, -454.1351623535156, 1752.3734130859375]
[-488.9232482910156, -503.6531066894531, 1782.356689453125]
[-493.444091796875, -520.7586669921875, 1826.8868408203125]
[-506.15380859375, -534.4425659179688, 1855.5130615234375]
[-488.8382263183594, -538.4122924804688, 1883.34765625]
[-487.2349853515625, -532.4142456054688, 1915.36328125]
[-416.09381103515625, -507.6302185058594, 1927.1171875]
[-323.0736999511719, -473.556396484375, 1942.130126953125]
[-277.8533020019531, -473.85650634765625, 1970.8658447265625]
[-195.06248474121094, -427.9836120605469, 1874.9979248046875]
[-140.8658905029297, -403.36572265625, 1820.5367431640625]
[-31.683116912841797, -426.2870178222656, 1827.1246337890625]
[20.719287872314453, -422.3321533203125, 1819.969970703125]
[20.855173110961914, -414.1783752441406, 1794.5802001953125]
[21.113994598388672, -410.4310302734375, 1785.6734619140625]
[-37.68397521972656, -531.7217407226562, 1781.6871337890625]
[-3.1159372329711914, -543.7110595703125, 1745.9656982421875]
[11.432174682617188, -517.4226684570312, 1734.5509033203125]
[44.08831024169922, -591.1677856445312, 1657.6474609375]
[51.71818923950195, -603.1700439453125, 1619.2247314453125]
[93.44469451904297, -615.2445678710938, 1600.6416015625]
[95.54647064208984, -595.4437255859375, 1580.660888671875]
[100.72991943359375, -579.4069213867188, 1561.0965576171875]
[112.94476318359375, -551.0130615234375, 1538.9451904296875]
[120.60440826416016, -537.8925170898438, 1552.4383544921875]
[124.21786499023438, -494.6085510253906, 1528.2747802734375]
[125.3511734008789, -443.852783203125, 1548.849365234375]
[138.87696838378906, -457.513671875, 1618.817626953125]
[146.58871459960938, -426.6288146972656, 1549.0274658203125]
[145.4697265625, -447.55731201171875, 1545.185302734375]
[132.11412048339844, -468.6387023925781, 1555.7237548828125]
[121.865234375, -477.7735595703125, 1545.4132080078125]
[110.64320373535156, -473.3724670410156, 1524.6717529296875]
[97.75535583496094, -471.6349182128906, 1506.175537109375]
[84.25443267822266, -467.0743713378906, 1495.48388671875]
[79.73091125488281, -444.9201965332031, 1467.41064453125]
[93.52748107910156, -436.4550476074219, 1547.185791015625]
[132.030517578125, -429.74737548828125, 1540.1265869140625]
[141.42489624023438, -390.5715637207031, 1496.1553955078125]
[159.4207000732422, -388.5458984375, 1486.7381591796875]
[188.3992156982422, -353.63922119140625, 1528.0391845703125]
[234.60772705078125, -267.43603515625, 1502.0867919921875]
[258.05694580078125, -258.0242004394531, 1571.3194580078125]
[282.0497131347656, -248.7042999267578, 1595.77685546875]
[292.76824951171875, -239.84458923339844, 1646.9630126953125]
[285.03692626953125, -255.82876586914062, 1727.218505859375]
[286.6629333496094, -252.45997619628906, 1747.93310546875]
[200.84471130371094, -252.0297393798828, 1829.195068359375]
[178.71739196777344, -261.5013732910156, 1842.174560546875]
[139.19671630859375, -279.4764709472656, 1852.0513916015625]
[139.866943359375, -283.1624450683594, 1838.7352294921875]
[53.332977294921875, -344.17974853515625, 1798.179931640625]
[36.92786407470703, -365.60198974609375, 1707.412841796875]
[40.52920913696289, -383.16876220703125, 1711.4910888671875]
[41.78047180175781, -405.2567443847656, 1722.203857421875]
[52.401268005371094, -442.17913818359375, 1699.767822265625]
[72.43385314941406, -424.5910339355469, 1598.8389892578125]
[73.90861511230469, -426.22906494140625, 1575.3092041015625]
[56.56100845336914, -462.6452331542969, 1731.9598388671875]
[28.1547908782959, -471.2814025878906, 1661.5294189453125]
[-7.326304912567139, -523.4242553710938, 1561.8388671875]
[-19.30288314819336, -580.4929809570312, 1546.5428466796875]
[-47.50502014160156, -618.3883056640625, 1443.4791259765625]
[-37.70478820800781, -642.2709350585938, 1377.3033447265625]
[-37.229530334472656, -635.5866088867188, 1349.9444580078125]
[-25.69089126586914, -612.8722534179688, 1308.659423828125]
[0.761672854423523, -578.571044921875, 1269.7607421875]
[32.324649810791016, -559.36865234375, 1260.866943359375]
[80.93978881835938, -512.7240600585938, 1203.757080078125]
[91.71243286132812, -464.4858093261719, 1205.215087890625]
[131.17942810058594, -450.9149169921875, 1200.940185546875]
[142.8324432373047, -412.4015808105469, 1205.3853759765625]
[140.21319580078125, -406.72784423828125, 1204.678955078125]
[138.6385498046875, -407.98956298828125, 1203.1029052734375]
[140.8870849609375, -405.0851135253906, 1205.0096435546875]
[142.03280639648438, -404.9508056640625, 1205.7418212890625]
[230.2145233154297, -468.44720458984375, 1255.53857421875]
[236.27357482910156, -489.8720703125, 1278.1978759765625]
[245.0869903564453, -507.2463684082031, 1295.88916015625]
[244.5056610107422, -532.4398803710938, 1280.7965087890625]
[257.4629821777344, -561.1027221679688, 1304.0985107421875]
[261.0905456542969, -581.0322265625, 1325.2264404296875]
[264.1341857910156, -600.5687866210938, 1329.8411865234375]
[257.9364318847656, -599.4030151367188, 1330.6131591796875]
[239.60018920898438, -564.600341796875, 1313.58447265625]
[190.80587768554688, -543.1250610351562, 1302.03173828125]
[176.64321899414062, -527.9578857421875, 1304.985107421875]
[152.71148681640625, -522.1021728515625, 1264.471435546875]
[141.9375457763672, -486.339111328125, 1285.327880859375]
[143.65367126464844, -460.55218505859375, 1289.50390625]
[147.2661895751953, -452.9437255859375, 1279.1781005859375]
[147.6168212890625, -444.0250244140625, 1298.3125]
[144.53704833984375, -433.1493225097656, 1314.4442138671875]
[155.1165008544922, -440.3922119140625, 1344.828857421875]
[175.12521362304688, -452.42169189453125, 1367.3153076171875]
[171.74879455566406, -462.87457275390625, 1390.1148681640625]
[187.1598663330078, -466.027587890625, 1428.1182861328125]
[223.13912963867188, -492.268310546875, 1437.5362548828125]
[249.7858123779297, -501.68853759765625, 1461.998046875]
[270.4483947753906, -500.076171875, 1511.324951171875]
[294.4106750488281, -500.82415771484375, 1571.5765380859375]
[306.0693054199219, -457.5786437988281, 1588.9442138671875]
[326.5907897949219, -450.4263610839844, 1638.1265869140625]
[335.7000427246094, -415.7635498046875, 1701.169677734375]
[313.5160827636719, -389.1827087402344, 1784.0863037109375]
[280.4814147949219, -361.23895263671875, 1845.63720703125]
[299.237548828125, -338.07861328125, 1857.80078125]
[295.3507080078125, -291.6435241699219, 1893.841796875]
[257.91217041015625, -313.17303466796875, 1866.974365234375]
[238.97915649414062, -369.0356140136719, 1900.458984375]
[241.46151733398438, -372.9255065917969, 2020.831787109375]
[239.56393432617188, -362.345947265625, 2015.382080078125]
[240.2780303955078, -353.4750061035156, 2007.6353759765625]
[240.4143829345703, -351.0111389160156, 1992.95556640625]
[232.97000122070312, -351.84515380859375, 1990.8648681640625]
[241.5920867919922, -352.3210754394531, 1997.912841796875]
[240.17564392089844, -364.5130310058594, 1983.916015625]
[240.7351531982422, -388.0013427734375, 1880.042724609375]
[235.50555419921875, -415.64996337890625, 1937.08544921875]
[220.79925537109375, -468.0397033691406, 1902.402099609375]
[203.32351684570312, -504.6139221191406, 1861.5576171875]
[202.40457153320312, -558.6534423828125, 1849.7806396484375]
[227.4559783935547, -533.0825805664062, 1671.99609375]
[251.83627319335938, -537.82373046875, 1655.1539306640625]
[266.4248046875, -537.68115234375, 1614.693603515625]
[269.7044372558594, -542.25537109375, 1615.248046875]
[279.987060546875, -568.9378662109375, 1556.4483642578125]
[308.9359436035156, -567.1962890625, 1558.89453125]
[315.2176513671875, -577.9009399414062, 1614.301025390625]
[345.1037902832031, -564.9671630859375, 1652.1121826171875]
[375.80828857421875, -596.8297729492188, 1730.327392578125]
[459.6054992675781, -522.4419555664062, 1791.8385009765625]
[453.5169677734375, -518.4541015625, 1787.7066650390625]
[506.3266296386719, -445.5058898925781, 1912.4903564453125]
[508.0090026855469, -408.6816101074219, 1955.2357177734375]
[492.6024169921875, -407.4836120605469, 2017.8134765625]
[441.14935302734375, -374.5464782714844, 2065.420166015625]
[379.51129150390625, -303.9608154296875, 2130.374755859375]
[344.0444641113281, -303.0116882324219, 2102.6357421875]
[318.2318115234375, -252.4056396484375, 2069.85009765625]
[317.99774169921875, -259.6060485839844, 2060.612060546875]
[324.741455078125, -185.97442626953125, 2113.41845703125]
[236.2667694091797, -158.46084594726562, 2173.6162109375]
[267.8392028808594, -122.68138885498047, 2217.2783203125]
[263.5596923828125, -95.56773376464844, 2219.77001953125]
[241.159912109375, -75.55510711669922, 2209.703369140625]
[206.52857971191406, 9.504337310791016, 1940.8433837890625]
[189.00790405273438, 28.78688621520996, 1876.8321533203125]
[195.0909881591797, 100.56962585449219, 1833.028076171875]
[251.86032104492188, 117.84485626220703, 1634.7276611328125]
[255.03211975097656, 126.59022521972656, 1611.477783203125]
[273.7766418457031, 129.52638244628906, 1606.3880615234375]
[294.5352478027344, 101.94174194335938, 1614.888916015625]
[325.2298278808594, 79.18409729003906, 1643.86962890625]
[327.7904052734375, 47.681461334228516, 1681.9024658203125]
[358.3952941894531, 14.330642700195312, 1713.696533203125]
[349.55377197265625, -0.8770190477371216, 1764.153076171875]
[360.5242919921875, -34.47580337524414, 1825.303955078125]
[364.3856506347656, -87.4943618774414, 1891.3626708984375]
[338.1518859863281, -154.79954528808594, 1905.4478759765625]
[342.089599609375, -206.86575317382812, 1986.7794189453125]
[336.3254089355469, -276.2843017578125, 2038.9031982421875]
[336.34051513671875, -297.74749755859375, 2072.68212890625]
[307.01116943359375, -345.7961120605469, 2068.02099609375]
[313.8471374511719, -363.20196533203125, 2084.3046875]
[314.9085388183594, -363.8527526855469, 2079.763427734375]
[326.5090026855469, -380.7094421386719, 2084.9375]
[327.47900390625, -381.6861877441406, 2082.952880859375]
[321.06207275390625, -392.6100769042969, 2076.4951171875]
[308.475830078125, -390.8971252441406, 2045.8583984375]
[288.78887939453125, -393.8030090332031, 2016.3402099609375]
[282.5636901855469, -396.50360107421875, 1988.79443359375]
[272.82769775390625, -404.4915466308594, 1967.86279296875]
[254.75030517578125, -423.61651611328125, 1941.91455078125]
[256.2060852050781, -415.7287902832031, 1935.0037841796875]
[289.6546936035156, -350.1872253417969, 1879.647705078125]
[305.4122009277344, -340.8218078613281, 1871.840087890625]
[292.3302917480469, -461.84271240234375, 1843.785888671875]
[262.046630859375, -498.37054443359375, 1802.223388671875]
[254.7001190185547, -511.5537109375, 1726.8642578125]
[249.9077606201172, -523.695556640625, 1815.189453125]
[234.02456665039062, -554.7171630859375, 1799.9456787109375]
[180.30470275878906, -562.0142211914062, 1667.3360595703125]
[169.2361602783203, -560.0798950195312, 1591.4849853515625]
[171.1952667236328, -538.4231567382812, 1523.29638671875]
[180.07815551757812, -516.141845703125, 1466.1917724609375]
[184.8673553466797, -499.22955322265625, 1412.6593017578125]
[199.37557983398438, -433.8584899902344, 1366.8106689453125]
[222.95193481445312, -399.8417053222656, 1309.59814453125]
[241.44256591796875, -361.3113708496094, 1281.144775390625]
[246.18923950195312, -340.7485046386719, 1265.124755859375]
[263.10406494140625, -309.1590881347656, 1260.2037353515625]
[277.8153991699219, -311.5964660644531, 1274.0286865234375]
[260.7916259765625, -303.7735900878906, 1291.3079833984375]
[254.4481201171875, -302.6371765136719, 1336.828125]
[252.17678833007812, -269.6913757324219, 1366.1644287109375]
[261.89935302734375, -227.74905395507812, 1369.22119140625]
[252.0020294189453, -182.8274383544922, 1431.6732177734375]
[254.4027557373047, -153.77235412597656, 1418.166015625]
[252.40748596191406, -138.1878204345703, 1416.330810546875]
[235.00900268554688, -120.61795806884766, 1384.683837890625]
[204.00003051757812, -107.48494720458984, 1365.45654296875]
[199.33975219726562, -146.96958923339844, 1375.0631103515625]
[151.1274871826172, -230.71539306640625, 1367.556640625]
[149.6676483154297, -271.1156311035156, 1359.0635986328125]
[127.03269958496094, -302.7381286621094, 1334.7254638671875]
[105.63338470458984, -292.8516845703125, 1322.7542724609375]
[137.9476776123047, -256.3705749511719, 1330.547119140625]
[112.13253021240234, -276.66741943359375, 1319.1019287109375]
[97.64015197753906, -312.58734130859375, 1302.9996337890625]
[100.7716064453125, -336.02685546875, 1255.5845947265625]
[95.91957092285156, -360.4407653808594, 1265.8035888671875]
[95.13775634765625, -383.602294921875, 1291.0367431640625]
[91.11388397216797, -402.391845703125, 1275.8807373046875]
[91.01261901855469, -404.6213684082031, 1260.1351318359375]
[69.09754943847656, -429.05377197265625, 1269.5960693359375]
[44.94062805175781, -454.14788818359375, 1274.8536376953125]
[40.81527328491211, -458.2206726074219, 1281.7581787109375]
[10.529607772827148, -495.5767822265625, 1306.2623291015625]
[-13.61873722076416, -522.48193359375, 1331.007080078125]
[-43.3289794921875, -535.8034057617188, 1341.4501953125]
[-69.36359405517578, -549.517578125, 1352.3106689453125]
[-97.54946899414062, -588.5557861328125, 1369.0562744140625]
[-110.43352508544922, -642.8956298828125, 1372.4403076171875]
[-120.96253204345703, -601.934326171875, 1358.2093505859375]
[-163.6337890625, -686.59423828125, 1388.8597412109375]
[-193.50457763671875, -709.0408935546875, 1380.6240234375]
[-224.09278869628906, -668.159423828125, 1407.5372314453125]
[-221.93238830566406, -673.14697265625, 1406.11376953125]
[-254.7561492919922, -678.5585327148438, 1424.114013671875]
[-262.1105041503906, -665.3207397460938, 1415.1373291015625]
[-294.0070495605469, -616.2759399414062, 1433.144775390625]
[-312.09442138671875, -588.1369018554688, 1471.834228515625]
[-315.1535339355469, -579.1240844726562, 1541.01806640625]
[-367.91015625, -529.7132568359375, 1587.917236328125]
[-437.3009338378906, -469.45501708984375, 1619.2938232421875]
[-417.8153076171875, -342.582275390625, 1662.2196044921875]
[-427.0354919433594, -296.1134948730469, 1714.6002197265625]
[-417.4510192871094, -310.5880126953125, 1728.71826171875]
[-416.6070251464844, -347.563720703125, 1736.933349609375]
[-358.6798095703125, -336.2000732421875, 1755.6524658203125]
[-334.9437561035156, -323.6433410644531, 1807.2454833984375]
[-290.70233154296875, -342.2868347167969, 1819.2694091796875]
[-238.62660217285156, -370.2066955566406, 1822.132568359375]
[-211.0093231201172, -383.6293029785156, 1807.1431884765625]
[-194.8389129638672, -401.4186096191406, 1860.3409423828125]
[-184.2177734375, -402.04937744140625, 1869.8504638671875]
[-163.15069580078125, -393.08355712890625, 1846.868896484375]
[-163.32711791992188, -402.7511901855469, 1796.678955078125]
[-166.71192932128906, -402.2417297363281, 1800.517333984375]
[-177.3331298828125, -415.1615905761719, 1821.7552490234375]
[-177.6714324951172, -417.07952880859375, 1828.210205078125]
[-176.79176330566406, -416.9185791015625, 1817.2659912109375]
[-190.1266326904297, -452.0120544433594, 1821.651123046875]
[-128.83934020996094, -399.3132019042969, 1818.2154541015625]
[-30.322629928588867, -376.0321350097656, 1851.2332763671875]
[113.69371032714844, -414.1470031738281, 1777.7459716796875]
[120.51751708984375, -407.6447448730469, 1802.0906982421875]
[74.93187713623047, -191.38504028320312, 1807.779052734375]
[72.67820739746094, -182.12796020507812, 1798.654296875]
[123.87694549560547, -561.6038208007812, 1702.275146484375]
[112.83019256591797, -638.6634521484375, 1788.6309814453125]
[121.78492736816406, -719.5159912109375, 1886.5079345703125]
[195.978759765625, -738.9921875, 1867.5770263671875]
[216.72630310058594, -708.9243774414062, 1948.7352294921875]
[226.11468505859375, -673.665283203125, 1914.1260986328125]
[243.752197265625, -636.5603637695312, 1905.8072509765625]
[270.8572082519531, -605.1190185546875, 1885.8912353515625]
[293.8191223144531, -581.0075073242188, 1846.1390380859375]
[323.3243713378906, -539.6170043945312, 1814.0604248046875]
[335.49005126953125, -518.01318359375, 1784.088623046875]
[353.509765625, -507.6298828125, 1785.4945068359375]
[350.66558837890625, -492.5094909667969, 1767.25390625]
[357.93267822265625, -497.0692138671875, 1759.7177734375]
[326.26153564453125, -479.4371032714844, 1723.4039306640625]
[307.0888977050781, -466.10614013671875, 1717.6324462890625]
[287.98309326171875, -491.80621337890625, 1701.6676025390625]
[305.28271484375, -391.6608581542969, 1599.7891845703125]
[301.5853576660156, -388.8189392089844, 1593.7003173828125]
[293.5472717285156, -361.6184387207031, 1647.120849609375]
[300.802001953125, -356.4073486328125, 1652.0999755859375]
[289.7345275878906, -365.9762268066406, 1706.1612548828125]
[301.3009948730469, -362.5474548339844, 1759.4501953125]
[298.76251220703125, -317.84527587890625, 1794.537353515625]
[280.68878173828125, -290.5282897949219, 1965.4754638671875]
[266.64105224609375, -291.4600830078125, 1998.050537109375]
[290.7853698730469, -313.39453125, 2044.149658203125]
[311.7505798339844, -367.2295227050781, 2127.627197265625]
[295.10406494140625, -208.91357421875, 2132.095947265625]
[313.42279052734375, -160.33255004882812, 2058.78466796875]
[287.2682189941406, -197.40655517578125, 2064.579345703125]
[278.3544006347656, -228.49745178222656, 2090.937744140625]
[279.7091979980469, -246.34361267089844, 2092.134033203125]
[288.9974365234375, -250.08538818359375, 2110.265380859375]
[288.27154541015625, -263.8049011230469, 2121.691162109375]
[278.9195861816406, -270.4018249511719, 2152.0537109375]
[281.65142822265625, -287.3284606933594, 2180.115966796875]
[286.3374938964844, -324.22357177734375, 2198.8515625]
[264.6150207519531, -410.7580871582031, 2170.215087890625]
[259.3006896972656, -449.8449401855469, 2146.674560546875]
[266.2054748535156, -497.10162353515625, 2138.24658203125]
[263.209228515625, -531.0402221679688, 2061.071533203125]
[257.2268371582031, -554.1724243164062, 2047.181396484375]
[247.5530242919922, -570.1016845703125, 2074.47412109375]
[250.64891052246094, -548.5781860351562, 2019.8319091796875]
[246.17251586914062, -553.8798828125, 2006.704833984375]
[238.5116729736328, -558.903564453125, 1987.3131103515625]
[224.41928100585938, -562.2728881835938, 1959.072265625]
[204.0848388671875, -556.3884887695312, 1925.54052734375]
[191.1411590576172, -533.2291870117188, 1874.551025390625]
[166.83253479003906, -507.2847595214844, 1838.1451416015625]
[152.81130981445312, -478.7189636230469, 1788.8902587890625]
[119.89342498779297, -430.3172302246094, 1770.78759765625]
[111.0486831665039, -370.7584533691406, 1738.950927734375]
[105.03865814208984, -326.9561767578125, 1722.3685302734375]
[104.86631774902344, -290.57354736328125, 1711.0206298828125]
[94.74327087402344, -254.91217041015625, 1704.40869140625]
[96.82487487792969, -236.43455505371094, 1699.62744140625]
[108.7734375, -219.2296600341797, 1701.329833984375]
[106.80492401123047, -210.3901824951172, 1697.6309814453125]
[110.62566375732422, -188.85841369628906, 1693.64111328125]
[106.61451721191406, -190.19911193847656, 1690.2813720703125]
[110.16223907470703, -193.11094665527344, 1690.751220703125]
[104.82484436035156, -206.21849060058594, 1690.976318359375]
[103.373291015625, -217.57382202148438, 1687.8563232421875]
[104.4055404663086, -221.27401733398438, 1695.4361572265625]
[125.82896423339844, -230.91549682617188, 1709.9259033203125]
[148.7493438720703, -227.96856689453125, 1740.859130859375]
[168.98062133789062, -228.00372314453125, 1792.31787109375]
[231.79525756835938, -220.7947235107422, 1800.7672119140625]
[259.62200927734375, -226.3386688232422, 1828.9840087890625]
[288.357666015625, -202.76255798339844, 1896.046142578125]
[267.4065856933594, -231.70396423339844, 1942.96142578125]
[266.9851379394531, -265.2025451660156, 1973.950927734375]
[254.1019287109375, -253.2813262939453, 2001.09814453125]
[230.3271942138672, -272.9442138671875, 2063.37109375]
[223.22634887695312, -255.92562866210938, 2040.965087890625]
[172.44036865234375, 12.363731384277344, 1889.0072021484375]
[168.00270080566406, 50.796836853027344, 1852.2542724609375]
[163.3597412109375, 63.08852005004883, 1836.37841796875]
[163.50201416015625, 56.49665451049805, 1831.27880859375]
[162.76705932617188, 23.509517669677734, 1807.7626953125]
[151.27154541015625, 17.211467742919922, 1814.885986328125]
[147.4872283935547, 18.54155158996582, 1818.8238525390625]
[135.47381591796875, 6.710313320159912, 1812.892333984375]
[0,0,0]
[0,0,0]
[0,0,0]
[0,0,0]
[0,0,0]
[0,0,0]
[0,0,0]
[0,0,0]
[0,0,0]
[0,0,0]
[0,0,0]
[0,0,0]
[0,0,0]
[0,0,0]
[0,0,0]
[0,0,0]
[0,0,0]
[0,0,0]
[0,0,0]
[0,0,0]
[0,0,0]
[0,0,0]
[0,0,0]
[0,0,0]
[0,0,0]
[0,0,0]
[0,0,0]
[0,0,0]
[0,0,0]
[0,0,0]
[0,0,0]
[0,0,0]
[0,0,0]
[0,0,0]
[0,0,0]
[0,0,0]
[0,0,0]
[0,0,0]
[0,0,0]
[0,0,0]
[0,0,0]
[0,0,0]
[0,0,0]
[0,0,0]
[0,0,0]
[0,0,0]
[0,0,0]
[0,0,0]
[0,0,0]
[0,0,0]
[0,0,0]
[0,0,0]
[0,0,0]
[0,0,0]
[0,0,0]
[0,0,0]
[0,0,0]
[0,0,0]
[0,0,0]
[0,0,0]
[0,0,0]
[0,0,0]
[0,0,0]
[0,0,0]
[0,0,0]
[0,0,0]
[0,0,0]
[0,0,0]
[0,0,0]
[0,0,0]
[0,0,0]
[0,0,0]
[0,0,0]
[0,0,0]
[0,0,0]
[0,0,0]
[0,0,0]
[0,0,0]
[0,0,0]
[0,0,0]
[0,0,0]
[0,0,0]
[0,0,0]
[0,0,0]
[0,0,0]
[0,0,0]
[0,0,0]
[0,0,0]
[0,0,0]
[0,0,0]
[0,0,0]
[0,0,0]
[0,0,0]
[0,0,0]
[0,0,0]
[0,0,0]
[0,0,0]
[0,0,0]
[0,0,0]
[0,0,0]
[0,0,0]
[0,0,0]
[0,0,0]
[0,0,0]
[0,0,0]
[0,0,0]
[0,0,0]
[0,0,0]
[0,0,0]
[0,0,0]
[0,0,0]
[0,0,0]
[0,0,0]
[0,0,0]
[0,0,0]
[0,0,0]
[0,0,0]
[0,0,0]
[0,0,0]
[0,0,0]
[0,0,0]
[0,0,0]
[0,0,0]
[0,0,0]
[0,0,0]
[0,0,0]
[0,0,0]
[0,0,0]
[0,0,0]
[0,0,0]
[0,0,0]
[0,0,0]
[0,0,0]
[0,0,0]
[0,0,0]
[0,0,0]
[0,0,0]
[0,0,0]
[0,0,0]
[0,0,0]
[0,0,0]
[0,0,0]
[0,0,0]
[0,0,0]
[0,0,0]
[0,0,0]
[0,0,0]
[0,0,0]
[0,0,0]
[0,0,0]
[0,0,0]
[0,0,0]
[0,0,0]
[0,0,0]
[0,0,0]
[0,0,0]
[0,0,0]
[0,0,0]
[0,0,0]
[0,0,0]
[0,0,0]
[0,0,0]
[0,0,0]
[0,0,0]
[0,0,0]
[0,0,0]
[0,0,0]
[0,0,0]
[0,0,0]
[0,0,0]
[0,0,0]
[0,0,0]
[0,0,0]
[0,0,0]
[0,0,0]
[0,0,0]
[0,0,0]
[0,0,0]
[0,0,0]
[0,0,0]
[0,0,0]
[0,0,0]
[0,0,0]
[0,0,0]
[0,0,0]
[0,0,0]
[0,0,0]
[0,0,0]
[0,0,0]
[0,0,0]
[0,0,0]
[0,0,0]
[0,0,0]
[0,0,0]
[0,0,0]
[0,0,0]
[0,0,0]
[0,0,0]
[0,0,0]
[0,0,0]
[0,0,0]
[0,0,0]
[0,0,0]
[0,0,0]
[0,0,0]
[0,0,0]
[0,0,0]
[0,0,0]
[0,0,0]
[0,0,0]
[0,0,0]
[0,0,0]
[0,0,0]
[0,0,0]
[0,0,0]
[0,0,0]
[0,0,0]
[0,0,0]
[0,0,0]
[0,0,0]
[0,0,0]
[0,0,0]
[0,0,0]
[0,0,0]
[0,0,0]
[0,0,0]
[0,0,0]
[0,0,0]
[0,0,0]
[0,0,0]
[0,0,0]
[0,0,0]
[0,0,0]
[0,0,0]
[0,0,0]
[0,0,0]
[0,0,0]
[0,0,0]
[0,0,0]
[0,0,0]
[0,0,0]
[0,0,0]
[0,0,0]
[0,0,0]
[0,0,0]
[0,0,0]
[0,0,0]
[0,0,0]
[0,0,0]
[0,0,0]
[0,0,0]
[0,0,0]
[0,0,0]
[0,0,0]
[0,0,0]
[0,0,0]
[0,0,0]
[0,0,0]
[0,0,0]
[0,0,0]
[0,0,0]
[0,0,0]
[0,0,0]
[0,0,0]
[0,0,0]
[0,0,0]
[0,0,0]
[0,0,0]
[0,0,0]
[0,0,0]
[0,0,0]
[0,0,0]
[0,0,0]
[0,0,0]
[0,0,0]
[0,0,0]
[0,0,0]
[0,0,0]
[0,0,0]
[0,0,0]
[0,0,0]
[0,0,0]
[0,0,0]
[0,0,0]
[0,0,0]
[0,0,0]
[0,0,0]
[0,0,0]
[0,0,0]
[0,0,0]
[0,0,0]
[0,0,0]
[0,0,0]
[0,0,0]
[0,0,0]
[0,0,0]
[0,0,0]
[0,0,0]
[0,0,0]
[0,0,0]
[0,0,0]
[0,0,0]
[0,0,0]
[0,0,0]
[0,0,0]
[0,0,0]
[0,0,0]
[0,0,0]
[0,0,0]
[0,0,0]
[0,0,0]
[0,0,0]
[0,0,0]
[0,0,0]
[0,0,0]
[0,0,0]
[0,0,0]
[0,0,0]
[0,0,0]
[0,0,0]
[0,0,0]
[0,0,0]
[0,0,0]
[0,0,0]
[0,0,0]
[0,0,0]
[0,0,0]
[0,0,0]
[0,0,0]
[0,0,0]
[0,0,0]
[0,0,0]
[0,0,0]
[0,0,0]
[0,0,0]
[0,0,0]
[0,0,0]
[0,0,0]
[0,0,0]
[0,0,0]
[0,0,0]
[0,0,0]
[0,0,0]
[0,0,0]
[0,0,0]
[0,0,0]
[0,0,0]
[0,0,0]
[0,0,0]
[0,0,0]
[0,0,0]
[0,0,0]
[0,0,0]
[0,0,0]
[0,0,0]
[0,0,0]
[0,0,0]
[0,0,0]
[0,0,0]
[0,0,0]
[0,0,0]
[0,0,0]
[0,0,0]
[0,0,0]
[0,0,0]
[0,0,0]
[0,0,0]
[0,0,0]
[0,0,0]
[0,0,0]
[0,0,0]
[0,0,0]
[0,0,0]
[0,0,0]
[0,0,0]
[0,0,0]
[0,0,0]
[0,0,0]
[0,0,0]
[0,0,0]
[0,0,0]
[0,0,0]
[0,0,0]
[0,0,0]
[0,0,0]
[0,0,0]
[0,0,0]
[0,0,0]
[0,0,0]
[0,0,0]
[0,0,0]
[0,0,0]
[0,0,0]
[0,0,0]
[0,0,0]
[0,0,0]
[0,0,0]
[0,0,0]
[0,0,0]
[0,0,0]
[0,0,0]
[0,0,0]
[0,0,0]
[0,0,0]
[0,0,0]
[0,0,0]
[0,0,0]
[0,0,0]
[0,0,0]
[0,0,0]
[0,0,0]
[0,0,0]
[0,0,0]
[0,0,0]
[0,0,0]
[0,0,0]
[0,0,0]
[0,0,0]
[0,0,0]
[0,0,0]
[0,0,0]
[0,0,0]
[0,0,0]
[0,0,0]
[0,0,0]
[0,0,0]
[0,0,0]
[0,0,0]
[0,0,0]
[0,0,0]
[0,0,0]
[0,0,0]
[0,0,0]
[0,0,0]
[0,0,0]
[0,0,0]
[0,0,0]
[0,0,0]
[0,0,0]
[0,0,0]
[0,0,0]
[0,0,0]
[0,0,0]
[0,0,0]
[0,0,0]
[0,0,0]
[0,0,0]
[0,0,0]
[0,0,0]
[0,0,0]
[0,0,0]
[0,0,0]
