41
10
[-0.4,32.75,-2.955]
[-0.4,31.0625,-2.955]
[-0.4,29.375,-2.955]
[-0.4,27.6875,-2.955]
[-0.4,26,-2.955]
[-0.4,26,-2.955]
[-0.4,26,-2.955]
[-0.4,26,-2.955]
[-0.4,26,-2.955]
[-0.4,26,-2.955]
[-0.4,26,-2.955]
[-0.4,26,-2.955]
[-0.4,26,-2.955]
[-0.4,28.25,-2.955]
[-0.4,30.5,-2.955]
[-0.4,32.75,-2.955]
[-0.4,32.75,-2.955]
[-0.4,32.75,-2.955]
[-0.4,32.75,-2.955]
[-0.4,32.75,-2.955]
[-0.4,32.75,-2.955]
[-0.4,32.75,-2.955]
[-0.4,32.75,-2.955]
[-0.4,32.75,-2.955]
[-0.4,32.75,-2.955]
[-0.4,32.75,-2.955]
[-0.4,32.75,-2.955]
[-0.4,32.75,-2.955]
[-0.4,32.75,-2.955]
[-0.4,30.4333,-2.955]
[-0.4,28.1167,-2.955]
[-0.4,25.8,-2.955]
[-0.4,25.8,-2.955]
[-0.4,25.8,-2.955]
[-0.4,25.8,-2.955]
[-0.4,25.8,-2.955]
[-0.4,25.8,-2.955]
[-0.4,25.8,-2.955]
[-0.4,28.1167,-2.955]
[-0.4,30.4333,-2.955]
[-0.4,32.75,-2.955]
[0,-0,0]
[0,0,0]
[0,0,0]
[0,0,0]
[0,0,0]
[0,0,0]
[0,0,0]
[0,0,0]
[0,0,0]
[0,0,0]
[0,0,0]
[0,0,0]
[0,0,0]
[0,0,0]
[0,0,0]
[0,0,0]
[0,0,0]
[0,0,0]
[0,0,0]
[0,0,0]
[0,0,0]
[0,0,0]
[0,0,0]
[0,0,0]
[0,0,0]
[0,0,0]
[0,0,0]
[0,0,0]
[0,0,0]
[0,0,0]
[0,0,0]
[0,0,0]
[0,0,0]
[0,0,0]
[0,0,0]
[0,0,0]
[0,0,0]
[0,0,0]
[0,0,0]
[0,0,0]
[0,0,0]