40
10
[32,-3.4,-1.2]
[32,-3.4,-1.2]
[32,-3.4,-1.2]
[32,-3.4,-1.2]
[32,-3.4,-1.2]
[32,-3.4,-1.2]
[32,-3.4,-1.2]
[31.93,-3.4,-1.2]
[31.86,-3.4,-1.2]
[31.79,-3.4,-1.2]
[31.72,-3.4,-1.2]
[31.65,-3.4,-1.2]
[31.65,-3.4,-1.2]
[31.65,-3.4,-1.2]
[31.65,-3.4,-1.2]
[31.65,-3.4,-1.2]
[31.65,-3.4,-1.2]
[31.65,-3.4,-1.2]
[31.65,-3.4,-1.2]
[31.65,-3.4,-1.2]
[31.65,-3.4,-1.2]
[31.65,-3.4,-1.2]
[31.65,-3.4,-1.2]
[31.65,-3.4,-1.2]
[31.65,-3.4,-1.2]
[31.65,-3.4,-1.2]
[31.65,-3.4,-1.2]
[31.65,-3.4,-1.2]
[31.65,-3.4,-1.2]
[31.65,-3.4,-1.2]
[31.65,-3.4,-1.2]
[31.65,-3.4,-1.2]
[32,-3.4,-1.2]
[32,-3.4,-1.2]
[32,-3.4,-1.2]
[32,-3.4,-1.2]
[32,-3.4,-1.2]
[32,-3.4,-1.2]
[32,-3.4,-1.2]
[32,-3.4,-1.2]
[0,-0,0]
[0,0,0]
[0,0,0]
[0,0,0]
[0,0,0]
[0,0,0]
[0,0,0]
[0,0,0]
[0,0,0]
[0,0,0]
[0,0,0]
[0,0,0]
[0,0,0]
[0,0,0]
[0,0,0]
[0,0,0]
[0,0,0]
[0,0,0]
[0,0,0]
[0,0,0]
[0,0,0]
[0,0,0]
[0,0,0]
[0,0,0]
[0,0,0]
[0,0,0]
[0,0,0]
[0,0,0]
[0,0,0]
[0,0,0]
[0,0,0]
[0,0,0]
[0,0,0]
[0,0,0]
[0,0,0]
[0,0,0]
[0,0,0]
[0,0,0]
[0,0,0]
[0,0,0]