40
10
[22.8,-3.4,-1.2]
[22.8,-3.4,-1.2]
[22.8,-3.4,-1.2]
[22.8,-3.4,-1.2]
[22.8,-3.4,-1.2]
[22.8,-3.4,-1.2]
[22.8,-3.4,-1.2]
[22.87,-3.4,-1.2]
[22.94,-3.4,-1.2]
[23.01,-3.4,-1.2]
[23.08,-3.4,-1.2]
[23.15,-3.4,-1.2]
[23.15,-3.4,-1.2]
[23.15,-3.4,-1.2]
[23.15,-3.4,-1.2]
[23.15,-3.4,-1.2]
[23.15,-3.4,-1.2]
[23.15,-3.4,-1.2]
[23.15,-3.4,-1.2]
[23.15,-3.4,-1.2]
[23.15,-3.4,-1.2]
[23.15,-3.4,-1.2]
[23.15,-3.4,-1.2]
[23.15,-3.4,-1.2]
[23.15,-3.4,-1.2]
[23.15,-3.4,-1.2]
[23.15,-3.4,-1.2]
[23.15,-3.4,-1.2]
[23.15,-3.4,-1.2]
[23.15,-3.4,-1.2]
[23.15,-3.4,-1.2]
[23.15,-3.4,-1.2]
[22.8,-3.4,-1.2]
[22.8,-3.4,-1.2]
[22.8,-3.4,-1.2]
[22.8,-3.4,-1.2]
[22.8,-3.4,-1.2]
[22.8,-3.4,-1.2]
[22.8,-3.4,-1.2]
[22.8,-3.4,-1.2]
[0,-0,0]
[0,0,0]
[0,0,0]
[0,0,0]
[0,0,0]
[0,0,0]
[0,0,0]
[0,0,0]
[0,0,0]
[0,0,0]
[0,0,0]
[0,0,0]
[0,0,0]
[0,0,0]
[0,0,0]
[0,0,0]
[0,0,0]
[0,0,0]
[0,0,0]
[0,0,0]
[0,0,0]
[0,0,0]
[0,0,0]
[0,0,0]
[0,0,0]
[0,0,0]
[0,0,0]
[0,0,0]
[0,0,0]
[0,0,0]
[0,0,0]
[0,0,0]
[0,0,0]
[0,0,0]
[0,0,0]
[0,0,0]
[0,0,0]
[0,0,0]
[0,0,0]
[0,0,0]