41
10
[23.577,1.87,1.27]
[23.577,1.87,1.27]
[23.577,1.87,1.27]
[23.577,1.87,1.27]
[23.577,1.87,1.27]
[23.577,1.87,1.27]
[23.577,1.87,1.27]
[23.577,1.87,1.27]
[23.577,1.87,1.27]
[23.577,1.87,1.27]
[23.577,1.87,1.27]
[23.577,1.87,1.27]
[23.577,1.87,1.27]
[23.577,1.87,1.27]
[23.577,1.87,1.27]
[23.577,1.87,1.27]
[19.727,1.87,1.27]
[15.877,1.87,1.27]
[12.027,1.87,1.27]
[8.177,1.87,1.27]
[4.327,1.87,1.27]
[0.477,1.87,1.27]
[-3.373,1.87,1.27]
[-3.373,1.87,1.27]
[-3.373,1.87,1.27]
[-3.373,1.87,1.27]
[-3.373,1.87,1.27]
[-3.373,1.87,1.27]
[-3.373,1.87,1.27]
[-3.373,1.87,1.27]
[-3.373,1.87,1.27]
[-3.373,1.87,1.27]
[-3.373,1.87,1.27]
[-3.373,1.87,1.27]
[-3.373,1.87,1.27]
[-3.373,1.87,1.27]
[-3.373,1.87,1.27]
[3.3645,1.87,1.27]
[10.102,1.87,1.27]
[16.8395,1.87,1.27]
[23.577,1.87,1.27]
[0,-0,0]
[0,0,0]
[0,0,0]
[0,0,0]
[0,0,0]
[0,0,0]
[0,0,0]
[0,0,0]
[0,0,0]
[0,0,0]
[0,0,0]
[0,0,0]
[0,0,0]
[0,0,0]
[0,0,0]
[0,0,0]
[0,0,0]
[0,0,0]
[0,0,0]
[0,0,0]
[0,0,0]
[0,0,0]
[0,0,0]
[0,0,0]
[0,0,0]
[0,0,0]
[0,0,0]
[0,0,0]
[0,0,0]
[0,0,0]
[0,0,0]
[0,0,0]
[0,0,0]
[0,0,0]
[0,0,0]
[0,0,0]
[0,0,0]
[0,0,0]
[0,0,0]
[0,0,0]
[0,0,0]