40
10
[-0.4,19.85,-2.955]
[-0.4,19.85,-2.955]
[-0.4,19.85,-2.955]
[-0.4,19.85,-2.955]
[-0.4,19.85,-2.955]
[-0.4,21.14,-2.955]
[-0.4,22.43,-2.955]
[-0.4,23.72,-2.955]
[-0.4,25.01,-2.955]
[-0.4,26.3,-2.955]
[-0.4,26.3,-2.955]
[-0.4,26.3,-2.955]
[-0.4,26.3,-2.955]
[-0.4,26.3,-2.955]
[-0.4,24.6875,-2.955]
[-0.4,23.075,-2.955]
[-0.4,21.4625,-2.955]
[-0.4,19.85,-2.955]
[-0.4,19.85,-2.955]
[-0.4,19.85,-2.955]
[-0.4,19.85,-2.955]
[-0.4,19.85,-2.955]
[-0.4,19.85,-2.955]
[-0.4,19.85,-2.955]
[-0.4,19.85,-2.955]
[-0.4,21.4625,-2.955]
[-0.4,23.075,-2.955]
[-0.4,24.6875,-2.955]
[-0.4,26.3,-2.955]
[-0.4,26.3,-2.955]
[-0.4,26.3,-2.955]
[-0.4,26.3,-2.955]
[-0.4,26.3,-2.955]
[-0.4,26.3,-2.955]
[-0.4,26.3,-2.955]
[-0.4,26.3,-2.955]
[-0.4,26.3,-2.955]
[-0.4,24.15,-2.955]
[-0.4,22,-2.955]
[-0.4,19.85,-2.955]
[0,-0,0]
[0,0,0]
[0,0,0]
[0,0,0]
[0,0,0]
[0,0,0]
[0,0,0]
[0,0,0]
[0,0,0]
[0,0,0]
[0,0,0]
[0,0,0]
[0,0,0]
[0,0,0]
[0,0,0]
[0,0,0]
[0,0,0]
[0,0,0]
[0,0,0]
[0,0,0]
[0,0,0]
[0,0,0]
[0,0,0]
[0,0,0]
[0,0,0]
[0,0,0]
[0,0,0]
[0,0,0]
[0,0,0]
[0,0,0]
[0,0,0]
[0,0,0]
[0,0,0]
[0,0,0]
[0,0,0]
[0,0,0]
[0,0,0]
[0,0,0]
[0,0,0]
[0,0,0]