37
10
[-3.373,8.32,1.27]
[-3.373,8.32,1.27]
[-3.373,8.32,1.27]
[-3.373,8.32,1.27]
[-3.373,8.32,1.27]
[-3.373,8.32,1.27]
[-3.373,8.32,1.27]
[-3.373,8.32,1.27]
[-3.373,8.32,1.27]
[-3.373,8.32,1.27]
[4.69525,8.32,1.27]
[12.7635,8.32,1.27]
[20.8318,8.32,1.27]
[28.9,8.32,1.27]
[28.9,8.32,1.27]
[28.9,8.32,1.27]
[28.9,8.32,1.27]
[28.9,8.32,1.27]
[28.9,8.32,1.27]
[28.9,8.32,1.27]
[28.9,8.32,1.27]
[28.9,8.32,1.27]
[28.9,8.32,1.27]
[28.9,8.32,1.27]
[28.9,8.32,1.27]
[28.9,8.32,1.27]
[28.9,8.32,1.27]
[28.9,8.32,1.27]
[28.9,8.32,1.27]
[24.8659,8.32,1.27]
[20.8317,8.32,1.27]
[16.7976,8.32,1.27]
[12.7635,8.32,1.27]
[8.72938,8.32,1.27]
[4.69525,8.32,1.27]
[0.661125,8.32,1.27]
[-3.373,8.32,1.27]
[0,-0,0]
[0,0,0]
[0,0,0]
[0,0,0]
[0,0,0]
[0,0,0]
[0,0,0]
[0,0,0]
[0,0,0]
[0,0,0]
[0,0,0]
[0,0,0]
[0,0,0]
[0,0,0]
[0,0,0]
[0,0,0]
[0,0,0]
[0,0,0]
[0,0,0]
[0,0,0]
[0,0,0]
[0,0,0]
[0,0,0]
[0,0,0]
[0,0,0]
[0,0,0]
[0,0,0]
[0,0,0]
[0,0,0]
[0,0,0]
[0,0,0]
[0,0,0]
[0,0,0]
[0,0,0]
[0,0,0]
[0,0,0]
[0,0,0]