39
10
[0,0,0]
[0,0,0]
[0,0,0]
[0,0,0]
[0,0,0]
[0,0,0]
[0,0,0]
[0,0,0]
[0,0,0]
[0,0,0]
[0,0,0]
[0,0,0]
[0,0,0]
[0,0,0]
[0,0,0]
[0,0,0]
[0,0,0]
[0,0,0]
[0,0,0]
[0,0,0]
[0,0,0]
[0,0,0]
[0,0,0]
[0,0,0]
[0,0,0]
[0,0,0]
[0,0,0]
[0,0,0]
[0,0,0]
[0,0,0]
[0,0,0]
[0,0,0]
[0,0,0]
[0,0,0]
[0,0,0]
[0,0,0]
[0,0,0]
[0,0,0]
[0,0,0]
[0,0,0]
[0,-0,0.125]
[0,-0,0.125]
[0,-0,0]
[0,-0,0]
[0,-0,0]
[0,-0,0]
[0,-0,-0.125]
[0,-0,-0.125]
[0,-0,0]
[0,-0,0]
[0,-0,0.122]
[0,-0,0.122]
[0,-0,0]
[0,-0,0]
[0,-0,0]
[0,-0,0]
[0,-0,0]
[0,-0,0]
[0,-0,0]
[0,-0,0]
[0,-0,0]
[0,-0,0]
[0,-0,0]
[0,-0,0]
[0,-0,0]
[0,-0,0]
[0,-0,0]
[0,-0,0]
[0,-0,0]
[0,-0,0]
[0,-0,0]
[0,-0,0]
[0,-0,0]
[0,-0,0]
[0,-0,0]
[0,-0,-0.0813333]
[0,-0,-0.0813333]
[0,-0,-0.0813333]