39
10
[0,0,0]
[0,0,0]
[0,0,0]
[0,0,0]
[0,0,0]
[0,0,0]
[0,0,0]
[0,0,0]
[0,0,0]
[0,0,0]
[0,0,0]
[0,0,0]
[0,0,0]
[0,0,0]
[0,0,0]
[0,0,0]
[0,0,0]
[0,0,0]
[0,0,0]
[0,0,0]
[0,0,0]
[0,0,0]
[0,0,0]
[0,0,0]
[0,0,0]
[0,0,0]
[0,0,0]
[0,0,0]
[0,0,0]
[0,0,0]
[0,0,0]
[0,0,0]
[0,0,0]
[0,0,0]
[0,0,0]
[0,0,0]
[0,0,0]
[0,0,0]
[0,0,0]
[0,0,0]
[0,-0,0]
[0,-0,0]
[0,-0,0]
[0,-0,0]
[0,-0,0]
[0,-0,0]
[0,-0,0]
[0,-0,0]
[0,-0,-0.204]
[0,-0,-0.204]
[0,-0,-0.204]
[0,-0,-0.204]
[0,-0,-0.204]
[0,-0,0]
[0,-0,0]
[0,-0,0]
[0,-0,0]
[0,-0,0]
[0,-0,0]
[0,-0,0]
[0,-0,0]
[0,-0,0]
[0,-0,0]
[0,-0,0]
[0,-0,0]
[0,-0,0]
[0,-0,0]
[0,-0,0]
[0,-0,0]
[0,-0,0.113333]
[0,-0,0.113333]
[0,-0,0.113333]
[0,-0,0.113333]
[0,-0,0.113333]
[0,-0,0.113333]
[0,-0,0.113333]
[0,-0,0.113333]
[0,-0,0.113333]