39
10
[0,0,0]
[0,0,0]
[0,0,0]
[0,0,0]
[0,0,0]
[0,0,0]
[0,0,0]
[0,0,0]
[0,0,0]
[0,0,0]
[0,0,0]
[0,0,0]
[0,0,0]
[0,0,0]
[0,0,0]
[0,0,0]
[0,0,0]
[0,0,0]
[0,0,0]
[0,0,0]
[0,0,0]
[0,0,0]
[0,0,0]
[0,0,0]
[0,0,0]
[0,0,0]
[0,0,0]
[0,0,0]
[0,0,0]
[0,0,0]
[0,0,0]
[0,0,0]
[0,0,0]
[0,0,0]
[0,0,0]
[0,0,0]
[0,0,0]
[0,0,0]
[0,0,0]
[0,0,0]
[0,-0,0]
[0,-0,0]
[0,-0,0]
[0,-0,0]
[0,-0,0]
[0,-0,0]
[0,-0,0]
[0,-0,0]
[0,-0,0]
[0,-0,0]
[0,-0.385,0]
[0,-0.385,0]
[0,-0,0]
[0,-0,0]
[0,-0,0]
[0,-0,0]
[0,-0,0]
[0,-0,0]
[0,-0,0]
[0,-0,0]
[0,-0,0]
[0,-0,0]
[0,-0,0]
[0,-0,0]
[0,-0,0]
[0,-0,0]
[0,-0,0]
[0,-0,0]
[0,-0,0]
[0,-0,0]
[0,-0,0]
[0,-0,0]
[0,-0,0]
[0,-0,0]
[0,0.1925,0]
[0,0.1925,0]
[0,0.1925,0]
[0,0.1925,0]