39
10
[0,0,0]
[0,0,0]
[0,0,0]
[0,0,0]
[0,0,0]
[0,0,0]
[0,0,0]
[0,0,0]
[0,0,0]
[0,0,0]
[0,0,0]
[0,0,0]
[0,0,0]
[0,0,0]
[0,0,0]
[0,0,0]
[0,0,0]
[0,0,0]
[0,0,0]
[0,0,0]
[0,0,0]
[0,0,0]
[0,0,0]
[0,0,0]
[0,0,0]
[0,0,0]
[0,0,0]
[0,0,0]
[0,0,0]
[0,0,0]
[0,0,0]
[0,0,0]
[0,0,0]
[0,0,0]
[0,0,0]
[0,0,0]
[0,0,0]
[0,0,0]
[0,0,0]
[0,0,0]
[0,-0,0]
[0,-0,0]
[0,-0,0]
[0,-0,0]
[0,-0,0]
[0,-0,0]
[0,-0,0]
[0,-0,0]
[0,0.50952,0]
[0,0.50952,0]
[0,0.50952,0]
[0,0.50952,0]
[0,0.50952,0]
[0,-0.04,0]
[0,-0.04,0]
[0,-0.04,0]
[0,-0.04,0]
[0,-0.04,0]
[0,-0,0]
[0,-0,0]
[0,-0,0]
[0,-0,0]
[0,-0,0]
[0,-0,0]
[0,-0,0]
[0,-0,0]
[0,-0,0]
[0,-0,0]
[0,-0,0]
[0,0.2,0]
[0,-0.31845,0]
[0,-0.31845,0]
[0,-0.31845,0]
[0,-0.31845,0]
[0,-0.31845,0]
[0,-0.31845,0]
[0,-0.31845,0]
[0,-0.31845,0]