39
10
[0,0,0]
[0,0,0]
[0,0,0]
[0,0,0]
[0,0,0]
[0,0,0]
[0,0,0]
[0,0,0]
[0,0,0]
[0,0,0]
[0,0,0]
[0,0,0]
[0,0,0]
[0,0,0]
[0,0,0]
[0,0,0]
[0,0,0]
[0,0,0]
[0,0,0]
[0,0,0]
[0,0,0]
[0,0,0]
[0,0,0]
[0,0,0]
[0,0,0]
[0,0,0]
[0,0,0]
[0,0,0]
[0,0,0]
[0,0,0]
[0,0,0]
[0,0,0]
[0,0,0]
[0,0,0]
[0,0,0]
[0,0,0]
[0,0,0]
[0,0,0]
[0,0,0]
[0,0,0]
[0,-0,0]
[0,-0,0]
[0,-0,0]
[0,-0,0]
[0,-0,0]
[0,-0,0]
[0,-0,0]
[0,-0,0]
[0,-0,-0.40525]
[0,-0,-0.40525]
[0,-0,-0.40525]
[0,-0,-0.40525]
[0,-0,0]
[0,-0,0]
[0,-0,0]
[0,-0,0]
[0,-0,0]
[0,-0,0]
[0,-0,0]
[0,-0,0]
[0,-0,0]
[0,-0,0]
[0,-0,0]
[0,-0,0]
[0,-0,0]
[0,-0,0]
[0,-0,0]
[0,-0,0]
[0,-0,0]
[0,-0,0.180111]
[0,-0,0.180111]
[0,-0,0.180111]
[0,-0,0.180111]
[0,-0,0.180111]
[0,-0,0.180111]
[0,-0,0.180111]
[0,-0,0.180111]
[0,-0,0.180111]