21
10
[21.1,18.666,-17.778]
[21.1,18.0703,-17.778]
[21.1,17.4745,-17.778]
[21.1,16.8788,-17.778]
[21.1,16.283,-17.778]
[21.1,15.6873,-17.778]
[21.1,15.0915,-17.778]
[21.1,14.4958,-17.778]
[21.1,13.9,-17.778]
[21.1,13.9,-17.778]
[21.1,13.9,-17.778]
[21.1,13.9,-17.778]
[21.1,13.9,-17.778]
[21.1,13.9,-17.778]
[21.1,13.9,-17.778]
[21.1,13.9,-17.778]
[21.1,14.8532,-17.778]
[21.1,15.8064,-17.778]
[21.1,16.7596,-17.778]
[21.1,17.7128,-17.778]
[21.1,18.666,-17.778]
[0,-0,0]
[0,0,0]
[0,0,0]
[0,0,0]
[0,0,0]
[0,0,0]
[0,0,0]
[0,0,0]
[0,0,0]
[0,0,0]
[0,0,0]
[0,0,0]
[0,0,0]
[0,0,0]
[0,0,0]
[0,0,0]
[0,0,0]
[0,0,0]
[0,0,0]
[0,0,0]
[0,0,0]