28
10
[0,0,134.445]
[0,0,129.466]
[0,0,124.486]
[0,0,119.507]
[0,0,114.527]
[0,0,109.548]
[0,0,104.568]
[0,0,99.5889]
[0,0,94.6094]
[0,0,89.63]
[0,0,84.6506]
[0,0,79.6711]
[0,0,74.6917]
[0,0,69.7122]
[0,0,64.7328]
[0,0,59.7533]
[0,0,54.7739]
[0,0,49.7944]
[0,0,44.815]
[0,0,39.8356]
[0,0,34.8561]
[0,0,29.8767]
[0,0,24.8972]
[0,0,19.9178]
[0,0,14.9383]
[0,0,9.95889]
[0,0,4.97944]
[0,0,0]
[-0,0,0]
[-0,0,0]
[-0,0,0]
[-0,0,0]
[-0,0,0]
[-0,0,0]
[-0,0,0]
[-0,0,0]
[-0,0,0]
[-0,0,0]
[-0,0,0]
[-0,0,0]
[-0,0,0]
[-0,0,0]
[-0,0,0]
[-0,0,0]
[-0,0,0]
[-0,0,0]
[-0,0,0]
[-0,0,0]
[-0,0,0]
[-0,0,0]
[-0,0,0]
[-0,0,0]
[-0,0,0]
[-0,0,0]
[-0,0,0]
[-0,0,0]