24
10
[0,0,114.445]
[0,0,109.469]
[0,0,104.493]
[0,0,99.5174]
[0,0,94.5415]
[0,0,89.5657]
[0,0,84.5898]
[0,0,79.6139]
[0,0,74.638]
[0,0,69.6622]
[0,0,64.6863]
[0,0,59.7104]
[0,0,54.7346]
[0,0,49.7587]
[0,0,44.7828]
[0,0,39.807]
[0,0,34.8311]
[0,0,29.8552]
[0,0,24.8793]
[0,0,19.9035]
[0,0,14.9276]
[0,0,9.95174]
[0,0,4.97587]
[0,0,1.42109e-14]
[-0,0,0]
[-0,0,0]
[-0,0,0]
[-0,0,0]
[-0,0,0]
[-0,0,0]
[-0,0,0]
[-0,0,0]
[-0,0,0]
[-0,0,0]
[-0,0,0]
[-0,0,0]
[-0,0,0]
[-0,0,0]
[-0,0,0]
[-0,0,0]
[-0,0,0]
[-0,0,0]
[-0,0,0]
[-0,0,0]
[-0,0,0]
[-0,0,0]
[-0,0,0]
[-0,0,0]