452
30
[42.94045639, 994.91366577, 1050.08520508]
[44.35235596, 992.81027222, 1052.51904297]
[48.36521149, 991.53143311, 1052.61108398]
[50.63426971, 990.31755066, 1053.54125977]
[57.04808044, 986.94284058, 1053.84912109]
[64.61452484, 986.42364502, 1052.85595703]
[66.87526703, 986.73043823, 1053.80224609]
[74.85705566, 990.1131134, 1053.45068359]
[76.959198, 989.65007019, 1053.52783203]
[82.58634186, 988.89949036, 1052.5925293]
[84.14419556, 988.284729, 1052.93188477]
[88.81832123, 987.4145813, 1053.26367188]
[90.61672974, 987.1938324, 1053.91577148]
[91.5425415, 987.03919983, 1054.04077148]
[97.28725433, 986.63969421, 1053.68530273]
[99.83306885, 987.20292664, 1054.67089844]
[100.31311798, 987.38705444, 1054.22045898]
[102.14090729, 986.30233765, 1053.43334961]
[102.78765869, 986.14414978, 1053.19140625]
[106.64971924, 985.31135559, 1048.22314453]
[114.78974152, 985.00209045, 1047.50683594]
[114.67845917, 986.30836487, 1046.69995117]
[113.80465698, 985.76672363, 1044.63415527]
[114.08418274, 985.62181091, 1042.09973145]
[113.40496063, 985.34442139, 1040.10253906]
[112.80452728, 984.44802856, 1036.80249023]
[112.45780945, 983.58898926, 1034.36877441]
[112.81257629, 983.09155273, 1033.62683105]
[111.13896179, 981.78590393, 1032.20776367]
[105.5904007, 981.35115051, 1030.16015625]
[105.33405304, 981.51771545, 1029.26086426]
[105.283638, 981.53678894, 1029.16333008]
[105.22937012, 981.39407349, 1029.00476074]
[101.94662476, 979.22601318, 1029.44750977]
[101.03220367, 979.45582581, 1031.23303223]
[101.02478027, 976.92424011, 1034.84509277]
[101.04694366, 976.89808655, 1034.82702637]
[94.19033813, 978.39543152, 1052.48852539]
[88.39012146, 973.31809998, 1057.34155273]
[87.02601624, 974.7558136, 1064.12548828]
[81.76650238, 978.31134033, 1064.79907227]
[72.21898651, 983.39553833, 1066.28466797]
[64.091362, 988.8008728, 1063.94067383]
[50.34320831, 992.6100769, 1054.60644531]
[45.74818802, 993.29840088, 1050.15893555]
[34.88870621, 991.48985291, 1040.03955078]
[28.66464043, 989.83265686, 1034.74804688]
[16.91764069, 986.13967896, 1017.76245117]
[4.426579, 983.88909912, 1004.92614746]
[-2.56548119, 978.39666748, 992.57788086]
[-18.14164162, 975.62573242, 980.82189941]
[-25.32838631, 970.44340515, 978.42089844]
[-45.40362549, 960.11094666, 977.43847656]
[-49.93864441, 957.7167511, 971.2857666]
[-59.49198532, 959.43939209, 965.20727539]
[-61.42186737, 961.46139526, 958.53723145]
[-63.37114334, 965.22772217, 952.42590332]
[-62.02473831, 974.4770813, 947.90905762]
[-62.41967392, 982.52619934, 940.54321289]
[-59.70420074, 989.25431824, 934.69360352]
[-53.41373825, 992.39164734, 925.58349609]
[-40.67221451, 998.93560791, 916.69921875]
[-37.10100937, 999.64997864, 910.91821289]
[-30.00046539, 997.80693054, 901.90734863]
[-21.20003319, 984.60900879, 888.07995605]
[-10.28420162, 983.21966553, 871.00817871]
[0.293645859, 0.0980254974, 860.103394]
[7.31543446, 980.0219574, 855.23571777]
[26.77222824, 977.25471497, 850.90734863]
[29.78499603, 976.87266541, 852.96838379]
[49.51580048, 964.51312256, 856.77844238]
[56.10633087, 961.0149231, 854.02307129]
[62.63826752, 964.54856873, 850.07897949]
[66.08979034, 966.63883972, 849.3458252]
[81.27419281, 976.08616638, 851.23522949]
[85.66247559, 990.31149292, 847.57446289]
[90.71466064, 998.17585754, 848.0847168]
[101.55827332, 1007.25643921, 844.28027344]
[110.30667877, 1012.98953247, 843.63244629]
[116.62256622, 1004.38742065, 834.95129395]
[117.82407379, 1006.55366516, 833.51000977]
[112.84724426, 1005.90263367, 831.67163086]
[114.34233093, 997.51582336, 831.27416992]
[123.87711334, 989.01846313, 840.60717773]
[137.48658752, 980.37159729, 871.67211914]
[144.47273254, 968.2922821, 889.80053711]
[142.14674377, 953.99247742, 909.4465332]
[152.86068726, 949.59570312, 908.30981445]
[157.37490845, 948.81912231, 901.11682129]
[164.17651367, 952.69398499, 899.6854248]
[154.05291748, 954.7640686, 883.89367676]
[150.9303894, 962.29428101, 877.23132324]
[150.12823486, 965.77505493, 873.38647461]
[150.62893677, 983.40357971, 848.28125]
[142.29472351, 998.00445557, 833.45007324]
[132.35206604, 1008.68240356, 817.42016602]
[127.88400269, 1013.58824158, 804.05932617]
[129.18389893, 1011.87304688, 796.3482666]
[128.51463318, 1006.0144043, 781.66088867]
[135.41687012, 986.40585327, 769.94787598]
[133.70132446, 966.74714661, 753.83251953]
[133.57408142, 950.04167175, 743.68359375]
[136.67425537, 933.20010376, 732.57080078]
[142.7184906, 934.79772949, 723.32141113]
[147.22375488, 942.57014465, 724.15380859]
[158.73399353, 950.53279114, 710.18725586]
[164.66648865, 963.86012268, 708.73120117]
[172.40161133, 970.7204895, 706.09216309]
[188.51014709, 976.76399231, 711.08752441]
[199.97622681, 977.27835083, 719.79455566]
[204.47200012, 973.45079041, 726.05847168]
[216.23085022, 959.96229553, 734.78466797]
[245.76078796, 945.42100525, 732.47045898]
[248.24203491, 933.0431366, 729.37268066]
[253.39730835, 938.09588623, 727.27307129]
[257.06881714, 939.11804199, 727.02294922]
[262.69717407, 942.22845459, 726.57312012]
[266.65142822, 954.52915955, 722.13146973]
[264.16970825, 961.66654968, 723.3203125]
[264.18371582, 964.75390625, 728.04663086]
[263.17605591, 972.36749268, 733.33947754]
[263.68057251, 977.94433594, 739.18591309]
[264.71121216, 984.04634094, 748.92138672]
[260.30566406, 983.08155823, 763.67822266]
[253.63447571, 983.10707092, 774.42993164]
[251.65167236, 984.07058716, 779.63146973]
[223.1083374, 986.23335266, 803.68408203]
[208.832901, 981.22817993, 817.35668945]
[181.17521667, 969.97941589, 825.48339844]
[156.14949036, 968.31468201, 808.49487305]
[142.44554138, 948.71633911, 785.2911377]
[146.82124329, 939.72157288, 780.34997559]
[151.54156494, 923.37548828, 799.10583496]
[140.56515503, 917.67856598, 796.55200195]
[121.87844849, 924.41239929, 806.2857666]
[105.52436829, 936.02983093, 810.44946289]
[92.22925568, 946.48902893, 826.46325684]
[76.2692337, 961.40156555, 839.70129395]
[56.63331604, 975.91856384, 849.96813965]
[37.80054855, 992.58180237, 855.76916504]
[25.98291206, 998.23254395, 859.21398926]
[7.71717501, 998.4385376, 852.66589355]
[-4.57993412, 992.68766785, 849.15466309]
[-27.64805984, 978.42938232, 839.33557129]
[-40.77468491, 963.65260315, 840.77160645]
[-60.674366, 935.84692383, 842.64880371]
[-72.06078339, 927.20812988, 845.05615234]
[-80.49488068, 924.69547272, 847.6036377]
[-86.8423233, 931.90124512, 846.04846191]
[-90.74136353, 937.00520325, 842.1706543]
[-95.28529358, 945.03549194, 838.95263672]
[-100.63420868, 955.1587677, 835.12268066]
[-100.60067749, 962.79647827, 831.47253418]
[-103.9402771, 969.01112366, 825.57080078]
[-111.1523819, 980.19247437, 818.25390625]
[-113.31835938, 982.13365173, 812.03320312]
[-114.41833496, 982.30378723, 803.25158691]
[-113.29688263, 985.20503235, 792.70336914]
[-112.40630341, 985.17008972, 775.09545898]
[-118.37465668, 975.37609863, 754.19262695]
[-116.537323, 965.36235046, 732.48999023]
[-115.94864655, 954.0471344, 722.6541748]
[-120.02709961, 935.83580017, 710.12451172]
[-128.41934204, 919.7006073, 688.54846191]
[-133.35731506, 905.97509766, 660.71826172]
[-145.20346069, 909.94970703, 634.76660156]
[-148.53660583, 918.34763336, 611.16784668]
[-155.52160645, 933.59623718, 584.06774902]
[-163.22549438, 939.50767517, 552.61340332]
[-170.29692078, 952.42672729, 525.75073242]
[-174.48869324, 957.12765503, 502.89245605]
[-179.58792114, 954.62358093, 482.65942383]
[-180.52005005, 949.512146, 460.80944824]
[-178.26348877, 930.03511047, 444.75415039]
[-171.17399597, 919.71038818, 423.07800293]
[-172.26501465, 918.98529053, 416.79260254]
[-166.17941284, 927.99781799, 392.7911377]
[-170.29631042, 926.97949982, 402.79003906]
[-175.2485199, 933.13551331, 376.30493164]
[-180.33332825, 935.0198822, 369.52270508]
[-195.11984253, 939.52470398, 344.1854248]
[-189.2832489, 937.84559631, 327.97973633]
[-191.62940979, 940.51623535, 330.71936035]
[-194.38941956, 934.08947754, 349.2578125]
[-185.95533752, 938.60903931, 342.33349609]
[-176.61657715, 942.59100342, 355.26806641]
[-166.98912048, 940.10585022, 395.58459473]
[-147.76719666, 947.92480469, 402.41003418]
[-141.02282715, 947.49739075, 400.13903809]
[-137.63417053, 939.30984497, 412.33581543]
[-136.63018799, 931.30270386, 433.93847656]
[-135.12652588, 930.31600952, 460.40637207]
[-130.27545166, 939.37184143, 483.92321777]
[-121.57666016, 942.28102112, 514.4017334]
[-119.68746185, 947.14588928, 560.51989746]
[-114.90798187, 945.80458069, 589.98852539]
[-110.66163635, 936.63825989, 627.5177002]
[-98.67719269, 937.61816406, 658.42297363]
[-88.60548401, 944.19714355, 683.92114258]
[-74.73090363, 957.43286133, 712.92626953]
[-65.75072479, 969.99813843, 741.26074219]
[-61.9125824, 979.47453308, 769.63366699]
[-56.97779083, 987.16693115, 795.0291748]
[-48.5474205, 988.81715393, 822.51782227]
[-38.58087921, 991.35444641, 848.66162109]
[-26.15138817, 991.06916809, 866.57385254]
[-23.02226257, 989.30836487, 883.03186035]
[-1.16342127, 981.1206665, 908.26672363]
[5.52061129, 980.79296875, 940.29724121]
[12.35692501, 974.81845093, 974.86230469]
[25.21767807, 968.9822998, 1008.11962891]
[30.98912239, 954.57624817, 1032.75036621]
[42.39006805, 948.34191895, 1053.90234375]
[53.34165955, 958.41389465, 1066.63867188]
[57.92617035, 967.72662354, 1075.16308594]
[63.58753204, 985.01976013, 1081.06542969]
[73.39979553, 1005.32502747, 1081.72436523]
[82.03444672, 1026.89987183, 1078.08959961]
[88.97621918, 1039.43878174, 1083.24560547]
[92.46746826, 1040.44528198, 1083.53930664]
[100.16056824, 1031.10546875, 1081.64282227]
[108.6519928, 1019.97261047, 1082.57202148]
[110.41077423, 997.29554749, 1087.36523438]
[109.03250122, 983.7106781, 1082.47094727]
[116.59231567, 976.71284485, 1086.78540039]
[118.38326263, 980.05235291, 1086.59008789]
[123.47014618, 983.5717926, 1079.60009766]
[127.13372803, 985.3536377, 1073.33300781]
[149.58302307, 996.86233521, 1074.91064453]
[156.59429932, 1002.11566162, 1082.91943359]
[141.94544983, 1022.72357178, 1092.76855469]
[134.73391724, 1046.32731628, 1106.1315918]
[129.28643799, 1076.75753784, 1099.015625]
[118.85906982, 1101.23834229, 1111.86865234]
[119.66189575, 1109.75204468, 1114.44213867]
[119.01069641, 1111.81600952, 1130.86621094]
[121.86145782, 1100.6083374, 1133.03222656]
[126.61044312, 1081.43942261, 1141.53540039]
[123.60112762, 1060.34176636, 1149.80444336]
[116.80149078, 1040.12309265, 1163.45703125]
[113.65131378, 998.9839325, 1174.39746094]
[113.33673096, 981.41757202, 1188.59130859]
[114.0959549, 969.66539001, 1203.18359375]
[113.03249359, 959.871521, 1211.74609375]
[123.32389832, 940.84283447, 1230.58959961]
[130.02505493, 925.85009766, 1238.64868164]
[132.5848999, 906.56336975, 1247.13232422]
[130.43989563, 880.90447235, 1258.30566406]
[131.18896484, 868.77160645, 1253.63012695]
[130.1605072, 835.92883682, 1258.35668945]
[132.33596802, 806.58005047, 1265.82543945]
[137.1305542, 774.92808723, 1265.72070312]
[141.7958374, 752.29888153, 1265.13647461]
[143.71459961, 719.68242645, 1273.95654297]
[138.90325928, 703.76663971, 1273.7956543]
[139.72145081, 699.71852112, 1276.56225586]
[140.12919617, 700.63621521, 1281.22387695]
[144.02554321, 704.62494659, 1273.87890625]
[147.94548035, 719.23933411, 1272.64208984]
[154.79458618, 734.53646851, 1267.8293457]
[154.50506592, 748.14041138, 1260.43164062]
[155.67179871, 770.36199379, 1247.41186523]
[152.60215759, 802.9969635, 1246.11279297]
[150.61355591, 845.21383667, 1233.94433594]
[145.33598328, 896.79154205, 1220.71972656]
[142.4815979, 952.33029175, 1201.10546875]
[142.74377441, 1002.94610596, 1177.28613281]
[133.74246216, 1054.31999207, 1156.08374023]
[132.46855164, 1097.20166016, 1140.82397461]
[130.21836853, 1112.13461304, 1121.85253906]
[124.85453796, 1146.45480347, 1116.58862305]
[125.21820068, 1155.60427856, 1113.63232422]
[128.64814758, 1151.087677, 1102.92871094]
[127.05853271, 1129.51672363, 1085.95288086]
[132.73100281, 1116.29699707, 1084.05273438]
[130.31782532, 1073.13549805, 1078.99755859]
[127.32383728, 1040.37371826, 1086.77880859]
[124.23435974, 1016.92700195, 1082.40136719]
[124.45948792, 996.30358887, 1074.28540039]
[113.84494019, 973.34550476, 1057.73876953]
[109.85733795, 955.64772034, 1046.17236328]
[101.13394165, 946.98548889, 1031.44458008]
[96.61358643, 937.00341797, 1008.29528809]
[94.40097809, 934.59301758, 983.22290039]
[85.1726532, 934.10343933, 961.39831543]
[74.83630371, 940.76469421, 947.80615234]
[68.06171417, 943.54042053, 938.53344727]
[64.41641235, 939.56388855, 922.60498047]
[64.17182159, 945.77536011, 901.09765625]
[65.42471313, 957.11657715, 878.55737305]
[66.98790741, 956.30700684, 849.89587402]
[65.60473633, 956.51838684, 836.52880859]
[57.59533691, 960.17160034, 810.11657715]
[58.08781433, 962.43057251, 807.62084961]
[55.1072197, 963.9276886, 787.74243164]
[56.38212204, 967.02001953, 759.98474121]
[59.37360001, 963.15211487, 730.00891113]
[74.64940643, 967.02861023, 695.81713867]
[70.8744812, 962.95753479, 677.81066895]
[73.15103149, 958.84350586, 647.68408203]
[77.99660492, 961.6288147, 603.6517334]
[75.46948242, 952.82591248, 568.8807373]
[76.6395874, 943.14933777, 540.93347168]
[77.72008514, 927.56826019, 519.53479004]
[77.73534393, 922.64324188, 502.39770508]
[83.10842133, 912.82863617, 490.29858398]
[82.70401764, 910.87267303, 485.65136719]
[81.81053162, 913.8951416, 479.84423828]
[82.02770996, 917.612854, 473.68310547]
[84.76850128, 924.55158997, 466.81774902]
[90.34541321, 932.71228027, 464.99023438]
[90.80844879, 940.49130249, 458.10131836]
[87.8420639, 943.79640198, 461.15112305]
[89.66749573, 949.24429321, 462.95605469]
[90.45924377, 955.54862976, 467.00292969]
[88.50411987, 962.8681488, 472.35412598]
[89.37599945, 964.94142151, 469.06054688]
[91.7110672, 962.85787964, 461.41845703]
[88.86327362, 959.25228882, 454.01831055]
[81.39004517, 959.07894897, 451.03112793]
[64.9625473, 965.05055237, 464.78344727]
[53.56893921, 963.42723083, 474.20422363]
[45.85424423, 960.67237854, 492.65917969]
[38.83033371, 961.0793457, 494.23474121]
[37.48764801, 958.42066956, 499.33972168]
[46.7768364, 937.76301575, 554.38525391]
[57.38316345, 935.75927734, 554.88586426]
[69.13189697, 937.27723694, 557.94763184]
[67.23749542, 944.15559387, 554.19128418]
[69.16423035, 952.85780334, 549.87402344]
[62.68637466, 969.32489014, 547.31689453]
[57.92786789, 991.54742432, 542.08911133]
[48.26511765, 1006.53726196, 528.66296387]
[38.73291779, 1021.19528198, 516.1817627]
[24.26600266, 1026.44697571, 499.7310791]
[8.73533344, 1036.37797546, 479.63769531]
[-13.11417294, 1040.64453125, 474.77856445]
[-39.33465195, 1025.07496643, 491.02062988]
[-61.71828461, 1006.59709167, 487.48815918]
[-87.38299561, 983.96101379, 493.04174805]
[-108.25921631, 962.09962463, 501.75952148]
[-119.58154297, 944.71672058, 498.61193848]
[-126.2855072, 935.23080444, 492.59191895]
[-131.65171814, 925.86571503, 483.20703125]
[-151.12693787, 928.85510254, 486.48522949]
[-165.79444885, 933.4989624, 486.89587402]
[-174.81900024, 935.81481934, 489.27172852]
[-181.64013672, 945.64303589, 492.79064941]
[-191.25143433, 953.19213867, 495.9810791]
[-192.07089233, 961.78681946, 500.62670898]
[-190.07388306, 965.14094543, 506.07226562]
[-184.1519165, 983.28103638, 514.68859863]
[-184.36430359, 982.36775208, 524.14929199]
[-181.2749939, 982.61288452, 535.04370117]
[-173.00862122, 975.08752441, 549.05737305]
[-166.6842804, 970.62971497, 565.5357666]
[-167.22615051, 958.60238647, 581.0267334]
[-163.73008728, 941.92784119, 583.21118164]
[-163.63378906, 927.17455292, 606.94934082]
[-160.02346802, 930.91007996, 628.67565918]
[-156.66525269, 928.55073547, 638.37280273]
[-137.66279602, 938.7077179, 665.4387207]
[-122.51593018, 956.67687988, 683.42468262]
[-113.9626236, 972.52700806, 698.43664551]
[-101.55883789, 997.27244568, 712.69238281]
[-92.78927612, 1014.33895874, 725.17248535]
[-84.98942566, 1025.46351624, 746.25769043]
[-69.01359558, 1031.88446045, 763.57080078]
[-56.65181351, 1038.0463562, 781.12402344]
[-37.81952286, 1038.00227356, 791.36645508]
[-20.47223282, 1033.15744019, 796.75073242]
[-3.89371824, 1017.61585999, 803.36352539]
[11.83838654, 998.42489624, 811.78417969]
[32.18141556, 979.95703125, 818.25292969]
[47.56882095, 963.56658936, 821.04980469]
[56.62477112, 956.30702209, 827.36096191]
[67.84468842, 952.11242676, 838.67590332]
[77.5192337, 957.66043091, 856.10998535]
[84.09144592, 965.99389648, 866.62573242]
[88.56296539, 974.67118835, 877.0567627]
[96.27692413, 984.79057312, 897.19897461]
[110.14478302, 989.72666931, 926.12133789]
[117.5019989, 1005.06506348, 947.19042969]
[121.70506287, 1005.88575745, 962.36083984]
[126.92138672, 1009.40904236, 978.75402832]
[129.22683716, 1013.44789124, 988.6619873]
[128.81344604, 1009.86238098, 1002.98693848]
[130.42842102, 1004.48150635, 1018.40014648]
[132.57073975, 999.94406128, 1039.43652344]
[136.59326172, 1001.69026184, 1061.43823242]
[143.62602234, 998.27397156, 1074.55419922]
[144.54449463, 991.70173645, 1089.74560547]
[144.23223877, 985.87010193, 1105.91845703]
[149.42288208, 984.67364502, 1129.94921875]
[149.7802887, 979.92468262, 1157.27880859]
[153.70831299, 974.73207092, 1176.27026367]
[162.61175537, 976.27041626, 1201.94116211]
[168.22996521, 976.95854187, 1222.25170898]
[168.31787109, 986.98138428, 1242.7734375]
[169.34724426, 993.89468384, 1253.68994141]
[173.12585449, 1014.34588623, 1263.48144531]
[181.91842651, 1020.24601746, 1267.75463867]
[187.5295105, 1029.65159607, 1281.77392578]
[192.4250946, 1036.23806763, 1294.88305664]
[191.692276, 1034.21633911, 1310.32080078]
[193.65553284, 1034.44140625, 1321.29345703]
[194.09776306, 1033.93788147, 1331.28369141]
[199.10227966, 1033.06201172, 1331.04125977]
[204.07012939, 1018.81256104, 1331.35424805]
[209.18370056, 1009.47071838, 1334.49536133]
[218.85377502, 994.23568726, 1341.09741211]
[228.38563538, 973.71530151, 1343.765625]
[232.246521, 964.98379517, 1337.04248047]
[241.76316833, 963.59329224, 1329.68261719]
[244.20895386, 964.14344788, 1317.75561523]
[247.60076904, 966.71217346, 1315.52978516]
[246.72401428, 980.1973877, 1311.10253906]
[246.51123047, 986.251297, 1309.53857422]
[240.38366699, 1000.94429016, 1310.69702148]
[232.62266541, 1004.88058472, 1310.43286133]
[225.39576721, 1004.88786316, 1309.48168945]
[219.62187195, 1006.16114807, 1310.72802734]
[214.53559875, 998.11048889, 1306.04931641]
[206.38702393, 991.4264679, 1303.80078125]
[199.21328735, 984.365448, 1297.77124023]
[191.01071167, 976.25430298, 1291.67578125]
[178.55456543, 973.58999634, 1280.92797852]
[166.91952515, 971.02149963, 1272.13500977]
[157.85066223, 967.28189087, 1272.05517578]
[153.17634583, 960.91233826, 1258.34033203]
[146.63485718, 950.80213928, 1246.61352539]
[130.63270569, 942.3934021, 1227.51831055]
[116.33560181, 939.09390259, 1206.27978516]
[103.32150269, 938.01516724, 1189.3137207]
[93.19587708, 939.55062866, 1164.41772461]
[81.41933441, 938.19979858, 1145.08447266]
[74.08605194, 941.42221069, 1124.31005859]
[63.55001831, 943.04486084, 1102.70703125]
[55.06674576, 948.33355713, 1083.60229492]
[45.16317368, 951.3745575, 1063.16113281]
[37.43328094, 946.17216492, 1039.03955078]
[31.34583282, 949.71911621, 1013.22460938]
[22.32257843, 949.30831909, 986.93920898]
[15.86153126, 944.34280396, 965.25622559]
[5.82661390e-01, 9.33672409e+02, 9.37573975e+02]
[-8.74282837, 926.20969391, 902.6015625]
[-19.92935562, 925.23384094, 879.75280762]
[-24.02716446, 924.04272461, 848.44555664]
[-25.98851395, 926.36392975, 841.79919434]
[-34.46199417, 930.71252441, 793.09777832]
[-35.53217316, 935.13456726, 769.06591797]
[-37.53865814, 940.41722107, 743.80615234]
[0, 0, 0]
[0, 0, 0]
[0, 0, 0]
[0, 0, 0]
[0, 0, 0]
[0, 0, 0]
[0, 0, 0]
[0, 0, 0]
[0, 0, 0]
[0, 0, 0]
[0, 0, 0]
[0, 0, 0]
[0, 0, 0]
[0, 0, 0]
[0, 0, 0]
[0, 0, 0]
[0, 0, 0]
[0, 0, 0]
[0, 0, 0]
[0, 0, 0]
[0, 0, 0]
[0, 0, 0]
[0, 0, 0]
[0, 0, 0]
[0, 0, 0]
[0, 0, 0]
[0, 0, 0]
[0, 0, 0]
[0, 0, 0]
[0, 0, 0]
[0, 0, 0]
[0, 0, 0]
[0, 0, 0]
[0, 0, 0]
[0, 0, 0]
[0, 0, 0]
[0, 0, 0]
[0, 0, 0]
[0, 0, 0]
[0, 0, 0]
[0, 0, 0]
[0, 0, 0]
[0, 0, 0]
[0, 0, 0]
[0, 0, 0]
[0, 0, 0]
[0, 0, 0]
[0, 0, 0]
[0, 0, 0]
[0, 0, 0]
[0, 0, 0]
[0, 0, 0]
[0, 0, 0]
[0, 0, 0]
[0, 0, 0]
[0, 0, 0]
[0, 0, 0]
[0, 0, 0]
[0, 0, 0]
[0, 0, 0]
[0, 0, 0]
[0, 0, 0]
[0, 0, 0]
[0, 0, 0]
[0, 0, 0]
[0, 0, 0]
[0, 0, 0]
[0, 0, 0]
[0, 0, 0]
[0, 0, 0]
[0, 0, 0]
[0, 0, 0]
[0, 0, 0]
[0, 0, 0]
[0, 0, 0]
[0, 0, 0]
[0, 0, 0]
[0, 0, 0]
[0, 0, 0]
[0, 0, 0]
[0, 0, 0]
[0, 0, 0]
[0, 0, 0]
[0, 0, 0]
[0, 0, 0]
[0, 0, 0]
[0, 0, 0]
[0, 0, 0]
[0, 0, 0]
[0, 0, 0]
[0, 0, 0]
[0, 0, 0]
[0, 0, 0]
[0, 0, 0]
[0, 0, 0]
[0, 0, 0]
[0, 0, 0]
[0, 0, 0]
[0, 0, 0]
[0, 0, 0]
[0, 0, 0]
[0, 0, 0]
[0, 0, 0]
[0, 0, 0]
[0, 0, 0]
[0, 0, 0]
[0, 0, 0]
[0, 0, 0]
[0, 0, 0]
[0, 0, 0]
[0, 0, 0]
[0, 0, 0]
[0, 0, 0]
[0, 0, 0]
[0, 0, 0]
[0, 0, 0]
[0, 0, 0]
[0, 0, 0]
[0, 0, 0]
[0, 0, 0]
[0, 0, 0]
[0, 0, 0]
[0, 0, 0]
[0, 0, 0]
[0, 0, 0]
[0, 0, 0]
[0, 0, 0]
[0, 0, 0]
[0, 0, 0]
[0, 0, 0]
[0, 0, 0]
[0, 0, 0]
[0, 0, 0]
[0, 0, 0]
[0, 0, 0]
[0, 0, 0]
[0, 0, 0]
[0, 0, 0]
[0, 0, 0]
[0, 0, 0]
[0, 0, 0]
[0, 0, 0]
[0, 0, 0]
[0, 0, 0]
[0, 0, 0]
[0, 0, 0]
[0, 0, 0]
[0, 0, 0]
[0, 0, 0]
[0, 0, 0]
[0, 0, 0]
[0, 0, 0]
[0, 0, 0]
[0, 0, 0]
[0, 0, 0]
[0, 0, 0]
[0, 0, 0]
[0, 0, 0]
[0, 0, 0]
[0, 0, 0]
[0, 0, 0]
[0, 0, 0]
[0, 0, 0]
[0, 0, 0]
[0, 0, 0]
[0, 0, 0]
[0, 0, 0]
[0, 0, 0]
[0, 0, 0]
[0, 0, 0]
[0, 0, 0]
[0, 0, 0]
[0, 0, 0]
[0, 0, 0]
[0, 0, 0]
[0, 0, 0]
[0, 0, 0]
[0, 0, 0]
[0, 0, 0]
[0, 0, 0]
[0, 0, 0]
[0, 0, 0]
[0, 0, 0]
[0, 0, 0]
[0, 0, 0]
[0, 0, 0]
[0, 0, 0]
[0, 0, 0]
[0, 0, 0]
[0, 0, 0]
[0, 0, 0]
[0, 0, 0]
[0, 0, 0]
[0, 0, 0]
[0, 0, 0]
[0, 0, 0]
[0, 0, 0]
[0, 0, 0]
[0, 0, 0]
[0, 0, 0]
[0, 0, 0]
[0, 0, 0]
[0, 0, 0]
[0, 0, 0]
[0, 0, 0]
[0, 0, 0]
[0, 0, 0]
[0, 0, 0]
[0, 0, 0]
[0, 0, 0]
[0, 0, 0]
[0, 0, 0]
[0, 0, 0]
[0, 0, 0]
[0, 0, 0]
[0, 0, 0]
[0, 0, 0]
[0, 0, 0]
[0, 0, 0]
[0, 0, 0]
[0, 0, 0]
[0, 0, 0]
[0, 0, 0]
[0, 0, 0]
[0, 0, 0]
[0, 0, 0]
[0, 0, 0]
[0, 0, 0]
[0, 0, 0]
[0, 0, 0]
[0, 0, 0]
[0, 0, 0]
[0, 0, 0]
[0, 0, 0]
[0, 0, 0]
[0, 0, 0]
[0, 0, 0]
[0, 0, 0]
[0, 0, 0]
[0, 0, 0]
[0, 0, 0]
[0, 0, 0]
[0, 0, 0]
[0, 0, 0]
[0, 0, 0]
[0, 0, 0]
[0, 0, 0]
[0, 0, 0]
[0, 0, 0]
[0, 0, 0]
[0, 0, 0]
[0, 0, 0]
[0, 0, 0]
[0, 0, 0]
[0, 0, 0]
[0, 0, 0]
[0, 0, 0]
[0, 0, 0]
[0, 0, 0]
[0, 0, 0]
[0, 0, 0]
[0, 0, 0]
[0, 0, 0]
[0, 0, 0]
[0, 0, 0]
[0, 0, 0]
[0, 0, 0]
[0, 0, 0]
[0, 0, 0]
[0, 0, 0]
[0, 0, 0]
[0, 0, 0]
[0, 0, 0]
[0, 0, 0]
[0, 0, 0]
[0, 0, 0]
[0, 0, 0]
[0, 0, 0]
[0, 0, 0]
[0, 0, 0]
[0, 0, 0]
[0, 0, 0]
[0, 0, 0]
[0, 0, 0]
[0, 0, 0]
[0, 0, 0]
[0, 0, 0]
[0, 0, 0]
[0, 0, 0]
[0, 0, 0]
[0, 0, 0]
[0, 0, 0]
[0, 0, 0]
[0, 0, 0]
[0, 0, 0]
[0, 0, 0]
[0, 0, 0]
[0, 0, 0]
[0, 0, 0]
[0, 0, 0]
[0, 0, 0]
[0, 0, 0]
[0, 0, 0]
[0, 0, 0]
[0, 0, 0]
[0, 0, 0]
[0, 0, 0]
[0, 0, 0]
[0, 0, 0]
[0, 0, 0]
[0, 0, 0]
[0, 0, 0]
[0, 0, 0]
[0, 0, 0]
[0, 0, 0]
[0, 0, 0]
[0, 0, 0]
[0, 0, 0]
[0, 0, 0]
[0, 0, 0]
[0, 0, 0]
[0, 0, 0]
[0, 0, 0]
[0, 0, 0]
[0, 0, 0]
[0, 0, 0]
[0, 0, 0]
[0, 0, 0]
[0, 0, 0]
[0, 0, 0]
[0, 0, 0]
[0, 0, 0]
[0, 0, 0]
[0, 0, 0]
[0, 0, 0]
[0, 0, 0]
[0, 0, 0]
[0, 0, 0]
[0, 0, 0]
[0, 0, 0]
[0, 0, 0]
[0, 0, 0]
[0, 0, 0]
[0, 0, 0]
[0, 0, 0]
[0, 0, 0]
[0, 0, 0]
[0, 0, 0]
[0, 0, 0]
[0, 0, 0]
[0, 0, 0]
[0, 0, 0]
[0, 0, 0]
[0, 0, 0]
[0, 0, 0]
[0, 0, 0]
[0, 0, 0]
[0, 0, 0]
[0, 0, 0]
[0, 0, 0]
[0, 0, 0]
[0, 0, 0]
[0, 0, 0]
[0, 0, 0]
[0, 0, 0]
[0, 0, 0]
[0, 0, 0]
[0, 0, 0]
[0, 0, 0]
[0, 0, 0]
[0, 0, 0]
[0, 0, 0]
[0, 0, 0]
[0, 0, 0]
[0, 0, 0]
[0, 0, 0]
[0, 0, 0]
[0, 0, 0]
[0, 0, 0]
[0, 0, 0]
[0, 0, 0]
[0, 0, 0]
[0, 0, 0]
[0, 0, 0]
[0, 0, 0]
[0, 0, 0]
[0, 0, 0]
[0, 0, 0]
[0, 0, 0]
[0, 0, 0]
[0, 0, 0]
[0, 0, 0]
[0, 0, 0]
[0, 0, 0]
[0, 0, 0]
[0, 0, 0]
[0, 0, 0]
[0, 0, 0]
[0, 0, 0]
[0, 0, 0]
[0, 0, 0]
[0, 0, 0]
[0, 0, 0]
[0, 0, 0]
[0, 0, 0]
[0, 0, 0]
[0, 0, 0]
[0, 0, 0]
[0, 0, 0]
[0, 0, 0]
[0, 0, 0]
[0, 0, 0]
[0, 0, 0]
[0, 0, 0]
[0, 0, 0]
[0, 0, 0]
[0, 0, 0]
[0, 0, 0]
[0, 0, 0]
[0, 0, 0]
[0, 0, 0]
[0, 0, 0]
[0, 0, 0]
[0, 0, 0]
[0, 0, 0]
[0, 0, 0]
[0, 0, 0]
[0, 0, 0]
[0, 0, 0]
[0, 0, 0]
[0, 0, 0]
[0, 0, 0]
[0, 0, 0]
[0, 0, 0]
[0, 0, 0]
[0, 0, 0]
[0, 0, 0]
[0, 0, 0]
[0, 0, 0]
[0, 0, 0]
[0, 0, 0]
[0, 0, 0]
[0, 0, 0]
[0, 0, 0]
[0, 0, 0]
[0, 0, 0]
[0, 0, 0]
[0, 0, 0]
[0, 0, 0]
[0, 0, 0]
[0, 0, 0]
[0, 0, 0]
