452
30
[45.10382843017578, -378.8779296875, 2024.108154296875]
[46.9722900390625, -377.4649658203125, 2026.65234375]
[51.106754302978516, -376.0980529785156, 2025.8743896484375]
[53.70445251464844, -374.8298034667969, 2026.4044189453125]
[59.18198013305664, -371.53375244140625, 2026.00244140625]
[64.15303039550781, -371.13079833984375, 2025.6007080078125]
[66.3035659790039, -371.42401123046875, 2026.233642578125]
[75.415771484375, -376.20269775390625, 2027.1737060546875]
[77.7518310546875, -375.6471252441406, 2027.2314453125]
[83.37451934814453, -374.78369140625, 2026.946044921875]
[85.3956527709961, -374.0503845214844, 2027.1263427734375]
[89.85940551757812, -373.3962707519531, 2026.937744140625]
[91.4393081665039, -373.12548828125, 2027.7509765625]
[92.64933013916016, -373.1267395019531, 2027.8560791015625]
[99.1072769165039, -373.0616760253906, 2027.954833984375]
[101.85466766357422, -373.7182922363281, 2028.617919921875]
[102.35025787353516, -374.0639343261719, 2028.1434326171875]
[104.49219512939453, -372.59710693359375, 2027.2081298828125]
[105.2462158203125, -372.431396484375, 2027.0338134765625]
[108.89371490478516, -371.3355712890625, 2023.8592529296875]
[115.95614624023438, -370.69049072265625, 2020.4110107421875]
[114.80844116210938, -371.66815185546875, 2019.7113037109375]
[115.23854064941406, -370.93890380859375, 2017.85205078125]
[116.16035461425781, -371.08563232421875, 2015.2310791015625]
[114.7306900024414, -371.04315185546875, 2014.38134765625]
[115.47257232666016, -370.20556640625, 2011.1064453125]
[114.93418884277344, -368.8790283203125, 2008.848876953125]
[116.42807006835938, -368.17962646484375, 2006.878173828125]
[114.97029876708984, -366.2886657714844, 2003.8890380859375]
[111.64405059814453, -366.3675231933594, 2003.7877197265625]
[111.40863037109375, -366.587158203125, 2003.033935546875]
[111.3829574584961, -366.603759765625, 2002.941650390625]
[111.38815307617188, -366.4302673339844, 2002.76806640625]
[109.74333953857422, -364.0883483886719, 2000.080810546875]
[109.14356994628906, -365.1672668457031, 2002.3658447265625]
[109.27509307861328, -361.417724609375, 2005.291259765625]
[109.33427429199219, -361.38787841796875, 2005.277099609375]
[107.20304107666016, -363.14166259765625, 2021.6192626953125]
[103.78973388671875, -356.37176513671875, 2026.9100341796875]
[102.76042175292969, -358.47802734375, 2034.4263916015625]
[99.8103256225586, -360.83868408203125, 2034.45263671875]
[91.46150970458984, -366.7718811035156, 2033.6456298828125]
[85.27649688720703, -371.83013916015625, 2031.025390625]
[72.84123992919922, -374.88330078125, 2022.1240234375]
[68.13204193115234, -375.1716613769531, 2015.7528076171875]
[58.9814567565918, -372.50592041015625, 2004.455810546875]
[51.98391342163086, -371.47003173828125, 1997.4267578125]
[38.69837951660156, -368.5816650390625, 1985.97119140625]
[27.24784278869629, -367.66912841796875, 1975.9044189453125]
[20.055978775024414, -360.4806213378906, 1960.854248046875]
[2.1261870861053467, -358.274658203125, 1951.44580078125]
[-3.544721841812134, -352.1177673339844, 1946.6827392578125]
[-19.833446502685547, -342.1339111328125, 1947.5762939453125]
[-27.621753692626953, -338.979248046875, 1942.981689453125]
[-38.898860931396484, -340.45855712890625, 1939.1414794921875]
[-41.936241149902344, -343.5645751953125, 1936.7637939453125]
[-48.06196594238281, -347.5214538574219, 1934.790771484375]
[-52.541603088378906, -358.6213684082031, 1936.2520751953125]
[-56.75015640258789, -365.74560546875, 1931.7857666015625]
[-54.302059173583984, -373.9028625488281, 1927.6934814453125]
[-50.52446746826172, -378.0509948730469, 1921.2177734375]
[-42.6339111328125, -385.6819152832031, 1912.7835693359375]
[-40.27330017089844, -387.41229248046875, 1905.31787109375]
[-35.56188201904297, -385.03997802734375, 1892.9755859375]
[-27.58526039123535, -368.5953674316406, 1874.498779296875]
[-16.424802780151367, -366.5596923828125, 1860.77783203125]
[-5.682969093322754, -364.2141418457031, 1852.59716796875]
[1.9632121324539185, -363.7828674316406, 1848.30419921875]
[26.785022735595703, -362.58221435546875, 1842.6627197265625]
[30.5540828704834, -363.5950927734375, 1845.8519287109375]
[56.55695724487305, -351.38909912109375, 1841.061767578125]
[63.02663803100586, -347.2341613769531, 1838.380615234375]
[69.48127746582031, -351.92901611328125, 1838.1378173828125]
[73.36478424072266, -354.6905517578125, 1837.8560791015625]
[88.40727996826172, -365.19097900390625, 1837.66796875]
[91.4156265258789, -378.8638000488281, 1831.4569091796875]
[95.73751068115234, -387.5764465332031, 1831.3824462890625]
[103.9958724975586, -395.6970520019531, 1827.332275390625]
[111.81961059570312, -402.0674743652344, 1825.5445556640625]
[113.93782043457031, -391.6033935546875, 1818.65478515625]
[112.74840545654297, -395.11309814453125, 1821.0537109375]
[109.77791595458984, -392.1499328613281, 1824.658935546875]
[108.8182601928711, -383.7854919433594, 1829.4915771484375]
[116.85308837890625, -372.96832275390625, 1824.860595703125]
[128.61264038085938, -372.0382080078125, 1853.40625]
[130.36727905273438, -355.7393493652344, 1864.3594970703125]
[139.8131103515625, -342.5453796386719, 1893.0609130859375]
[146.81643676757812, -335.6539611816406, 1895.1767578125]
[155.0013427734375, -334.0409851074219, 1887.9256591796875]
[162.651123046875, -338.4952392578125, 1882.5291748046875]
[155.6069793701172, -338.8206481933594, 1864.6690673828125]
[155.49462890625, -348.84893798828125, 1858.693115234375]
[154.53489685058594, -353.59765625, 1853.399658203125]
[151.76748657226562, -371.6005554199219, 1830.3687744140625]
[148.96839904785156, -387.36224365234375, 1818.2596435546875]
[141.30706787109375, -399.7698974609375, 1805.3353271484375]
[136.9628448486328, -403.5586853027344, 1791.1942138671875]
[137.41529846191406, -401.14593505859375, 1781.5159912109375]
[134.96266174316406, -393.74932861328125, 1772.7755126953125]
[134.26531982421875, -374.59259033203125, 1762.4122314453125]
[135.6223602294922, -352.5469970703125, 1738.9210205078125]
[138.5403594970703, -335.4273376464844, 1732.026123046875]
[141.2635498046875, -319.5920715332031, 1716.7974853515625]
[147.1266632080078, -321.85821533203125, 1711.246337890625]
[152.015380859375, -330.1373596191406, 1710.3472900390625]
[159.8208465576172, -338.7006530761719, 1699.98046875]
[163.88494873046875, -353.60516357421875, 1698.9407958984375]
[171.59747314453125, -362.3128662109375, 1697.5345458984375]
[183.24227905273438, -368.2137756347656, 1702.16943359375]
[193.81350708007812, -370.302978515625, 1713.0025634765625]
[199.09230041503906, -365.81036376953125, 1720.649658203125]
[210.81637573242188, -349.718994140625, 1732.7353515625]
[230.6923828125, -332.55145263671875, 1734.54150390625]
[233.78964233398438, -317.68255615234375, 1729.2230224609375]
[237.30154418945312, -325.057373046875, 1725.983154296875]
[240.3435516357422, -326.7961730957031, 1727.9091796875]
[246.75247192382812, -330.34576416015625, 1727.9061279296875]
[258.71044921875, -341.8722839355469, 1728.425048828125]
[260.1853332519531, -349.5248107910156, 1728.062744140625]
[261.6983947753906, -352.3814697265625, 1723.9752197265625]
[261.50421142578125, -360.3576354980469, 1721.422607421875]
[263.4546203613281, -365.70745849609375, 1720.78857421875]
[263.48492431640625, -372.5671081542969, 1733.8719482421875]
[260.6051940917969, -370.6341247558594, 1750.5692138671875]
[257.4879455566406, -370.48388671875, 1759.18408203125]
[255.0561065673828, -372.1471252441406, 1763.8599853515625]
[227.1580352783203, -374.8653564453125, 1789.32666015625]
[215.21664428710938, -370.2945556640625, 1800.680419921875]
[196.17041015625, -359.3231506347656, 1805.307861328125]
[173.326416015625, -351.83978271484375, 1782.93408203125]
[160.1348876953125, -334.31292724609375, 1771.1065673828125]
[164.03265380859375, -321.82086181640625, 1766.6270751953125]
[158.9370574951172, -307.8056335449219, 1784.3138427734375]
[148.67152404785156, -300.52020263671875, 1780.3414306640625]
[132.25460815429688, -305.8659362792969, 1781.2945556640625]
[119.52377319335938, -318.45526123046875, 1787.523681640625]
[107.2395248413086, -331.08465576171875, 1801.04833984375]
[94.60848999023438, -347.9230651855469, 1811.73779296875]
[80.619140625, -363.22320556640625, 1815.8792724609375]
[62.01919937133789, -378.9952697753906, 1819.24609375]
[50.01228332519531, -384.25897216796875, 1823.1497802734375]
[34.77228927612305, -384.41754150390625, 1821.5413818359375]
[21.930418014526367, -378.2317810058594, 1819.560791015625]
[2.0087547302246094, -364.4346008300781, 1827.3486328125]
[-12.15139389038086, -347.0237121582031, 1828.74755859375]
[-34.475563049316406, -319.41485595703125, 1831.4722900390625]
[-48.82126998901367, -311.070556640625, 1833.9356689453125]
[-59.15264129638672, -310.3128356933594, 1836.3492431640625]
[-65.439453125, -317.4329833984375, 1832.841552734375]
[-70.37879180908203, -323.3421936035156, 1827.9658203125]
[-75.28739166259766, -332.1175537109375, 1825.86572265625]
[-81.82801055908203, -341.5763854980469, 1817.66748046875]
[-84.73631286621094, -347.72528076171875, 1808.816162109375]
[-88.88478088378906, -355.77392578125, 1801.5943603515625]
[-97.05427551269531, -362.9617614746094, 1792.6705322265625]
[-100.22551727294922, -366.6299133300781, 1786.4080810546875]
[-103.32738494873047, -367.92962646484375, 1776.4453125]
[-106.542724609375, -371.2686767578125, 1763.0767822265625]
[-106.93144226074219, -371.39447021484375, 1751.263916015625]
[-111.98356628417969, -362.7236022949219, 1731.808349609375]
[-117.05772399902344, -352.29522705078125, 1715.9425048828125]
[-117.88719177246094, -340.8117980957031, 1704.8125]
[-119.86254119873047, -322.0786437988281, 1695.4276123046875]
[-126.80400848388672, -304.8020324707031, 1676.9683837890625]
[-132.8950653076172, -290.66888427734375, 1658.8092041015625]
[-141.54104614257812, -295.07415771484375, 1639.3956298828125]
[-142.4429168701172, -304.9963073730469, 1618.2418212890625]
[-150.31716918945312, -320.1402893066406, 1594.838623046875]
[-159.077880859375, -324.8701171875, 1568.2413330078125]
[-164.5550079345703, -336.67510986328125, 1542.482177734375]
[-168.65310668945312, -340.36798095703125, 1516.5208740234375]
[-173.47227478027344, -336.7933654785156, 1491.2125244140625]
[-174.8603515625, -331.45147705078125, 1473.569580078125]
[-178.3174591064453, -309.88006591796875, 1457.963134765625]
[-180.9296875, -295.76971435546875, 1441.8231201171875]
[-182.2969207763672, -295.3298645019531, 1436.23388671875]
[-185.28884887695312, -302.7489318847656, 1430.8428955078125]
[-190.9354248046875, -301.3274841308594, 1440.9393310546875]
[-193.61192321777344, -302.253662109375, 1434.317626953125]
[-199.2808837890625, -304.08319091796875, 1426.8809814453125]
[-204.20388793945312, -304.9202575683594, 1415.0511474609375]
[-200.82781982421875, -305.3394470214844, 1391.847900390625]
[-204.18923950195312, -309.5914611816406, 1395.49560546875]
[-202.1412811279297, -305.8194580078125, 1400.9774169921875]
[-194.33428955078125, -304.896484375, 1407.0806884765625]
[-187.10061645507812, -307.256591796875, 1417.2337646484375]
[-184.97499084472656, -314.67193603515625, 1440.5418701171875]
[-171.3209686279297, -322.3889465332031, 1441.8665771484375]
[-157.82334899902344, -320.5965881347656, 1445.0128173828125]
[-150.94583129882812, -315.08380126953125, 1444.4508056640625]
[-148.65455627441406, -308.6711730957031, 1451.902587890625]
[-142.09593200683594, -311.035400390625, 1468.239990234375]
[-132.14039611816406, -324.43243408203125, 1489.3028564453125]
[-125.79950714111328, -325.57464599609375, 1514.036376953125]
[-114.19307708740234, -328.3518371582031, 1554.400634765625]
[-109.5034408569336, -327.4700622558594, 1593.5849609375]
[-98.9280014038086, -317.7152404785156, 1624.68896484375]
[-90.44490051269531, -318.10546875, 1653.494384765625]
[-82.96822357177734, -325.8295593261719, 1681.555419921875]
[-70.85418701171875, -338.65087890625, 1703.1151123046875]
[-62.789066314697266, -352.71343994140625, 1723.78564453125]
[-59.025753021240234, -362.5323791503906, 1744.6500244140625]
[-54.197608947753906, -370.2278747558594, 1762.542724609375]
[-47.04575729370117, -371.2947998046875, 1781.029541015625]
[-40.1318244934082, -373.39739990234375, 1801.4508056640625]
[-28.979028701782227, -372.6942138671875, 1818.2398681640625]
[-26.58432388305664, -369.3111572265625, 1833.7674560546875]
[-11.478561401367188, -360.4034118652344, 1859.57177734375]
[-1.7417082786560059, -359.2789001464844, 1890.5411376953125]
[4.211235046386719, -351.3606262207031, 1925.29345703125]
[15.430680274963379, -347.46337890625, 1962.5584716796875]
[22.922649383544922, -333.2814636230469, 1995.23828125]
[31.28015899658203, -328.0794372558594, 2018.0911865234375]
[43.694435119628906, -341.91107177734375, 2031.76123046875]
[49.26826095581055, -351.9853820800781, 2040.2149658203125]
[54.44994354248047, -371.7720947265625, 2045.3619384765625]
[65.54186248779297, -392.7142639160156, 2044.2724609375]
[76.34205627441406, -412.09466552734375, 2040.690185546875]
[84.87362670898438, -426.9604797363281, 2046.449462890625]
[90.155029296875, -429.131103515625, 2049.57177734375]
[101.08727264404297, -419.903564453125, 2051.953369140625]
[111.18687438964844, -409.500244140625, 2057.081787109375]
[117.27105712890625, -383.88116455078125, 2066.677001953125]
[120.60105895996094, -367.2873840332031, 2072.7080078125]
[131.1121826171875, -360.1973571777344, 2087.656494140625]
[135.29978942871094, -361.34857177734375, 2097.099365234375]
[136.53189086914062, -363.89056396484375, 2107.561279296875]
[141.6817626953125, -364.7461242675781, 2104.936279296875]
[156.90660095214844, -376.9212951660156, 2101.530517578125]
[159.92828369140625, -383.87860107421875, 2106.751953125]
[154.49436950683594, -406.183837890625, 2114.24462890625]
[149.91770935058594, -430.9754333496094, 2121.5888671875]
[141.05877685546875, -463.3297424316406, 2122.655517578125]
[135.43431091308594, -489.2978515625, 2130.659912109375]
[130.06784057617188, -500.9385986328125, 2130.3251953125]
[127.58186340332031, -504.0252685546875, 2133.48388671875]
[128.66404724121094, -493.8567199707031, 2132.081787109375]
[128.1634979248047, -473.087158203125, 2127.986083984375]
[120.39334869384766, -451.93353271484375, 2127.64990234375]
[122.71009826660156, -429.6652526855469, 2134.56787109375]
[118.87950897216797, -387.2130126953125, 2143.630615234375]
[116.7990493774414, -364.8480224609375, 2150.543701171875]
[118.19287109375, -352.3321838378906, 2163.61767578125]
[116.91543579101562, -341.11932373046875, 2174.010986328125]
[122.0809555053711, -319.2149353027344, 2178.869873046875]
[125.62625122070312, -299.9951171875, 2177.918212890625]
[126.07428741455078, -279.27960205078125, 2188.26171875]
[126.92147827148438, -250.47462463378906, 2191.1572265625]
[124.80023956298828, -233.21563720703125, 2184.318603515625]
[123.04605865478516, -193.79031372070312, 2183.84521484375]
[127.9205093383789, -162.26327514648438, 2188.799560546875]
[133.9386444091797, -129.87388610839844, 2189.73828125]
[139.27728271484375, -107.5447769165039, 2192.064208984375]
[136.55722045898438, -76.96625518798828, 2197.487548828125]
[130.28314208984375, -62.63948059082031, 2201.200927734375]
[131.574951171875, -59.70180130004883, 2206.298583984375]
[131.6901092529297, -62.80056381225586, 2212.18310546875]
[134.03001403808594, -67.11905670166016, 2207.49462890625]
[137.04725646972656, -86.94654083251953, 2213.6240234375]
[141.11846923828125, -103.52690887451172, 2210.860107421875]
[139.9766387939453, -118.95484924316406, 2204.463623046875]
[138.75302124023438, -142.477294921875, 2195.49658203125]
[137.77137756347656, -179.37168884277344, 2193.572998046875]
[137.83221435546875, -225.03131103515625, 2179.52880859375]
[143.612548828125, -278.25567626953125, 2165.712890625]
[143.1061553955078, -338.15301513671875, 2149.341064453125]
[144.8900146484375, -390.3280944824219, 2129.7841796875]
[140.33445739746094, -438.9906921386719, 2110.681640625]
[141.64254760742188, -484.2552490234375, 2099.33349609375]
[145.05809020996094, -501.584716796875, 2087.1416015625]
[144.35780334472656, -535.7550659179688, 2084.371337890625]
[144.99276733398438, -545.8866577148438, 2087.259521484375]
[148.6739501953125, -542.9566040039062, 2088.65625]
[147.23431396484375, -519.95556640625, 2082.785888671875]
[153.13388061523438, -505.86712646484375, 2083.9169921875]
[153.98414611816406, -457.2159729003906, 2075.029052734375]
[153.62777709960938, -421.95867919921875, 2075.3056640625]
[154.48983764648438, -396.34423828125, 2072.513671875]
[154.5071258544922, -375.8703918457031, 2063.432861328125]
[144.2642364501953, -352.46124267578125, 2049.64306640625]
[137.28692626953125, -334.4857177734375, 2035.1612548828125]
[124.32332611083984, -328.19683837890625, 2017.253662109375]
[121.1231918334961, -320.5251770019531, 1991.3692626953125]
[112.92768859863281, -319.9732971191406, 1965.103759765625]
[100.61119842529297, -318.2103576660156, 1938.592529296875]
[96.44295501708984, -324.2784729003906, 1923.68310546875]
[93.37265014648438, -328.4981384277344, 1916.518798828125]
[87.95755767822266, -324.7169189453125, 1904.5902099609375]
[82.42684936523438, -331.1191711425781, 1892.3182373046875]
[79.38551330566406, -341.49383544921875, 1881.4925537109375]
[78.22145080566406, -338.2002258300781, 1862.078125]
[77.18928527832031, -338.5757751464844, 1847.2760009765625]
[71.38301086425781, -341.60137939453125, 1825.9063720703125]
[65.53762817382812, -347.2048034667969, 1807.52587890625]
[64.49864959716797, -349.0864562988281, 1784.114501953125]
[60.47686767578125, -351.7718200683594, 1759.553955078125]
[59.5775146484375, -347.4165344238281, 1736.2691650390625]
[68.41447448730469, -350.1112365722656, 1705.5489501953125]
[67.23168182373047, -348.255859375, 1683.2572021484375]
[70.31259155273438, -346.6404724121094, 1653.7347412109375]
[71.225830078125, -348.6681823730469, 1622.6417236328125]
[74.38993835449219, -340.13177490234375, 1589.4119873046875]
[77.80982971191406, -330.5430603027344, 1558.443115234375]
[80.84662628173828, -315.61090087890625, 1531.52197265625]
[82.09143829345703, -309.85595703125, 1516.0682373046875]
[90.47132873535156, -297.2069091796875, 1501.53662109375]
[91.8260726928711, -293.4869079589844, 1496.470458984375]
[93.45410919189453, -296.9742431640625, 1493.590087890625]
[95.31920623779297, -300.19964599609375, 1490.4814453125]
[97.55213928222656, -306.93109130859375, 1485.304931640625]
[103.42699432373047, -314.9243469238281, 1483.16064453125]
[102.2514877319336, -322.0561218261719, 1472.8765869140625]
[103.04449462890625, -325.67279052734375, 1467.755615234375]
[105.29286193847656, -332.0048522949219, 1458.768310546875]
[105.4755630493164, -340.64794921875, 1463.40234375]
[104.94102478027344, -347.3224792480469, 1462.7198486328125]
[99.69911193847656, -348.0555419921875, 1455.656982421875]
[99.29708862304688, -344.68896484375, 1447.1104736328125]
[95.00538635253906, -341.183837890625, 1439.95751953125]
[87.42805480957031, -341.2479553222656, 1440.074462890625]
[75.57617950439453, -351.144775390625, 1456.4830322265625]
[66.42306518554688, -349.385498046875, 1462.03515625]
[59.412925720214844, -350.0181579589844, 1477.859130859375]
[60.08161163330078, -345.2720031738281, 1476.5570068359375]
[62.80600357055664, -337.05902099609375, 1482.83447265625]
[62.546966552734375, -324.68963623046875, 1529.4215087890625]
[74.75810241699219, -321.8247985839844, 1533.95947265625]
[83.26045227050781, -324.17083740234375, 1545.6588134765625]
[84.06004333496094, -329.84210205078125, 1539.357421875]
[86.6953353881836, -339.77288818359375, 1537.0731201171875]
[75.72758483886719, -358.6596374511719, 1536.693115234375]
[67.99869537353516, -382.7863464355469, 1533.940673828125]
[56.46668243408203, -396.9234313964844, 1526.380126953125]
[47.297542572021484, -413.3917236328125, 1513.5892333984375]
[34.78230285644531, -417.341552734375, 1499.174560546875]
[28.631694793701172, -425.5388488769531, 1481.4222412109375]
[8.633544921875, -429.2506103515625, 1482.6331787109375]
[-22.887006759643555, -412.67083740234375, 1487.8824462890625]
[-44.9815673828125, -390.1677551269531, 1490.9332275390625]
[-68.81391906738281, -368.9879150390625, 1487.6619873046875]
[-89.4415283203125, -350.9150085449219, 1491.198486328125]
[-107.1999740600586, -335.42645263671875, 1490.835693359375]
[-117.17279815673828, -323.6734924316406, 1484.83447265625]
[-124.27678680419922, -314.321044921875, 1478.560546875]
[-139.435302734375, -317.1127624511719, 1477.4912109375]
[-153.2757568359375, -323.3015441894531, 1489.0780029296875]
[-162.4406280517578, -323.9730529785156, 1494.9093017578125]
[-168.6309051513672, -333.6937561035156, 1497.734619140625]
[-176.83596801757812, -341.94866943359375, 1501.8402099609375]
[-178.04324340820312, -348.877197265625, 1502.1046142578125]
[-177.42674255371094, -351.6886291503906, 1507.751953125]
[-175.63189697265625, -366.6916198730469, 1517.9576416015625]
[-173.9613037109375, -366.11419677734375, 1527.9107666015625]
[-172.10870361328125, -367.40655517578125, 1540.6256103515625]
[-168.58860778808594, -359.0872802734375, 1553.6917724609375]
[-162.43251037597656, -354.5287780761719, 1566.20751953125]
[-161.1468048095703, -344.10064697265625, 1572.188720703125]
[-148.07620239257812, -327.7288818359375, 1579.14990234375]
[-143.04476928710938, -309.8052062988281, 1603.440673828125]
[-137.884033203125, -315.0858154296875, 1619.3671875]
[-136.21966552734375, -313.0483703613281, 1620.7257080078125]
[-122.95565795898438, -323.5711364746094, 1640.87939453125]
[-113.33368682861328, -341.2253723144531, 1659.8814697265625]
[-106.68692779541016, -357.3874816894531, 1670.8448486328125]
[-96.0094223022461, -381.1042175292969, 1684.5889892578125]
[-86.46810150146484, -397.5363464355469, 1696.159423828125]
[-77.52778625488281, -407.9429626464844, 1716.2197265625]
[-66.46268463134766, -413.7565002441406, 1732.95263671875]
[-53.138084411621094, -420.6023864746094, 1749.0489501953125]
[-35.168052673339844, -419.9588317871094, 1757.4873046875]
[-18.557212829589844, -414.25238037109375, 1765.167724609375]
[-3.9743306636810303, -401.39495849609375, 1776.969970703125]
[10.412083625793457, -382.6065673828125, 1789.7088623046875]
[30.053205490112305, -364.98248291015625, 1805.3743896484375]
[47.83403396606445, -347.33367919921875, 1820.3787841796875]
[60.69649124145508, -339.6219177246094, 1840.7109375]
[75.38626861572266, -334.3780822753906, 1857.703369140625]
[87.31072998046875, -341.61846923828125, 1874.392822265625]
[95.1630630493164, -351.50921630859375, 1886.60107421875]
[107.21910095214844, -360.478759765625, 1896.2216796875]
[116.3576431274414, -371.7166748046875, 1910.59423828125]
[129.20523071289062, -373.6399841308594, 1919.7564697265625]
[136.10093688964844, -390.6732177734375, 1934.1285400390625]
[141.206298828125, -389.79803466796875, 1948.1224365234375]
[143.99708557128906, -392.4897766113281, 1959.0655517578125]
[146.51968383789062, -397.14068603515625, 1974.8447265625]
[144.2079315185547, -393.745849609375, 1991.745361328125]
[145.18275451660156, -388.5289306640625, 2003.8895263671875]
[145.23782348632812, -384.88720703125, 2015.115234375]
[146.0567626953125, -388.6300964355469, 2034.0931396484375]
[147.97213745117188, -386.3048095703125, 2045.4759521484375]
[145.0675506591797, -379.7823791503906, 2059.27783203125]
[142.99240112304688, -374.1694641113281, 2077.009765625]
[146.50892639160156, -370.8153991699219, 2101.1318359375]
[144.96693420410156, -365.7627258300781, 2128.56591796875]
[147.41012573242188, -359.2410583496094, 2159.45166015625]
[150.32598876953125, -358.43048095703125, 2181.345703125]
[150.1038818359375, -357.04296875, 2206.077880859375]
[150.8580780029297, -366.3578186035156, 2221.47119140625]
[151.8087921142578, -373.58154296875, 2231.428466796875]
[155.54498291015625, -393.5743713378906, 2237.185302734375]
[162.78961181640625, -400.38299560546875, 2244.303466796875]
[170.89688110351562, -408.7311706542969, 2251.975341796875]
[174.0510711669922, -414.0687561035156, 2258.025634765625]
[176.42393493652344, -411.9104919433594, 2266.451904296875]
[182.0360107421875, -411.1314392089844, 2268.24853515625]
[183.41876220703125, -408.9359130859375, 2273.29248046875]
[188.64993286132812, -406.5206604003906, 2269.91162109375]
[195.85707092285156, -393.6346740722656, 2270.666015625]
[203.1829071044922, -383.41290283203125, 2273.5283203125]
[214.80328369140625, -368.9101257324219, 2287.97998046875]
[225.3680419921875, -351.04168701171875, 2302.894775390625]
[231.34877014160156, -343.701171875, 2310.209716796875]
[240.66375732421875, -344.08172607421875, 2313.717529296875]
[242.7494659423828, -343.8323669433594, 2306.952392578125]
[246.0253448486328, -349.3680419921875, 2311.296875]
[251.1587677001953, -361.7138977050781, 2314.210205078125]
[251.8803253173828, -369.031005859375, 2310.97265625]
[248.35305786132812, -383.390380859375, 2310.510986328125]
[239.82423400878906, -388.7898254394531, 2310.906982421875]
[233.6892852783203, -388.48223876953125, 2297.858154296875]
[228.0669708251953, -390.1610107421875, 2298.9208984375]
[223.18353271484375, -379.6806335449219, 2283.8984375]
[213.25421142578125, -372.54791259765625, 2280.180419921875]
[204.85623168945312, -363.1597900390625, 2265.574462890625]
[197.32037353515625, -354.62432861328125, 2254.48779296875]
[182.07449340820312, -351.25164794921875, 2240.978759765625]
[171.20713806152344, -347.3425598144531, 2224.018310546875]
[163.69126892089844, -340.6912536621094, 2215.8125]
[162.21202087402344, -333.2261962890625, 2200.47509765625]
[155.91688537597656, -324.9564208984375, 2192.45068359375]
[142.56431579589844, -319.10211181640625, 2182.00439453125]
[128.70729064941406, -314.9933776855469, 2161.70849609375]
[115.21730041503906, -314.3859558105469, 2146.75048828125]
[104.11264038085938, -316.7950744628906, 2131.0537109375]
[92.37237548828125, -315.7491149902344, 2110.363037109375]
[82.39469146728516, -320.16790771484375, 2087.55517578125]
[73.9513931274414, -320.9645080566406, 2064.288818359375]
[64.45454406738281, -325.3726806640625, 2037.606201171875]
[54.39295959472656, -329.2867431640625, 2015.0626220703125]
[44.835968017578125, -327.73651123046875, 1992.751708984375]
[39.269187927246094, -330.43072509765625, 1966.0059814453125]
[29.318016052246094, -328.8568115234375, 1939.4739990234375]
[19.227413177490234, -326.2464294433594, 1921.0584716796875]
[3.7545151710510254, -317.4761657714844, 1900.6448974609375]
[-7.8459792137146, -309.83685302734375, 1876.2879638671875]
[-17.589670181274414, -309.0357360839844, 1853.634521484375]
[-20.224124908447266, -306.5263671875, 1829.7880859375]
[-22.599279403686523, -309.1373596191406, 1823.6419677734375]
[-31.01835060119629, -311.8906555175781, 1777.972412109375]
[-36.66876983642578, -314.831298828125, 1752.510009765625]
[-39.32026290893555, -320.4590759277344, 1725.2728271484375]
