452
30
[249.59840393, 914.44641876, 1025.0871582]
[252.83837891, 909.50956726, 1019.33862305]
[261.15588379, 910.83831787, 1020.7109375]
[262.21328735, 910.47991943, 1025.76782227]
[259.22918701, 905.50288391, 1013.39477539]
[264.08517456, 906.58248138, 1012.05822754]
[269.38961792, 906.86191559, 1011.35351562]
[273.1751709, 911.33125305, 1011.72827148]
[276.68856812, 915.45726776, 1011.78222656]
[280.72525024, 915.99928284, 1009.72558594]
[280.79681396, 916.48046112, 999.40576172]
[283.3710022, 915.53756714, 995.89331055]
[284.65045166, 913.66161346, 993.16711426]
[286.36972046, 910.72850037, 989.40283203]
[290.02368164, 906.69984436, 990.40270996]
[294.79763794, 905.89013672, 988.84179688]
[299.33853149, 908.6556015, 990.8815918]
[302.56317139, 911.0642395, 990.29211426]
[304.78973389, 910.49900818, 988.734375]
[309.18728638, 914.52118683, 994.32800293]
[311.07260132, 918.63057709, 992.15026855]
[314.54031372, 917.75843811, 996.38061523]
[315.09667969, 918.05455017, 998.4864502]
[315.79217529, 916.87429047, 995.8548584]
[314.7371521, 917.43621826, 992.8482666]
[313.64425659, 917.98201752, 992.18847656]
[309.17834473, 918.56739044, 982.63110352]
[307.43640137, 917.31414032, 980.95495605]
[303.64578247, 917.68301392, 975.3392334]
[299.34979248, 916.92179871, 975.53991699]
[298.07568359, 914.72290802, 969.26538086]
[296.96792603, 914.76808929, 967.69384766]
[294.47512817, 914.28684998, 965.76220703]
[282.50125122, 906.49671936, 965.03015137]
[277.75698853, 907.40042877, 960.6060791]
[285.59127808, 912.72322845, 973.42736816]
[286.02334595, 912.64874268, 973.7869873]
[295.28140259, 889.13928986, 883.82897949]
[295.80709839, 900.87584686, 832.76367188]
[297.9397583, 920.36373138, 779.92272949]
[291.79956055, 925.16209412, 761.14709473]
[281.49707031, 967.37104797, 737.92443848]
[270.77340698, 986.36288452, 753.10498047]
[291.47070312, 1010.98910522, 745.58276367]
[263.92663574, 1039.4889679, 779.08642578]
[240.77105713, 1080.93255615, 809.88928223]
[237.43464661, 1083.16439819, 834.66137695]
[239.60417175, 1067.98446655, 866.51416016]
[221.06671143, 1053.88452148, 892.94128418]
[196.91038513, 1099.45742798, 874.66601562]
[219.63369751, 1093.7220459, 893.59570312]
[178.9743042, 1122.41757202, 954.16345215]
[191.61915588, 1149.00616455, 1001.75549316]
[172.06430054, 1159.24835205, 1014.32580566]
[201.93211365, 1174.96850586, 961.63574219]
[209.75033569, 1239.78408813, 929.87585449]
[238.60887146, 1275.54190063, 909.72277832]
[232.01641846, 1320.55352783, 894.23706055]
[260.83032227, 1351.11309814, 866.85241699]
[260.41149902, 1397.44885254, 838.36633301]
[248.25700378, 1408.43560791, 845.98217773]
[237.52226257, 1468.23529053, 860.97106934]
[233.99116516, 1483.8795166, 846.67907715]
[200.48405457, 1519.04400635, 861.51806641]
[189.25485229, 1537.01397705, 829.47363281]
[211.10243225, 1560.48681641, 835.86865234]
[201.01750183, 1557.01574707, 842.38928223]
[202.32084656, 1586.03479004, 850.8626709]
[230.40962219, 1583.41888428, 812.46691895]
[223.54772949, 1601.19262695, 774.05126953]
[211.21044922, 1615.03771973, 623.56469727]
[189.85302734, 1577.77966309, 527.73596191]
[191.11180115, 1484.13665771, 355.59802246]
[166.14849854, 1487.10852051, 335.08630371]
[161.54695129, 1485.04864502, 246.20410156]
[146.44163513, 1472.52893066, 215.24645996]
[149.06117249, 1462.51257324, 201.79492188]
[153.69122314, 1455.35437012, 193.62670898]
[156.65266418, 1450.50506592, 171.92102051]
[153.85649109, 1450.62103271, 230.17956543]
[135.94488525, 1464.43035889, 313.40991211]
[116.31021118, 1429.73199463, 346.50036621]
[122.03288269, 1409.18707275, 404.88769531]
[130.15335083, 1378.1942749, 498.16638184]
[51.44763947, 1377.96759033, 565.62683105]
[44.45140076, 1332.68572998, 618.39624023]
[31.54304695, 1311.03234863, 645.76037598]
[15.48311138, 1308.54693604, 668.37756348]
[5.80599165, 1294.53283691, 688.04919434]
[2.07469606, 1291.78521729, 709.80529785]
[9.84820747, 1298.11828613, 677.99536133]
[-8.30325508, 1329.88922119, 679.43945312]
[-7.31699896, 1330.16021729, 691.07226562]
[2.89719558, 1355.61151123, 659.12280273]
[-9.99854469, 1380.34185791, 649.13525391]
[-36.69726181, 1385.73718262, 647.1920166]
[-43.94257736, 1369.73303223, 660.14099121]
[-50.13697433, 1350.05895996, 661.96142578]
[-52.46485138, 1351.68670654, 667.98046875]
[-183.07392883, 1364.86322021, 596.296875]
[-255.81947327, 1355.12164307, 564.58886719]
[-286.18395996, 1326.00561523, 591.60021973]
[-378.19711304, 1264.26870728, 586.6496582]
[-447.36651611, 1240.5625, 556.95703125]
[-489.1242981, 1227.21279907, 555.22143555]
[-507.01391602, 1212.53656006, 582.78918457]
[-510.8430481, 1182.85852051, 641.03222656]
[-486.23745728, 1254.13516235, 752.37341309]
[-488.92324829, 1303.65310669, 782.35668945]
[-493.4440918, 1320.75866699, 826.88684082]
[-506.15380859, 1334.44256592, 855.51306152]
[-488.83822632, 1338.41229248, 883.34765625]
[-487.23498535, 1332.41424561, 915.36328125]
[-416.09381104, 1307.63021851, 927.1171875]
[-323.07369995, 1273.55639648, 942.13012695]
[-277.853302, 1273.85650635, 970.86584473]
[-195.06248474, 1227.98361206, 874.9979248]
[-140.8658905, 1203.36572266, 820.53674316]
[-31.68311691, 1226.28701782, 827.12463379]
[20.71928787, 1222.33215332, 819.9699707]
[20.85517311, 1214.17837524, 794.5802002]
[21.1139946, 1210.43103027, 785.67346191]
[-37.68397522, 1331.72174072, 781.68713379]
[-3.11593723, 1343.71105957, 745.96569824]
[11.43217468, 1317.42266846, 734.55090332]
[44.08831024, 1391.16778564, 657.64746094]
[51.71818924, 1403.17004395, 619.22473145]
[93.44469452, 1415.24456787, 600.64160156]
[95.54647064, 1395.44372559, 580.66088867]
[100.72991943, 1379.40692139, 561.09655762]
[112.94476318, 1351.01306152, 538.94519043]
[120.60440826, 1337.89251709, 552.43835449]
[124.21786499, 1294.60855103, 528.27478027]
[125.3511734, 1243.8527832, 548.84936523]
[138.87696838, 1257.51367188, 618.81762695]
[146.5887146, 1226.6288147, 549.02746582]
[145.46972656, 1247.55731201, 545.18530273]
[132.11412048, 1268.63870239, 555.72375488]
[121.86523438, 1277.77355957, 545.41320801]
[110.64320374, 1273.37246704, 524.67175293]
[97.75535583, 1271.63491821, 506.17553711]
[84.25443268, 1267.07437134, 495.48388672]
[79.73091125, 1244.92019653, 467.41064453]
[93.52748108, 1236.45504761, 547.18579102]
[132.03051758, 1229.74737549, 540.12658691]
[141.42489624, 1190.57156372, 496.15539551]
[159.42070007, 1188.54589844, 486.73815918]
[188.3992157, 1153.63922119, 528.03918457]
[234.60772705, 1067.43603516, 502.08679199]
[258.0569458, 1058.02420044, 571.31945801]
[282.04971313, 1048.70429993, 595.77685547]
[292.76824951, 1039.84458923, 646.9630127]
[285.03692627, 1055.82876587, 727.21850586]
[286.66293335, 1052.4599762, 747.93310547]
[200.8447113, 1052.02973938, 829.19506836]
[178.71739197, 1061.50137329, 842.17456055]
[139.19671631, 1079.47647095, 852.0513916]
[139.86694336, 1083.16244507, 838.73522949]
[53.33297729, 1144.17974854, 798.17993164]
[36.92786407, 1165.60198975, 707.4128418]
[40.52920914, 1183.16876221, 711.49108887]
[41.7804718, 1205.25674438, 722.20385742]
[52.40126801, 1242.17913818, 699.76782227]
[72.43385315, 1224.59103394, 598.83898926]
[73.90861511, 1226.22906494, 575.3092041]
[56.56100845, 1262.64523315, 731.95983887]
[28.15479088, 1271.28140259, 661.52941895]
[-7.32630491, 1323.42425537, 561.83886719]
[-19.30288315, 1380.49298096, 546.54284668]
[-47.50502014, 1418.38830566, 443.47912598]
[-37.70478821, 1442.27093506, 377.30334473]
[-37.22953033, 1435.58660889, 349.94445801]
[-25.69089127, 1412.87225342, 308.65942383]
[7.61672854e-01, 1.37857104e+03, 2.69760742e+02]
[32.32464981, 1359.36865234, 260.86694336]
[80.93978882, 1312.72406006, 203.75708008]
[91.71243286, 1264.48580933, 205.21508789]
[131.1794281, 1250.91491699, 200.94018555]
[142.83244324, 1212.40158081, 205.38537598]
[140.2131958, 1206.72784424, 204.67895508]
[138.6385498, 1207.98956299, 203.10290527]
[140.88708496, 1205.08511353, 205.00964355]
[142.0328064, 1204.95080566, 205.74182129]
[230.21452332, 1268.44720459, 255.53857422]
[236.27357483, 1289.87207031, 278.19787598]
[245.08699036, 1307.24636841, 295.88916016]
[244.50566101, 1332.43988037, 280.79650879]
[257.46298218, 1361.10272217, 304.09851074]
[261.09054565, 1381.03222656, 325.22644043]
[264.13418579, 1400.56878662, 329.84118652]
[257.93643188, 1399.40301514, 330.61315918]
[239.60018921, 1364.6003418, 313.58447266]
[190.80587769, 1343.12506104, 302.03173828]
[176.64321899, 1327.95788574, 304.98510742]
[152.71148682, 1322.10217285, 264.47143555]
[141.93754578, 1286.33911133, 285.32788086]
[143.65367126, 1260.55218506, 289.50390625]
[147.26618958, 1252.94372559, 279.17810059]
[147.61682129, 1244.02502441, 298.3125]
[144.53704834, 1233.14932251, 314.44421387]
[155.11650085, 1240.39221191, 344.82885742]
[175.12521362, 1252.42169189, 367.31530762]
[171.74879456, 1262.87457275, 390.11486816]
[187.15986633, 1266.02758789, 428.11828613]
[223.13912964, 1292.26831055, 437.53625488]
[249.78581238, 1301.6885376, 461.99804688]
[270.44839478, 1300.07617188, 511.32495117]
[294.41067505, 1300.82415771, 571.57653809]
[306.06930542, 1257.5786438, 588.94421387]
[326.59078979, 1250.42636108, 638.12658691]
[335.70004272, 1215.7635498, 701.16967773]
[313.51608276, 1189.18270874, 784.08630371]
[280.48141479, 1161.23895264, 845.63720703]
[299.23754883, 1138.07861328, 857.80078125]
[295.35070801, 1091.64352417, 893.84179688]
[257.91217041, 1113.17303467, 866.97436523]
[238.97915649, 1169.03561401, 900.45898438]
[241.46151733, 1172.92550659, 1020.83178711]
[239.56393433, 1162.34594727, 1015.38208008]
[240.2780304, 1153.4750061, 1007.63537598]
[240.41438293, 1151.01113892, 992.95556641]
[232.97000122, 1151.84515381, 990.86486816]
[241.59208679, 1152.32107544, 997.9128418]
[240.17564392, 1164.51303101, 983.91601562]
[240.7351532, 1188.00134277, 880.04272461]
[235.5055542, 1215.64996338, 937.08544922]
[220.79925537, 1268.03970337, 902.40209961]
[203.32351685, 1304.61392212, 861.55761719]
[202.40457153, 1358.65344238, 849.78063965]
[227.45597839, 1333.08258057, 671.99609375]
[251.83627319, 1337.82373047, 655.15393066]
[266.42480469, 1337.68115234, 614.69360352]
[269.70443726, 1342.25537109, 615.24804688]
[279.98706055, 1368.93786621, 556.44836426]
[308.9359436, 1367.19628906, 558.89453125]
[315.21765137, 1377.90093994, 614.30102539]
[345.10379028, 1364.96716309, 652.11218262]
[375.80828857, 1396.82977295, 730.32739258]
[459.60549927, 1322.44195557, 791.83850098]
[453.51696777, 1318.45410156, 787.70666504]
[506.32662964, 1245.50588989, 912.49035645]
[508.00900269, 1208.68161011, 955.23571777]
[492.60241699, 1207.48361206, 1017.81347656]
[441.14935303, 1174.54647827, 1065.42016602]
[379.5112915, 1103.96081543, 1130.37475586]
[344.04446411, 1103.01168823, 1102.63574219]
[318.23181152, 1052.40563965, 1069.85009766]
[317.9977417, 1059.60604858, 1060.61206055]
[324.74145508, 985.97442627, 1113.41845703]
[236.26676941, 958.46084595, 1173.61621094]
[267.83920288, 922.68138885, 1217.27832031]
[263.55969238, 895.56773376, 1219.77001953]
[241.15991211, 875.55510712, 1209.70336914]
[206.52857971, 790.49566269, 940.84338379]
[189.00790405, 771.21311378, 876.83215332]
[195.09098816, 699.43037415, 833.02807617]
[251.86032104, 682.15514374, 634.72766113]
[255.03211975, 673.40977478, 611.4777832]
[273.77664185, 670.47361755, 606.38806152]
[294.5352478, 698.05825806, 614.88891602]
[325.22982788, 720.81590271, 643.86962891]
[327.79040527, 752.31853867, 681.90246582]
[358.39529419, 785.6693573, 713.6965332]
[349.55377197, 800.87701905, 764.15307617]
[360.52429199, 834.47580338, 825.30395508]
[364.38565063, 887.49436188, 891.3626709]
[338.15188599, 954.79954529, 905.44787598]
[342.08959961, 1006.86575317, 986.77941895]
[336.32540894, 1076.28430176, 1038.90319824]
[336.34051514, 1097.74749756, 1072.68212891]
[307.01116943, 1145.79611206, 1068.02099609]
[313.84713745, 1163.20196533, 1084.3046875]
[314.90853882, 1163.85275269, 1079.76342773]
[326.50900269, 1180.70944214, 1084.9375]
[327.47900391, 1181.68618774, 1082.95288086]
[321.06207275, 1192.6100769, 1076.49511719]
[308.47583008, 1190.89712524, 1045.85839844]
[288.78887939, 1193.80300903, 1016.34020996]
[282.56369019, 1196.50360107, 988.79443359]
[272.82769775, 1204.49154663, 967.86279297]
[254.75030518, 1223.61651611, 941.91455078]
[256.20608521, 1215.72879028, 935.00378418]
[289.6546936, 1150.18722534, 879.64770508]
[305.41220093, 1140.82180786, 871.84008789]
[292.33029175, 1261.8427124, 843.78588867]
[262.04663086, 1298.37054443, 802.22338867]
[254.70011902, 1311.55371094, 726.86425781]
[249.90776062, 1323.69555664, 815.18945312]
[234.02456665, 1354.71716309, 799.94567871]
[180.30470276, 1362.01422119, 667.33605957]
[169.23616028, 1360.07989502, 591.48498535]
[171.19526672, 1338.42315674, 523.29638672]
[180.07815552, 1316.1418457, 466.19177246]
[184.86735535, 1299.22955322, 412.65930176]
[199.37557983, 1233.85848999, 366.81066895]
[222.95193481, 1199.84170532, 309.59814453]
[241.44256592, 1161.31137085, 281.14477539]
[246.1892395, 1140.74850464, 265.12475586]
[263.10406494, 1109.15908813, 260.20373535]
[277.81539917, 1111.59646606, 274.02868652]
[260.79162598, 1103.77359009, 291.3079834]
[254.44812012, 1102.63717651, 336.828125]
[252.17678833, 1069.69137573, 366.16442871]
[261.89935303, 1027.74905396, 369.22119141]
[252.00202942, 982.82743835, 431.67321777]
[254.40275574, 953.77235413, 418.16601562]
[252.40748596, 938.18782043, 416.33081055]
[235.00900269, 920.61795807, 384.68383789]
[204.00003052, 907.4849472, 365.45654297]
[199.3397522, 946.96958923, 375.06311035]
[151.12748718, 1030.71539307, 367.55664062]
[149.66764832, 1071.1156311, 359.06359863]
[127.03269958, 1102.73812866, 334.72546387]
[105.6333847, 1092.85168457, 322.75427246]
[137.94767761, 1056.37057495, 330.54711914]
[112.13253021, 1076.66741943, 319.10192871]
[97.64015198, 1112.58734131, 302.99963379]
[100.77160645, 1136.02685547, 255.58459473]
[95.91957092, 1160.44076538, 265.80358887]
[95.13775635, 1183.60229492, 291.03674316]
[91.11388397, 1202.3918457, 275.8807373]
[91.01261902, 1204.62136841, 260.13513184]
[69.09754944, 1229.05377197, 269.59606934]
[44.94062805, 1254.14788818, 274.8536377]
[40.81527328, 1258.22067261, 281.75817871]
[10.52960777, 1295.57678223, 306.2623291]
[-13.61873722, 1322.48193359, 331.00708008]
[-43.32897949, 1335.80340576, 341.45019531]
[-69.36359406, 1349.51757812, 352.31066895]
[-97.54946899, 1388.55578613, 369.05627441]
[-110.43352509, 1442.89562988, 372.44030762]
[-120.96253204, 1401.93432617, 358.20935059]
[-163.63378906, 1486.59423828, 388.85974121]
[-193.50457764, 1509.04089355, 380.62402344]
[-224.0927887, 1468.15942383, 407.53723145]
[-221.93238831, 1473.14697266, 406.11376953]
[-254.75614929, 1478.55853271, 424.11401367]
[-262.11050415, 1465.32073975, 415.1373291]
[-294.00704956, 1416.27593994, 433.14477539]
[-312.09442139, 1388.13690186, 471.83422852]
[-315.15353394, 1379.12408447, 541.01806641]
[-367.91015625, 1329.71325684, 587.91723633]
[-437.30093384, 1269.45501709, 619.29382324]
[-417.81530762, 1142.58227539, 662.21960449]
[-427.03549194, 1096.11349487, 714.60021973]
[-417.45101929, 1110.5880127, 728.71826172]
[-416.60702515, 1147.5637207, 736.93334961]
[-358.67980957, 1136.20007324, 755.65246582]
[-334.9437561,1123.64334106, 807.2454834]
[-290.70233154, 1142.28683472, 819.26940918]
[-238.62660217, 1170.20669556, 822.13256836]
[-211.00932312, 1183.62930298, 807.14318848]
[-194.83891296, 1201.41860962, 860.34094238]
[-184.21777344, 1202.04937744, 869.85046387]
[-163.1506958, 1193.08355713, 846.86889648]
[-163.32711792, 1202.75119019, 796.67895508]
[-166.71192932, 1202.24172974, 800.51733398]
[-177.33312988, 1215.16159058, 821.75524902]
[-177.6714325, 1217.07952881, 828.21020508]
[-176.79176331, 1216.9185791, 817.26599121]
[-190.12663269, 1252.01205444, 821.65112305]
[-128.83934021, 1199.3132019, 818.2154541]
[-30.32262993, 1176.03213501, 851.23327637]
[113.69371033, 1214.14700317, 777.74597168]
[120.51751709, 1207.64474487, 802.09069824]
[74.93187714, 991.38504028, 807.77905273]
[72.6782074, 982.12796021, 798.65429688]
[123.8769455, 1361.6038208, 702.27514648]
[112.83019257, 1438.66345215, 788.63098145]
[121.78492737, 1519.51599121, 886.50793457]
[195.97875977, 1538.9921875, 867.57702637]
[216.7263031, 1508.92437744, 948.73522949]
[226.11468506, 1473.6652832, 914.12609863]
[243.75219727, 1436.56036377, 905.80725098]
[270.85720825, 1405.11901855, 885.89123535]
[293.81912231, 1381.00750732, 846.13903809]
[323.32437134, 1339.61700439, 814.0604248]
[335.49005127, 1318.01318359, 784.08862305]
[353.50976562, 1307.62988281, 785.49450684]
[350.66558838, 1292.50949097, 767.25390625]
[357.93267822, 1297.06921387, 759.71777344]
[326.26153564, 1279.43710327, 723.40393066]
[307.08889771, 1266.10614014, 717.63244629]
[287.98309326, 1291.80621338, 701.66760254]
[305.28271484, 1191.66085815, 599.78918457]
[301.58535767, 1188.81893921, 593.70031738]
[293.54727173, 1161.61843872, 647.12084961]
[300.80200195, 1156.40734863, 652.09997559]
[289.73452759, 1165.97622681, 706.16125488]
[301.30099487, 1162.54745483, 759.45019531]
[298.76251221, 1117.84527588, 794.53735352]
[280.68878174, 1090.52828979, 965.47546387]
[266.64105225, 1091.46008301, 998.05053711]
[290.78536987, 1113.39453125, 1044.1496582]
[311.75057983, 1167.22952271, 1127.62719727]
[295.10406494, 1008.91357422, 1132.09594727]
[313.42279053, 960.33255005, 1058.78466797]
[287.26821899, 997.40655518, 1064.5793457]
[278.35440063, 1028.49745178, 1090.93774414]
[279.709198, 1046.34361267, 1092.1340332]
[288.99743652, 1050.08538818, 1110.26538086]
[288.27154541, 1063.80490112, 1121.69116211]
[278.91958618, 1070.40182495, 1152.05371094]
[281.65142822, 1087.32846069, 1180.1159668]
[286.3374939, 1124.22357178, 1198.8515625]
[264.61502075, 1210.75808716, 1170.21508789]
[259.3006897, 1249.84494019, 1146.67456055]
[266.20547485, 1297.10162354, 1138.24658203]
[263.20922852, 1331.04022217, 1061.0715332]
[257.22683716, 1354.17242432, 1047.18139648]
[247.55302429, 1370.10168457, 1074.47412109]
[250.64891052, 1348.57818604, 1019.83190918]
[246.17251587, 1353.87988281, 1006.70483398]
[238.51167297, 1358.90356445, 987.31311035]
[224.41928101, 1362.27288818, 959.07226562]
[204.08483887, 1356.38848877, 925.54052734]
[191.14115906, 1333.22918701, 874.55102539]
[166.83253479, 1307.28475952, 838.1451416]
[152.81130981, 1278.71896362, 788.89025879]
[119.89342499, 1230.31723022, 770.78759766]
[111.04868317, 1170.75845337, 738.95092773]
[105.03865814, 1126.95617676, 722.36853027]
[104.86631775, 1090.57354736, 711.02062988]
[94.74327087, 1054.91217041, 704.40869141]
[96.82487488, 1036.43455505, 699.62744141]
[108.7734375, 1019.22966003, 701.32983398]
[106.80492401, 1010.3901825, 697.63098145]
[110.62566376, 988.8584137, 693.64111328]
[106.61451721, 990.19911194, 690.28137207]
[110.16223907, 993.11094666, 690.7512207]
[104.82484436, 1006.2184906, 690.97631836]
[103.37329102, 1017.57382202, 687.85632324]
[104.40554047, 1021.27401733, 695.43615723]
[125.82896423, 1030.91549683, 709.92590332]
[148.74934387, 1027.96856689, 740.85913086]
[168.98062134, 1028.00372314, 792.31787109]
[231.79525757, 1020.79472351, 800.76721191]
[259.62200928, 1026.33866882, 828.98400879]
[288.35766602, 1002.76255798, 896.04614258]
[267.40658569, 1031.70396423, 942.96142578]
[266.98513794, 1065.20254517, 973.95092773]
[254.10192871, 1053.28132629, 1001.09814453]
[230.32719421, 1072.94421387, 1063.37109375]
[223.22634888, 1055.92562866, 1040.96508789]
[172.44036865, 787.63626862, 889.00720215]
[168.00270081, 749.20316315, 852.25427246]
[163.35974121, 736.91147995, 836.37841797]
[163.50201416, 743.50334549, 831.27880859]
[162.76705933, 776.49048233, 807.76269531]
[151.27154541, 782.78853226, 814.88598633]
[147.48722839, 781.45844841, 818.82385254]
[135.47381592, 793.28968668, 812.89233398]
[0, 0, 0]
[0, 0, 0]
[0, 0, 0]
[0, 0, 0]
[0, 0, 0]
[0, 0, 0]
[0, 0, 0]
[0, 0, 0]
[0, 0, 0]
[0, 0, 0]
[0, 0, 0]
[0, 0, 0]
[0, 0, 0]
[0, 0, 0]
[0, 0, 0]
[0, 0, 0]
[0, 0, 0]
[0, 0, 0]
[0, 0, 0]
[0, 0, 0]
[0, 0, 0]
[0, 0, 0]
[0, 0, 0]
[0, 0, 0]
[0, 0, 0]
[0, 0, 0]
[0, 0, 0]
[0, 0, 0]
[0, 0, 0]
[0, 0, 0]
[0, 0, 0]
[0, 0, 0]
[0, 0, 0]
[0, 0, 0]
[0, 0, 0]
[0, 0, 0]
[0, 0, 0]
[0, 0, 0]
[0, 0, 0]
[0, 0, 0]
[0, 0, 0]
[0, 0, 0]
[0, 0, 0]
[0, 0, 0]
[0, 0, 0]
[0, 0, 0]
[0, 0, 0]
[0, 0, 0]
[0, 0, 0]
[0, 0, 0]
[0, 0, 0]
[0, 0, 0]
[0, 0, 0]
[0, 0, 0]
[0, 0, 0]
[0, 0, 0]
[0, 0, 0]
[0, 0, 0]
[0, 0, 0]
[0, 0, 0]
[0, 0, 0]
[0, 0, 0]
[0, 0, 0]
[0, 0, 0]
[0, 0, 0]
[0, 0, 0]
[0, 0, 0]
[0, 0, 0]
[0, 0, 0]
[0, 0, 0]
[0, 0, 0]
[0, 0, 0]
[0, 0, 0]
[0, 0, 0]
[0, 0, 0]
[0, 0, 0]
[0, 0, 0]
[0, 0, 0]
[0, 0, 0]
[0, 0, 0]
[0, 0, 0]
[0, 0, 0]
[0, 0, 0]
[0, 0, 0]
[0, 0, 0]
[0, 0, 0]
[0, 0, 0]
[0, 0, 0]
[0, 0, 0]
[0, 0, 0]
[0, 0, 0]
[0, 0, 0]
[0, 0, 0]
[0, 0, 0]
[0, 0, 0]
[0, 0, 0]
[0, 0, 0]
[0, 0, 0]
[0, 0, 0]
[0, 0, 0]
[0, 0, 0]
[0, 0, 0]
[0, 0, 0]
[0, 0, 0]
[0, 0, 0]
[0, 0, 0]
[0, 0, 0]
[0, 0, 0]
[0, 0, 0]
[0, 0, 0]
[0, 0, 0]
[0, 0, 0]
[0, 0, 0]
[0, 0, 0]
[0, 0, 0]
[0, 0, 0]
[0, 0, 0]
[0, 0, 0]
[0, 0, 0]
[0, 0, 0]
[0, 0, 0]
[0, 0, 0]
[0, 0, 0]
[0, 0, 0]
[0, 0, 0]
[0, 0, 0]
[0, 0, 0]
[0, 0, 0]
[0, 0, 0]
[0, 0, 0]
[0, 0, 0]
[0, 0, 0]
[0, 0, 0]
[0, 0, 0]
[0, 0, 0]
[0, 0, 0]
[0, 0, 0]
[0, 0, 0]
[0, 0, 0]
[0, 0, 0]
[0, 0, 0]
[0, 0, 0]
[0, 0, 0]
[0, 0, 0]
[0, 0, 0]
[0, 0, 0]
[0, 0, 0]
[0, 0, 0]
[0, 0, 0]
[0, 0, 0]
[0, 0, 0]
[0, 0, 0]
[0, 0, 0]
[0, 0, 0]
[0, 0, 0]
[0, 0, 0]
[0, 0, 0]
[0, 0, 0]
[0, 0, 0]
[0, 0, 0]
[0, 0, 0]
[0, 0, 0]
[0, 0, 0]
[0, 0, 0]
[0, 0, 0]
[0, 0, 0]
[0, 0, 0]
[0, 0, 0]
[0, 0, 0]
[0, 0, 0]
[0, 0, 0]
[0, 0, 0]
[0, 0, 0]
[0, 0, 0]
[0, 0, 0]
[0, 0, 0]
[0, 0, 0]
[0, 0, 0]
[0, 0, 0]
[0, 0, 0]
[0, 0, 0]
[0, 0, 0]
[0, 0, 0]
[0, 0, 0]
[0, 0, 0]
[0, 0, 0]
[0, 0, 0]
[0, 0, 0]
[0, 0, 0]
[0, 0, 0]
[0, 0, 0]
[0, 0, 0]
[0, 0, 0]
[0, 0, 0]
[0, 0, 0]
[0, 0, 0]
[0, 0, 0]
[0, 0, 0]
[0, 0, 0]
[0, 0, 0]
[0, 0, 0]
[0, 0, 0]
[0, 0, 0]
[0, 0, 0]
[0, 0, 0]
[0, 0, 0]
[0, 0, 0]
[0, 0, 0]
[0, 0, 0]
[0, 0, 0]
[0, 0, 0]
[0, 0, 0]
[0, 0, 0]
[0, 0, 0]
[0, 0, 0]
[0, 0, 0]
[0, 0, 0]
[0, 0, 0]
[0, 0, 0]
[0, 0, 0]
[0, 0, 0]
[0, 0, 0]
[0, 0, 0]
[0, 0, 0]
[0, 0, 0]
[0, 0, 0]
[0, 0, 0]
[0, 0, 0]
[0, 0, 0]
[0, 0, 0]
[0, 0, 0]
[0, 0, 0]
[0, 0, 0]
[0, 0, 0]
[0, 0, 0]
[0, 0, 0]
[0, 0, 0]
[0, 0, 0]
[0, 0, 0]
[0, 0, 0]
[0, 0, 0]
[0, 0, 0]
[0, 0, 0]
[0, 0, 0]
[0, 0, 0]
[0, 0, 0]
[0, 0, 0]
[0, 0, 0]
[0, 0, 0]
[0, 0, 0]
[0, 0, 0]
[0, 0, 0]
[0, 0, 0]
[0, 0, 0]
[0, 0, 0]
[0, 0, 0]
[0, 0, 0]
[0, 0, 0]
[0, 0, 0]
[0, 0, 0]
[0, 0, 0]
[0, 0, 0]
[0, 0, 0]
[0, 0, 0]
[0, 0, 0]
[0, 0, 0]
[0, 0, 0]
[0, 0, 0]
[0, 0, 0]
[0, 0, 0]
[0, 0, 0]
[0, 0, 0]
[0, 0, 0]
[0, 0, 0]
[0, 0, 0]
[0, 0, 0]
[0, 0, 0]
[0, 0, 0]
[0, 0, 0]
[0, 0, 0]
[0, 0, 0]
[0, 0, 0]
[0, 0, 0]
[0, 0, 0]
[0, 0, 0]
[0, 0, 0]
[0, 0, 0]
[0, 0, 0]
[0, 0, 0]
[0, 0, 0]
[0, 0, 0]
[0, 0, 0]
[0, 0, 0]
[0, 0, 0]
[0, 0, 0]
[0, 0, 0]
[0, 0, 0]
[0, 0, 0]
[0, 0, 0]
[0, 0, 0]
[0, 0, 0]
[0, 0, 0]
[0, 0, 0]
[0, 0, 0]
[0, 0, 0]
[0, 0, 0]
[0, 0, 0]
[0, 0, 0]
[0, 0, 0]
[0, 0, 0]
[0, 0, 0]
[0, 0, 0]
[0, 0, 0]
[0, 0, 0]
[0, 0, 0]
[0, 0, 0]
[0, 0, 0]
[0, 0, 0]
[0, 0, 0]
[0, 0, 0]
[0, 0, 0]
[0, 0, 0]
[0, 0, 0]
[0, 0, 0]
[0, 0, 0]
[0, 0, 0]
[0, 0, 0]
[0, 0, 0]
[0, 0, 0]
[0, 0, 0]
[0, 0, 0]
[0, 0, 0]
[0, 0, 0]
[0, 0, 0]
[0, 0, 0]
[0, 0, 0]
[0, 0, 0]
[0, 0, 0]
[0, 0, 0]
[0, 0, 0]
[0, 0, 0]
[0, 0, 0]
[0, 0, 0]
[0, 0, 0]
[0, 0, 0]
[0, 0, 0]
[0, 0, 0]
[0, 0, 0]
[0, 0, 0]
[0, 0, 0]
[0, 0, 0]
[0, 0, 0]
[0, 0, 0]
[0, 0, 0]
[0, 0, 0]
[0, 0, 0]
[0, 0, 0]
[0, 0, 0]
[0, 0, 0]
[0, 0, 0]
[0, 0, 0]
[0, 0, 0]
[0, 0, 0]
[0, 0, 0]
[0, 0, 0]
[0, 0, 0]
[0, 0, 0]
[0, 0, 0]
[0, 0, 0]
[0, 0, 0]
[0, 0, 0]
[0, 0, 0]
[0, 0, 0]
[0, 0, 0]
[0, 0, 0]
[0, 0, 0]
[0, 0, 0]
[0, 0, 0]
[0, 0, 0]
[0, 0, 0]
[0, 0, 0]
[0, 0, 0]
[0, 0, 0]
[0, 0, 0]
[0, 0, 0]
[0, 0, 0]
[0, 0, 0]
[0, 0, 0]
[0, 0, 0]
[0, 0, 0]
[0, 0, 0]
[0, 0, 0]
[0, 0, 0]
[0, 0, 0]
[0, 0, 0]
[0, 0, 0]
[0, 0, 0]
[0, 0, 0]
[0, 0, 0]
[0, 0, 0]
[0, 0, 0]
[0, 0, 0]
[0, 0, 0]
[0, 0, 0]
[0, 0, 0]
[0, 0, 0]
[0, 0, 0]
[0, 0, 0]
[0, 0, 0]
[0, 0, 0]
[0, 0, 0]
[0, 0, 0]
[0, 0, 0]
[0, 0, 0]
[0, 0, 0]
[0, 0, 0]
[0, 0, 0]
[0, 0, 0]
[0, 0, 0]
[0, 0, 0]
[0, 0, 0]
[0, 0, 0]
[0, 0, 0]
[0, 0, 0]
[0, 0, 0]
[0, 0, 0]
[0, 0, 0]
[0, 0, 0]
[0, 0, 0]
[0, 0, 0]
[0, 0, 0]
[0, 0, 0]
[0, 0, 0]
[0, 0, 0]
[0, 0, 0]
[0, 0, 0]
[0, 0, 0]
[0, 0, 0]
[0, 0, 0]
[0, 0, 0]
[0, 0, 0]
[0, 0, 0]
[0, 0, 0]
[0, 0, 0]
[0, 0, 0]
[0, 0, 0]
[0, 0, 0]
[0, 0, 0]
[0, 0, 0]
[0, 0, 0]
[0, 0, 0]
[0, 0, 0]
