452
30
[14.82302188873291, -716.0305786132812, 2030.804931640625]
[17.534847259521484, -715.9027099609375, 2030.02880859375]
[20.536476135253906, -714.3936157226562, 2029.0469970703125]
[21.60912322998047, -712.7279663085938, 2029.4169921875]
[26.453174591064453, -709.828125, 2025.1044921875]
[26.550762176513672, -708.9420166015625, 2027.193115234375]
[30.64981460571289, -709.5122680664062, 2028.0916748046875]
[38.92618942260742, -715.8576049804688, 2033.276611328125]
[41.2076530456543, -715.1520385742188, 2031.7005615234375]
[45.767391204833984, -713.9337158203125, 2031.9954833984375]
[48.845375061035156, -713.1530151367188, 2032.1104736328125]
[53.14657974243164, -713.0010986328125, 2030.8868408203125]
[54.238426208496094, -712.5958862304688, 2029.5164794921875]
[56.31936264038086, -713.0131225585938, 2029.9222412109375]
[65.31114196777344, -713.8497924804688, 2028.62451171875]
[66.04773712158203, -714.2312622070312, 2030.42578125]
[66.08529663085938, -714.739501953125, 2031.0869140625]
[68.20006561279297, -712.5302734375, 2030.0828857421875]
[69.19458770751953, -712.3511352539062, 2030.3719482421875]
[72.31160736083984, -710.2401123046875, 2027.4307861328125]
[75.97061157226562, -709.0149536132812, 2026.755859375]
[74.84368133544922, -709.7241821289062, 2023.8690185546875]
[76.66564178466797, -708.5313720703125, 2024.0531005859375]
[78.41822052001953, -709.3809814453125, 2022.5355224609375]
[78.14840698242188, -709.7388305664062, 2023.1978759765625]
[80.13683319091797, -709.1456909179688, 2020.92431640625]
[81.30709075927734, -707.0802612304688, 2020.9322509765625]
[83.6197738647461, -706.6195068359375, 2015.1536865234375]
[84.33540344238281, -704.34033203125, 2011.2862548828125]
[83.23517608642578, -704.9779663085938, 2011.6934814453125]
[83.3084716796875, -705.2803344726562, 2011.6512451171875]
[83.39507293701172, -705.3016967773438, 2011.70068359375]
[83.7185287475586, -705.1177368164062, 2011.7027587890625]
[87.96467590332031, -704.2256469726562, 2006.845458984375]
[90.12860107421875, -706.9027099609375, 2007.355224609375]
[93.16549682617188, -701.8572387695312, 2002.42919921875]
[93.30889129638672, -701.8284912109375, 2002.371337890625]
[100.58501434326172, -704.4284057617188, 2007.4285888671875]
[100.53418731689453, -694.7054443359375, 2003.611572265625]
[102.7369384765625, -697.3878173828125, 1997.883056640625]
[108.3386001586914, -698.0250244140625, 1996.3302001953125]
[101.55785369873047, -705.9265747070312, 1990.826904296875]
[101.8386459350586, -710.2880249023438, 1984.933837890625]
[92.75418853759766, -712.1942749023438, 1976.4757080078125]
[88.24462890625, -712.5559692382812, 1971.3953857421875]
[79.97909545898438, -709.1201782226562, 1961.154296875]
[73.15095520019531, -709.88623046875, 1955.3148193359375]
[61.1988525390625, -707.1087646484375, 1950.57958984375]
[47.70571517944336, -707.9695434570312, 1940.6116943359375]
[36.64213562011719, -699.2085571289062, 1932.9368896484375]
[21.296125411987305, -696.5035400390625, 1919.401123046875]
[11.214394569396973, -689.6891479492188, 1913.697509765625]
[2.8931684494018555, -679.3306884765625, 1906.5726318359375]
[-7.616776943206787, -673.91015625, 1902.6851806640625]
[-18.77317237854004, -674.341796875, 1901.411376953125]
[-24.339519500732422, -679.09912109375, 1905.9300537109375]
[-37.104896545410156, -681.8523559570312, 1901.5819091796875]
[-46.36579132080078, -694.431640625, 1897.7181396484375]
[-56.49060821533203, -698.9581298828125, 1890.0927734375]
[-66.80551147460938, -709.5197143554688, 1892.1455078125]
[-72.22052001953125, -715.0728149414062, 1890.5794677734375]
[-77.3587875366211, -723.7805786132812, 1887.75048828125]
[-84.79928588867188, -726.1395263671875, 1891.181640625]
[-81.18008422851562, -723.307861328125, 1873.7152099609375]
[-72.51437377929688, -702.0411987304688, 1863.2353515625]
[-61.26952362060547, -698.402587890625, 1864.48583984375]
[-52.86936569213867, -695.4295654296875, 1875.4954833984375]
[-40.195552825927734, -694.548828125, 1881.63525390625]
[-14.532862663269043, -694.9231567382812, 1878.274169921875]
[-7.496236324310303, -698.34521484375, 1883.062255859375]
[15.346294403076172, -684.7460327148438, 1876.42578125]
[27.6921329498291, -680.9376220703125, 1875.087890625]
[39.973663330078125, -687.9935302734375, 1878.8001708984375]
[47.2434196472168, -692.1239624023438, 1880.596923828125]
[66.70008850097656, -704.1812744140625, 1880.6490478515625]
[77.44383239746094, -717.80322265625, 1877.78662109375]
[83.8843994140625, -728.2789916992188, 1876.7667236328125]
[89.9574966430664, -732.7991943359375, 1879.2493896484375]
[96.96730041503906, -737.7363891601562, 1883.984375]
[99.80305480957031, -722.9014892578125, 1881.716064453125]
[99.9657974243164, -726.8984375, 1893.017822265625]
[103.94657897949219, -718.8306274414062, 1900.7257080078125]
[107.25428009033203, -713.7718505859375, 1900.9473876953125]
[111.38562774658203, -692.8222045898438, 1902.826904296875]
[117.9078140258789, -709.3172607421875, 1926.8240966796875]
[114.4807357788086, -689.7147216796875, 1923.1024169921875]
[120.84598541259766, -678.028076171875, 1941.5921630859375]
[122.5777816772461, -668.73583984375, 1935.83935546875]
[123.60338592529297, -666.9388427734375, 1920.284912109375]
[124.30973815917969, -671.9569091796875, 1912.7427978515625]
[113.94218444824219, -669.1238403320312, 1894.0711669921875]
[113.3675537109375, -681.58154296875, 1899.6201171875]
[105.38299560546875, -689.0496826171875, 1888.7838134765625]
[107.20564270019531, -708.2542114257812, 1865.3009033203125]
[112.81396484375, -725.6788940429688, 1863.497802734375]
[120.42440795898438, -741.5021362304688, 1859.0828857421875]
[121.87887573242188, -743.8468627929688, 1844.7509765625]
[134.3417205810547, -740.5486450195312, 1832.4664306640625]
[148.85549926757812, -731.0658569335938, 1816.718994140625]
[150.68206787109375, -713.52490234375, 1799.4549560546875]
[162.86973571777344, -687.5819091796875, 1758.279541015625]
[166.9532012939453, -669.0411376953125, 1756.886962890625]
[168.7594757080078, -656.4204711914062, 1734.29638671875]
[179.2346649169922, -659.5708618164062, 1732.439697265625]
[188.00680541992188, -668.2904052734375, 1731.089111328125]
[202.65359497070312, -677.4874877929688, 1712.7452392578125]
[205.16482543945312, -696.151123046875, 1703.5941162109375]
[212.95828247070312, -708.693603515625, 1697.501220703125]
[219.01808166503906, -714.71142578125, 1700.306640625]
[224.64886474609375, -720.5048828125, 1712.492919921875]
[230.98757934570312, -714.5986328125, 1723.0843505859375]
[239.2320556640625, -694.4886474609375, 1731.79248046875]
[249.17417907714844, -673.1795043945312, 1720.2313232421875]
[253.81085205078125, -653.6152954101562, 1721.9193115234375]
[252.88653564453125, -663.8428955078125, 1750.91064453125]
[257.0787658691406, -665.54248046875, 1755.462646484375]
[265.46551513671875, -668.4301147460938, 1759.0330810546875]
[273.0641174316406, -674.0708618164062, 1785.7808837890625]
[279.2425537109375, -681.4473876953125, 1794.3289794921875]
[281.98046875, -683.5877685546875, 1790.638671875]
[285.5749816894531, -690.9881591796875, 1794.3538818359375]
[292.647705078125, -698.6358032226562, 1785.778076171875]
[286.6202697753906, -707.2574462890625, 1800.6357421875]
[277.6241455078125, -706.2615356445312, 1806.0955810546875]
[274.8038635253906, -706.9574584960938, 1808.5904541015625]
[262.8811340332031, -710.7556762695312, 1812.38330078125]
[241.01876831054688, -717.1067504882812, 1817.91162109375]
[229.73486328125, -715.2386474609375, 1816.0791015625]
[216.5519256591797, -706.0098876953125, 1810.9998779296875]
[197.18252563476562, -688.8807983398438, 1785.209716796875]
[182.87911987304688, -673.6730346679688, 1788.9583740234375]
[170.39028930664062, -655.12060546875, 1777.8143310546875]
[149.18936157226562, -645.3718872070312, 1781.7001953125]
[134.5784912109375, -635.094970703125, 1768.0745849609375]
[120.75025177001953, -639.0972290039062, 1760.134033203125]
[112.80307006835938, -653.3690795898438, 1758.171142578125]
[100.47394561767578, -669.874755859375, 1765.0941162109375]
[91.54808044433594, -690.1905517578125, 1767.255126953125]
[84.45024108886719, -708.4826049804688, 1768.48828125]
[71.42959594726562, -723.2216796875, 1772.3863525390625]
[64.59375, -728.9602661132812, 1783.38232421875]
[57.302093505859375, -729.0128173828125, 1792.8599853515625]
[44.03493118286133, -722.5274047851562, 1807.6070556640625]
[35.34527587890625, -706.40283203125, 1821.0653076171875]
[19.733882904052734, -684.5476684570312, 1832.8018798828125]
[-7.717315196990967, -657.0048217773438, 1836.5008544921875]
[-19.434791564941406, -647.7162475585938, 1842.9691162109375]
[-35.253868103027344, -649.1474609375, 1843.4000244140625]
[-45.27607727050781, -657.3767700195312, 1836.2237548828125]
[-59.19817352294922, -665.1333618164062, 1825.407958984375]
[-69.70465850830078, -675.13525390625, 1817.1514892578125]
[-83.14656066894531, -683.5521850585938, 1797.3905029296875]
[-88.85295104980469, -687.49462890625, 1787.7239990234375]
[-96.81632232666016, -698.934814453125, 1779.4483642578125]
[-104.44449615478516, -697.5469970703125, 1748.2640380859375]
[-110.88289642333984, -704.0515747070312, 1741.9293212890625]
[-119.7403793334961, -707.3699951171875, 1736.1236572265625]
[-126.01427459716797, -712.8905639648438, 1728.460205078125]
[-134.4001007080078, -710.6793823242188, 1717.43212890625]
[-135.65435791015625, -705.3988647460938, 1711.6085205078125]
[-141.83377075195312, -693.9275512695312, 1697.950439453125]
[-141.5482177734375, -682.57275390625, 1686.564208984375]
[-145.2070770263672, -661.8486328125, 1674.6744384765625]
[-151.4217529296875, -642.0625, 1657.5133056640625]
[-153.9202880859375, -627.3135986328125, 1647.029541015625]
[-156.50917053222656, -633.0572509765625, 1635.8521728515625]
[-163.50430297851562, -644.8355712890625, 1626.0859375]
[-172.08616638183594, -658.9716796875, 1617.906005859375]
[-180.23228454589844, -661.4744262695312, 1599.89111328125]
[-182.1017303466797, -670.6236572265625, 1585.0126953125]
[-195.58526611328125, -671.1673583984375, 1560.0787353515625]
[-205.64346313476562, -663.7305908203125, 1541.7332763671875]
[-212.744873046875, -655.7946166992188, 1532.26318359375]
[-217.38043212890625, -632.0308227539062, 1510.77197265625]
[-224.82272338867188, -613.5662841796875, 1487.2352294921875]
[-226.97518920898438, -613.6533203125, 1481.9251708984375]
[-237.0571746826172, -622.1477661132812, 1490.097900390625]
[-239.44412231445312, -623.1785888671875, 1487.0509033203125]
[-240.79977416992188, -623.0905151367188, 1488.0025634765625]
[-246.67941284179688, -624.6328125, 1480.0675048828125]
[-242.67898559570312, -624.2860107421875, 1482.85693359375]
[-241.6842498779297, -619.7601318359375, 1473.6055908203125]
[-246.6165008544922, -626.9847412109375, 1479.1968994140625]
[-244.86012268066406, -623.2489013671875, 1469.250732421875]
[-243.37889099121094, -620.5057373046875, 1473.799560546875]
[-237.8797149658203, -620.46337890625, 1472.6187744140625]
[-235.62533569335938, -637.2214965820312, 1496.391357421875]
[-227.4332733154297, -641.8135986328125, 1503.4444580078125]
[-219.59732055664062, -636.1925659179688, 1508.5872802734375]
[-211.548095703125, -628.7669067382812, 1510.668701171875]
[-205.00192260742188, -623.8040771484375, 1510.6920166015625]
[-196.9906768798828, -630.6337890625, 1527.30859375]
[-185.8798370361328, -648.9495849609375, 1559.4605712890625]
[-175.6844940185547, -650.1432495117188, 1574.182861328125]
[-158.0769500732422, -651.541259765625, 1593.587646484375]
[-144.59051513671875, -654.0896606445312, 1618.6524658203125]
[-130.02252197265625, -644.4633178710938, 1631.1959228515625]
[-128.12135314941406, -642.8285522460938, 1644.3348388671875]
[-121.75679779052734, -651.9447631835938, 1664.2100830078125]
[-110.18839263916016, -664.5331420898438, 1677.9332275390625]
[-97.78299713134766, -683.4606323242188, 1696.852294921875]
[-93.39196014404297, -695.2249145507812, 1715.209228515625]
[-84.36630249023438, -705.8856201171875, 1731.068115234375]
[-73.38529968261719, -709.4889526367188, 1749.46337890625]
[-65.14170837402344, -713.8150024414062, 1770.1715087890625]
[-56.62248992919922, -712.81005859375, 1793.7445068359375]
[-54.682865142822266, -706.967041015625, 1814.662109375]
[-51.98497009277344, -695.7604370117188, 1835.5950927734375]
[-41.16183090209961, -693.286865234375, 1867.75048828125]
[-36.0693473815918, -681.2539672851562, 1891.9090576171875]
[-26.562118530273438, -678.2640380859375, 1924.51220703125]
[-20.251710891723633, -660.2059936523438, 1949.0635986328125]
[-10.286124229431152, -657.3773803710938, 1970.5770263671875]
[-0.14430412650108337, -677.788330078125, 1993.3668212890625]
[5.721550464630127, -689.5748291015625, 2005.36181640625]
[13.324050903320312, -714.793212890625, 2009.051513671875]
[26.082975387573242, -738.0936279296875, 2015.909423828125]
[38.07810592651367, -753.7086181640625, 2017.568359375]
[49.786590576171875, -772.728515625, 2029.4832763671875]
[63.07326889038086, -777.3872680664062, 2041.38232421875]
[76.10335540771484, -766.7877197265625, 2053.98779296875]
[85.18238830566406, -756.247314453125, 2065.424560546875]
[99.35367584228516, -725.1511840820312, 2072.408203125]
[106.7974624633789, -702.7413940429688, 2073.25830078125]
[116.13978576660156, -694.5493774414062, 2091.2373046875]
[123.52651977539062, -692.341064453125, 2110.5625]
[127.00770568847656, -696.0598754882812, 2120.94580078125]
[129.36160278320312, -695.4471435546875, 2130.9794921875]
[124.2269058227539, -704.4676513671875, 2134.109375]
[122.50728607177734, -713.4981689453125, 2137.589599609375]
[117.69976043701172, -736.3970336914062, 2149.97216796875]
[113.86870574951172, -761.11328125, 2156.66650390625]
[107.41536712646484, -798.011962890625, 2165.837646484375]
[99.27014923095703, -823.7592163085938, 2171.052001953125]
[96.44806671142578, -840.6483764648438, 2170.224609375]
[92.81334686279297, -846.5355834960938, 2166.425537109375]
[92.10470581054688, -838.8043823242188, 2165.637939453125]
[89.60411834716797, -817.1296997070312, 2160.345458984375]
[82.66142272949219, -798.3907470703125, 2157.106689453125]
[88.32088470458984, -773.5311889648438, 2156.333740234375]
[81.86302185058594, -729.5965576171875, 2144.10205078125]
[75.16783142089844, -700.3899536132812, 2126.8251953125]
[71.95523834228516, -684.1961669921875, 2119.89892578125]
[70.77330780029297, -666.808349609375, 2108.935546875]
[71.84920501708984, -642.7024536132812, 2100.498291015625]
[77.08723449707031, -619.3276977539062, 2087.885009765625]
[77.78201293945312, -589.9285278320312, 2080.204345703125]
[82.49102020263672, -556.5526733398438, 2070.558837890625]
[81.8826904296875, -534.1885986328125, 2069.65185546875]
[84.90049743652344, -484.4045104980469, 2058.0595703125]
[87.57156372070312, -442.56622314453125, 2046.7371826171875]
[87.2210922241211, -402.20880126953125, 2040.6363525390625]
[89.64262390136719, -375.3560791015625, 2039.9840087890625]
[88.22370147705078, -349.7143859863281, 2040.8284912109375]
[86.22039031982422, -336.24041748046875, 2044.6544189453125]
[88.55118560791016, -331.53594970703125, 2047.5697021484375]
[86.86856842041016, -335.21551513671875, 2050.18408203125]
[86.69749450683594, -342.3624267578125, 2053.2978515625]
[86.0071792602539, -362.749755859375, 2055.236572265625]
[86.11540222167969, -385.96832275390625, 2064.020263671875]
[86.50033569335938, -408.942626953125, 2060.207763671875]
[87.55150604248047, -439.6112060546875, 2062.809326171875]
[86.44056701660156, -488.8036193847656, 2070.073486328125]
[94.29415893554688, -548.9234619140625, 2074.60595703125]
[101.70201873779297, -608.9918212890625, 2080.6796875]
[103.40560913085938, -679.1065673828125, 2084.2890625]
[113.8329849243164, -736.2174072265625, 2079.999267578125]
[118.88419342041016, -781.3883666992188, 2068.480712890625]
[124.73021697998047, -830.8294067382812, 2065.491943359375]
[133.4737091064453, -850.954833984375, 2061.9521484375]
[137.7572021484375, -884.264404296875, 2067.40576171875]
[132.1674346923828, -893.8446044921875, 2068.38623046875]
[131.31735229492188, -890.666748046875, 2072.163818359375]
[129.06558227539062, -864.95751953125, 2071.384033203125]
[137.1085662841797, -849.8272705078125, 2080.76318359375]
[135.995361328125, -790.9373168945312, 2069.665771484375]
[138.58860778808594, -751.648681640625, 2068.741943359375]
[142.9927978515625, -722.783935546875, 2071.283935546875]
[144.2393798828125, -704.38525390625, 2063.857421875]
[141.29058837890625, -681.1619873046875, 2055.219482421875]
[139.3400115966797, -663.34912109375, 2041.94140625]
[134.50909423828125, -662.0121459960938, 2027.5911865234375]
[128.63648986816406, -658.5004272460938, 2008.0211181640625]
[117.26238250732422, -660.3807373046875, 1989.203125]
[109.93677520751953, -657.3621826171875, 1956.767333984375]
[103.9933853149414, -663.7244873046875, 1930.16845703125]
[94.96080780029297, -670.5388793945312, 1909.4437255859375]
[89.70157623291016, -665.175537109375, 1886.4822998046875]
[78.62419891357422, -669.922119140625, 1877.240966796875]
[74.26625061035156, -677.21533203125, 1862.5860595703125]
[71.74246215820312, -670.7738037109375, 1842.207275390625]
[72.32272338867188, -671.2114868164062, 1825.0828857421875]
[69.52703857421875, -674.8311767578125, 1812.06689453125]
[67.49288940429688, -684.4290771484375, 1791.7733154296875]
[68.45489501953125, -687.5472412109375, 1777.3114013671875]
[60.8275146484375, -689.4718627929688, 1762.3155517578125]
[57.1052131652832, -684.56591796875, 1747.5146484375]
[59.33509063720703, -684.8274536132812, 1731.12451171875]
[57.8504524230957, -684.9963989257812, 1721.03076171875]
[60.95507049560547, -686.8248901367188, 1700.9161376953125]
[58.93339920043945, -688.532958984375, 1676.669189453125]
[62.09126281738281, -679.845947265625, 1645.6395263671875]
[64.92139434814453, -668.6129760742188, 1619.4678955078125]
[71.2613525390625, -654.6420288085938, 1589.78369140625]
[73.65419006347656, -647.9271850585938, 1573.371826171875]
[76.09864807128906, -631.3282470703125, 1545.5093994140625]
[77.80859375, -625.8482666015625, 1527.6383056640625]
[85.28251647949219, -631.9749145507812, 1516.1678466796875]
[86.95372772216797, -635.1651611328125, 1505.2874755859375]
[88.57225799560547, -641.9886474609375, 1493.5582275390625]
[92.55901336669922, -649.4983520507812, 1487.848876953125]
[88.90072631835938, -654.5944213867188, 1479.80029296875]
[91.5783462524414, -658.1443481445312, 1471.642822265625]
[89.66412353515625, -665.0515747070312, 1464.005615234375]
[88.44984436035156, -677.6688232421875, 1465.8841552734375]
[92.70687103271484, -683.8878173828125, 1466.851318359375]
[85.51144409179688, -681.4351196289062, 1469.8294677734375]
[84.2856216430664, -675.0892333984375, 1466.5068359375]
[82.56355285644531, -671.6201171875, 1463.8861083984375]
[82.9345703125, -672.3139038085938, 1466.178955078125]
[86.70362091064453, -689.5572509765625, 1486.236572265625]
[82.36201477050781, -688.4498901367188, 1486.804443359375]
[79.90998077392578, -694.9005737304688, 1506.55615234375]
[74.53102111816406, -682.8740234375, 1494.614990234375]
[69.63452911376953, -664.8577270507812, 1493.7564697265625]
[70.06718444824219, -667.2652587890625, 1537.4322509765625]
[67.88531494140625, -661.2310180664062, 1547.547119140625]
[70.91818237304688, -665.0945434570312, 1562.4163818359375]
[61.14417266845703, -667.7660522460938, 1563.9996337890625]
[66.88932037353516, -680.4699096679688, 1566.594482421875]
[52.921024322509766, -701.800537109375, 1573.624267578125]
[44.36857604980469, -727.8108520507812, 1577.829833984375]
[34.04431915283203, -739.1163940429688, 1578.6822509765625]
[34.585731506347656, -760.3737182617188, 1561.7735595703125]
[32.88692092895508, -761.3995361328125, 1552.8837890625]
[35.27774429321289, -767.1364135742188, 1541.73583984375]
[35.750953674316406, -770.3858642578125, 1539.25048828125]
[27.43134307861328, -749.81787109375, 1522.083251953125]
[12.806713104248047, -719.7637939453125, 1505.090576171875]
[0.3901291489601135, -699.1638793945312, 1486.330810546875]
[-20.229921340942383, -687.8493041992188, 1482.640625]
[-39.588802337646484, -675.2789916992188, 1477.0587158203125]
[-63.72211837768555, -661.657958984375, 1472.7164306640625]
[-77.83816528320312, -653.2642822265625, 1468.4990234375]
[-87.19784545898438, -655.4404907226562, 1453.0738525390625]
[-90.69686889648438, -662.556884765625, 1457.6116943359375]
[-90.79268646240234, -656.3401489257812, 1453.6197509765625]
[-93.42466735839844, -664.653564453125, 1457.10546875]
[-96.59979248046875, -672.1380004882812, 1457.694091796875]
[-95.13965606689453, -673.2374877929688, 1456.2191162109375]
[-99.48700714111328, -675.8974609375, 1459.5703125]
[-114.89192962646484, -689.4801635742188, 1467.5633544921875]
[-113.14095306396484, -690.1415405273438, 1478.868408203125]
[-120.59061431884766, -694.59912109375, 1488.48583984375]
[-127.70951080322266, -686.8726806640625, 1505.8619384765625]
[-126.75054168701172, -683.5099487304688, 1518.957275390625]
[-122.34191131591797, -678.7733154296875, 1536.690673828125]
[-106.54409790039062, -663.1798706054688, 1538.984375]
[-106.88712310791016, -639.0369873046875, 1549.9512939453125]
[-90.93065643310547, -647.6758422851562, 1571.725341796875]
[-85.22765350341797, -647.2532348632812, 1575.9901123046875]
[-79.62210845947266, -659.4683837890625, 1590.8382568359375]
[-87.53086853027344, -676.1450805664062, 1603.08056640625]
[-83.26116180419922, -694.4005737304688, 1614.9927978515625]
[-75.01544189453125, -715.3013916015625, 1625.6708984375]
[-63.6928825378418, -731.2048950195312, 1639.3602294921875]
[-57.423805236816406, -739.4141845703125, 1650.122314453125]
[-55.32548522949219, -743.4603271484375, 1663.8970947265625]
[-49.950740814208984, -753.25439453125, 1683.174072265625]
[-40.6212158203125, -752.995361328125, 1695.232666015625]
[-30.678518295288086, -746.9011840820312, 1715.86376953125]
[-22.377222061157227, -738.321533203125, 1737.301025390625]
[-11.950823783874512, -719.4583740234375, 1754.630126953125]
[2.1490025520324707, -702.1071166992188, 1782.258056640625]
[18.650299072265625, -681.0673217773438, 1807.2998046875]
[38.70264434814453, -673.9734497070312, 1839.5894775390625]
[57.68596267700195, -667.8905639648438, 1864.70263671875]
[71.29234313964844, -678.1072387695312, 1886.8468017578125]
[83.53805541992188, -691.070068359375, 1910.9403076171875]
[100.20147705078125, -700.71240234375, 1922.585205078125]
[108.68985748291016, -712.5517578125, 1940.26123046875]
[115.22225189208984, -707.3360595703125, 1943.1405029296875]
[122.98948669433594, -726.7064819335938, 1961.09375]
[123.83061981201172, -722.6126098632812, 1964.851318359375]
[125.28144073486328, -724.7031860351562, 1977.034423828125]
[130.6606903076172, -730.004150390625, 1989.113037109375]
[130.8722686767578, -727.2600708007812, 1997.468505859375]
[132.63426208496094, -723.6719970703125, 2009.5264892578125]
[130.539794921875, -723.4010620117188, 2023.6435546875]
[133.8660430908203, -731.9464111328125, 2039.8082275390625]
[133.6192169189453, -731.68994140625, 2055.203857421875]
[124.68334197998047, -725.3929443359375, 2067.505126953125]
[119.24188232421875, -720.06640625, 2079.8017578125]
[112.8521728515625, -711.7518310546875, 2092.96630859375]
[102.1152572631836, -704.3172607421875, 2107.83984375]
[91.1357650756836, -689.5527954101562, 2121.030517578125]
[90.72013092041016, -684.6022338867188, 2134.77685546875]
[84.3251724243164, -675.7149047851562, 2138.780029296875]
[85.41522979736328, -681.0099487304688, 2138.553955078125]
[87.77481079101562, -687.8394165039062, 2142.9677734375]
[93.20346069335938, -707.4364624023438, 2145.326904296875]
[94.04838562011719, -712.7619018554688, 2147.439697265625]
[100.08696746826172, -719.5463256835938, 2154.6796875]
[104.29959869384766, -723.8472900390625, 2155.637939453125]
[112.12667846679688, -724.3095092773438, 2162.278564453125]
[120.68257904052734, -728.054931640625, 2172.608642578125]
[128.39846801757812, -726.8345336914062, 2177.650634765625]
[138.11758422851562, -727.5791015625, 2186.78271484375]
[147.4002227783203, -719.5611572265625, 2201.145751953125]
[160.93186950683594, -710.61083984375, 2215.582763671875]
[177.21597290039062, -693.5151977539062, 2228.954345703125]
[189.06956481933594, -675.0709228515625, 2242.571533203125]
[199.7120361328125, -666.6806640625, 2252.98291015625]
[209.6459197998047, -668.879638671875, 2261.19970703125]
[217.0087890625, -668.9030151367188, 2267.0439453125]
[218.567626953125, -679.84375, 2276.59619140625]
[226.55381774902344, -690.5343017578125, 2279.512939453125]
[229.71597290039062, -700.238037109375, 2275.823486328125]
[234.4928741455078, -714.6279296875, 2272.57568359375]
[229.633056640625, -721.9532470703125, 2269.258544921875]
[227.3439178466797, -719.5197143554688, 2256.132568359375]
[222.88665771484375, -719.7013549804688, 2247.958984375]
[216.44625854492188, -708.0933837890625, 2235.814208984375]
[206.96888732910156, -699.4199829101562, 2222.933837890625]
[194.70388793945312, -687.85693359375, 2202.878662109375]
[181.0624237060547, -678.6181640625, 2183.86572265625]
[164.7557373046875, -673.0166015625, 2162.146728515625]
[149.41387939453125, -667.5382080078125, 2136.667724609375]
[135.3909149169922, -654.910888671875, 2115.073486328125]
[127.36880493164062, -643.382080078125, 2093.915283203125]
[113.20527648925781, -631.24267578125, 2076.36328125]
[103.57720947265625, -624.235107421875, 2058.924072265625]
[94.50035858154297, -619.4901123046875, 2039.0584716796875]
[87.53852081298828, -619.5855712890625, 2022.0906982421875]
[82.33712005615234, -620.2392578125, 2004.8494873046875]
[73.01952362060547, -621.6883544921875, 1986.6795654296875]
[62.87983703613281, -628.107421875, 1961.19189453125]
[60.0471076965332, -630.17236328125, 1942.0406494140625]
[52.37285232543945, -637.1724243164062, 1917.8427734375]
[43.74549865722656, -645.431396484375, 1899.1500244140625]
[32.82035446166992, -651.1223754882812, 1881.0318603515625]
[26.650545120239258, -655.3278198242188, 1862.4180908203125]
[20.003725051879883, -654.0120849609375, 1842.1953125]
[12.079937934875488, -655.2723999023438, 1826.2685546875]
[0.23619085550308228, -648.909912109375, 1813.09228515625]
[-8.665639877319336, -638.2755126953125, 1791.6085205078125]
[-14.436466217041016, -639.27734375, 1775.098388671875]
[-18.409631729125977, -634.5402221679688, 1760.413818359375]
[-19.532907485961914, -637.1678466796875, 1752.17333984375]
[-22.619781494140625, -639.4638061523438, 1721.052001953125]
[-27.674928665161133, -640.2145385742188, 1697.257568359375]
[-32.096736907958984, -647.755126953125, 1676.85205078125]
