452
30
[14.82302189, 1516.03057861, 1030.80493164]
[17.53484726, 1515.90270996, 1030.02880859]
[20.53647614, 1514.39361572, 1029.04699707]
[21.60912323, 1512.72796631, 1029.41699219]
[26.45317459, 1509.828125, 1025.10449219]
[26.55076218, 1508.9420166, 1027.19311523]
[30.64981461, 1509.51226807, 1028.0916748]
[38.92618942, 1515.85760498, 1033.27661133]
[41.20765305, 1515.15203857, 1031.70056152]
[45.7673912, 1513.93371582, 1031.9954834]
[48.84537506, 1513.15301514, 1032.11047363]
[53.14657974, 1513.00109863, 1030.88684082]
[54.23842621, 1512.59588623, 1029.51647949]
[56.31936264, 1513.01312256, 1029.92224121]
[65.31114197, 1513.84979248, 1028.62451172]
[66.04773712, 1514.23126221, 1030.42578125]
[66.08529663, 1514.73950195, 1031.08691406]
[68.20006561, 1512.53027344, 1030.08288574]
[69.19458771, 1512.35113525, 1030.37194824]
[72.31160736, 1510.2401123, 1027.43078613]
[75.97061157, 1509.01495361, 1026.75585938]
[74.84368134, 1509.72418213, 1023.86901855]
[76.66564178, 1508.53137207, 1024.05310059]
[78.41822052, 1509.38098145, 1022.53552246]
[78.14840698, 1509.73883057, 1023.19787598]
[80.13683319, 1509.14569092, 1020.92431641]
[81.30709076, 1507.08026123, 1020.93225098]
[83.61977386, 1506.61950684, 1015.15368652]
[84.33540344, 1504.34033203, 1011.28625488]
[83.23517609, 1504.97796631, 1011.69348145]
[83.30847168, 1505.28033447, 1011.65124512]
[83.39507294, 1505.30169678, 1011.70068359]
[83.71852875, 1505.11773682, 1011.70275879]
[87.9646759, 1504.22564697, 1006.84545898]
[90.12860107, 1506.90270996, 1007.35522461]
[93.16549683, 1501.85723877, 1002.42919922]
[93.3088913, 1501.82849121, 1002.37133789]
[100.58501434, 1504.42840576, 1007.42858887]
[100.53418732, 1494.70544434, 1003.61157227]
[102.73693848, 1497.38781738, 997.88305664]
[108.33860016, 1498.02502441, 996.3302002]
[101.5578537, 1505.92657471, 990.8269043]
[101.83864594, 1510.2880249, 984.93383789]
[92.75418854, 1512.1942749, 976.47570801]
[88.24462891, 1512.55596924, 971.39538574]
[79.97909546, 1509.12017822, 961.15429688]
[73.1509552, 1509.88623047, 955.31481934]
[61.19885254, 1507.10876465, 950.57958984]
[47.70571518, 1507.96954346, 940.61169434]
[36.64213562, 1499.20855713, 932.93688965]
[21.29612541, 1496.50354004, 919.40112305]
[11.21439457, 1489.68914795, 913.69750977]
[2.89316845, 1479.33068848, 906.57263184]
[-7.61677694, 1473.91015625, 902.68518066]
[-18.77317238, 1474.34179688, 901.41137695]
[-24.3395195, 1479.09912109, 905.93005371]
[-37.10489655, 1481.85235596, 901.58190918]
[-46.36579132, 1494.43164062, 897.71813965]
[-56.49060822, 1498.95812988, 890.09277344]
[-66.80551147, 1509.51971436, 892.14550781]
[-72.22052002, 1515.07281494, 890.57946777]
[-77.35878754, 1523.78057861, 887.75048828]
[-84.79928589, 1526.13952637, 891.18164062]
[-81.18008423, 1523.30786133, 873.71520996]
[-72.51437378, 1502.04119873, 863.23535156]
[-61.26952362, 1498.40258789, 864.48583984]
[-52.86936569, 1495.42956543, 875.4954834]
[-40.19555283, 1494.54882812, 881.63525391]
[-14.53286266, 1494.92315674, 878.27416992]
[-7.49623632, 1498.34521484, 883.06225586]
[15.3462944, 1484.74603271, 876.42578125]
[27.69213295, 1480.93762207, 875.08789062]
[39.97366333, 1487.99353027, 878.8001709]
[47.24341965, 1492.1239624, 880.59692383]
[66.7000885, 1504.18127441, 880.64904785]
[77.4438324, 1517.80322266, 877.78662109]
[83.88439941, 1528.2789917, 876.76672363]
[89.95749664, 1532.79919434, 879.24938965]
[96.96730042, 1537.73638916, 883.984375]
[99.80305481, 1522.90148926, 881.71606445]
[99.96579742, 1526.8984375, 893.01782227]
[103.94657898, 1518.83062744, 900.72570801]
[107.25428009, 1513.77185059, 900.9473877]
[111.38562775, 1492.82220459, 902.8269043]
[117.90781403, 1509.31726074, 926.82409668]
[114.48073578, 1489.71472168, 923.10241699]
[120.84598541, 1478.02807617, 941.59216309]
[122.57778168, 1468.73583984, 935.83935547]
[123.60338593, 1466.93884277, 920.28491211]
[124.30973816, 1471.95690918, 912.74279785]
[113.94218445, 1469.12384033, 894.07116699]
[113.36755371, 1481.58154297, 899.62011719]
[105.38299561, 1489.04968262, 888.78381348]
[107.2056427, 1508.25421143, 865.30090332]
[112.81396484, 1525.67889404, 863.49780273]
[120.42440796, 1541.50213623, 859.08288574]
[121.87887573, 1543.84686279, 844.75097656]
[134.34172058, 1540.54864502, 832.46643066]
[148.85549927, 1531.06585693, 816.71899414]
[150.68206787, 1513.52490234, 799.45495605]
[162.86973572, 1487.58190918, 758.27954102]
[166.95320129, 1469.0411377, 756.88696289]
[168.75947571, 1456.42047119, 734.29638672]
[179.23466492, 1459.57086182, 732.43969727]
[188.00680542, 1468.29040527, 731.08911133]
[202.65359497, 1477.48748779, 712.74523926]
[205.16482544, 1496.15112305, 703.59411621]
[212.95828247, 1508.69360352, 697.5012207]
[219.01808167, 1514.71142578, 700.30664062]
[224.64886475, 1520.50488281, 712.49291992]
[230.98757935, 1514.59863281, 723.08435059]
[239.23205566, 1494.48864746, 731.79248047]
[249.17417908, 1473.17950439, 720.23132324]
[253.81085205, 1453.61529541, 721.91931152]
[252.88653564, 1463.84289551, 750.91064453]
[257.07876587, 1465.54248047, 755.46264648]
[265.46551514, 1468.43011475, 759.03308105]
[273.06411743, 1474.07086182, 785.78088379]
[279.24255371, 1481.4473877, 794.32897949]
[281.98046875, 1483.58776855, 790.63867188]
[285.57498169, 1490.98815918, 794.35388184]
[292.64770508, 1498.63580322, 785.77807617]
[286.62026978, 1507.25744629, 800.63574219]
[277.62414551, 1506.26153564, 806.09558105]
[274.80386353, 1506.9574585, 808.5904541]
[262.88113403, 1510.75567627, 812.38330078]
[241.01876831, 1517.10675049, 817.91162109]
[229.73486328, 1515.23864746, 816.07910156]
[216.55192566, 1506.0098877, 810.99987793]
[197.18252563, 1488.88079834, 785.2097168]
[182.87911987, 1473.67303467, 788.95837402]
[170.39028931, 1455.12060547, 777.81433105]
[149.18936157, 1445.37188721, 781.70019531]
[134.57849121, 1435.0949707, 768.07458496]
[120.75025177, 1439.097229, 760.1340332]
[112.80307007, 1453.36907959, 758.17114258]
[100.47394562, 1469.87475586, 765.09411621]
[91.54808044, 1490.19055176, 767.25512695]
[84.45024109, 1508.48260498, 768.48828125]
[71.42959595, 1523.22167969, 772.38635254]
[64.59375, 1528.96026611, 783.38232422]
[57.30209351, 1529.01281738, 792.85998535]
[44.03493118, 1522.52740479, 807.60705566]
[35.34527588, 1506.40283203, 821.06530762]
[19.7338829, 1484.54766846, 832.80187988]
[-7.7173152, 1457.00482178, 836.50085449]
[-19.43479156, 1447.71624756, 842.96911621]
[-35.2538681, 1449.14746094, 843.40002441]
[-45.27607727, 1457.37677002, 836.22375488]
[-59.19817352, 1465.13336182, 825.40795898]
[-69.70465851, 1475.13525391, 817.15148926]
[-83.14656067, 1483.55218506, 797.39050293]
[-88.85295105, 1487.49462891, 787.72399902]
[-96.81632233, 1498.93481445, 779.44836426]
[-104.44449615, 1497.54699707, 748.26403809]
[-110.88289642, 1504.05157471, 741.92932129]
[-119.74037933, 1507.36999512, 736.12365723]
[-126.0142746, 1512.89056396, 728.46020508]
[-134.40010071, 1510.67938232, 717.43212891]
[-135.65435791, 1505.39886475, 711.60852051]
[-141.83377075, 1493.92755127, 697.95043945]
[-141.54821777, 1482.57275391, 686.56420898]
[-145.20707703, 1461.84863281, 674.67443848]
[-151.42175293, 1442.0625, 657.51330566]
[-153.92028809, 1427.31359863, 647.02954102]
[-156.50917053, 1433.05725098, 635.85217285]
[-163.50430298, 1444.83557129, 626.0859375]
[-172.08616638, 1458.97167969, 617.90600586]
[-180.23228455, 1461.47442627, 599.89111328]
[-182.10173035, 1470.62365723, 585.01269531]
[-195.58526611, 1471.1673584, 560.07873535]
[-205.64346313, 1463.73059082, 541.73327637]
[-212.74487305, 1455.7946167, 532.26318359]
[-217.38043213, 1432.03082275, 510.77197266]
[-224.82272339, 1413.56628418, 487.23522949]
[-226.97518921, 1413.65332031, 481.9251709]
[-237.05717468, 1422.14776611, 490.09790039]
[-239.44412231, 1423.17858887, 487.05090332]
[-240.79977417, 1423.09051514, 488.00256348]
[-246.67941284, 1424.6328125, 480.06750488]
[-242.6789856, 1424.28601074, 482.85693359]
[-241.68424988, 1419.76013184, 473.60559082]
[-246.61650085, 1426.98474121, 479.19689941]
[-244.86012268, 1423.24890137, 469.25073242]
[-243.37889099, 1420.5057373, 473.79956055]
[-237.87971497, 1420.46337891, 472.61877441]
[-235.62533569, 1437.22149658, 496.39135742]
[-227.43327332, 1441.81359863, 503.44445801]
[-219.59732056, 1436.19256592, 508.58728027]
[-211.5480957, 1428.76690674, 510.66870117]
[-205.00192261, 1423.80407715, 510.6920166]
[-196.99067688, 1430.63378906, 527.30859375]
[-185.87983704, 1448.94958496, 559.46057129]
[-175.68449402, 1450.14324951, 574.18286133]
[-158.07695007, 1451.54125977, 593.58764648]
[-144.59051514, 1454.08966064, 618.65246582]
[-130.02252197, 1444.46331787, 631.19592285]
[-128.12135315, 1442.82855225, 644.33483887]
[-121.75679779, 1451.94476318, 664.21008301]
[-110.18839264, 1464.53314209, 677.93322754]
[-97.78299713, 1483.46063232, 696.85229492]
[-93.39196014, 1495.22491455, 715.20922852]
[-84.36630249, 1505.88562012, 731.06811523]
[-73.38529968, 1509.48895264, 749.46337891]
[-65.14170837, 1513.81500244, 770.17150879]
[-56.62248993, 1512.81005859, 793.74450684]
[-54.68286514, 1506.96704102, 814.66210938]
[-51.98497009, 1495.76043701, 835.59509277]
[-41.1618309, 1493.28686523, 867.75048828]
[-36.06934738, 1481.25396729, 891.90905762]
[-26.56211853, 1478.26403809, 924.51220703]
[-20.25171089, 1460.20599365, 949.06359863]
[-10.28612423, 1457.37738037, 970.57702637]
[-1.44304127e-01, 1.47778833e+03, 9.93366821e+02]
[5.72155046, 1489.5748291, 1005.36181641]
[13.3240509, 1514.79321289, 1009.05151367]
[26.08297539, 1538.09362793, 1015.90942383]
[38.07810593, 1553.70861816, 1017.56835938]
[49.78659058, 1572.72851562, 1029.48327637]
[63.07326889, 1577.38726807, 1041.38232422]
[76.10335541, 1566.78771973, 1053.98779297]
[85.18238831, 1556.24731445, 1065.42456055]
[99.35367584, 1525.15118408, 1072.40820312]
[106.79746246, 1502.74139404, 1073.25830078]
[116.13978577, 1494.54937744, 1091.23730469]
[123.52651978, 1492.34106445, 1110.5625]
[127.00770569, 1496.05987549, 1120.94580078]
[129.36160278, 1495.44714355, 1130.97949219]
[124.22690582, 1504.46765137, 1134.109375]
[122.50728607, 1513.49816895, 1137.58959961]
[117.69976044, 1536.39703369, 1149.97216797]
[113.86870575, 1561.11328125, 1156.66650391]
[107.41536713, 1598.01196289, 1165.83764648]
[99.27014923, 1623.75921631, 1171.05200195]
[96.44806671, 1640.64837646, 1170.22460938]
[92.81334686, 1646.5355835, 1166.42553711]
[92.10470581, 1638.80438232, 1165.63793945]
[89.60411835, 1617.12969971, 1160.34545898]
[82.66142273, 1598.39074707, 1157.10668945]
[88.3208847, 1573.53118896, 1156.33374023]
[81.86302185, 1529.59655762, 1144.10205078]
[75.16783142, 1500.38995361, 1126.82519531]
[71.95523834, 1484.19616699, 1119.89892578]
[70.7733078, 1466.80834961, 1108.93554688]
[71.84920502, 1442.70245361, 1100.49829102]
[77.0872345, 1419.32769775, 1087.88500977]
[77.78201294, 1389.92852783, 1080.2043457]
[82.4910202, 1356.55267334, 1070.55883789]
[81.88269043, 1334.18859863, 1069.65185547]
[84.90049744, 1284.4045105, 1058.05957031]
[87.57156372, 1242.56622314, 1046.73718262]
[87.22109222, 1202.20880127, 1040.63635254]
[89.6426239, 1175.3560791, 1039.98400879]
[88.22370148, 1149.71438599, 1040.82849121]
[86.22039032, 1136.24041748, 1044.65441895]
[88.55118561, 1131.53594971, 1047.56970215]
[86.86856842, 1135.21551514, 1050.18408203]
[86.69749451, 1142.36242676, 1053.29785156]
[86.00717926, 1162.74975586, 1055.23657227]
[86.11540222, 1185.96832275, 1064.02026367]
[86.50033569, 1208.94262695, 1060.20776367]
[87.55150604, 1239.61120605, 1062.80932617]
[86.44056702, 1288.80361938, 1070.07348633]
[94.29415894, 1348.92346191, 1074.60595703]
[101.70201874, 1408.99182129, 1080.6796875]
[103.40560913, 1479.10656738, 1084.2890625]
[113.83298492, 1536.21740723, 1079.99926758]
[118.88419342, 1581.3883667, 1068.48071289]
[124.73021698, 1630.82940674, 1065.49194336]
[133.47370911, 1650.95483398, 1061.95214844]
[137.75720215, 1684.2644043, 1067.40576172]
[132.16743469, 1693.84460449, 1068.38623047]
[131.31735229, 1690.66674805, 1072.16381836]
[129.06558228, 1664.95751953, 1071.3840332]
[137.10856628, 1649.82727051, 1080.76318359]
[135.99536133, 1590.93731689, 1069.66577148]
[138.58860779, 1551.64868164, 1068.74194336]
[142.99279785, 1522.78393555, 1071.28393555]
[144.23937988, 1504.38525391, 1063.85742188]
[141.29058838, 1481.1619873, 1055.21948242]
[139.3400116, 1463.34912109, 1041.94140625]
[134.50909424, 1462.012146, 1027.59118652]
[128.63648987, 1458.50042725, 1008.02111816]
[117.26238251, 1460.3807373, 989.203125]
[109.93677521, 1457.36218262, 956.76733398]
[103.99338531, 1463.7244873, 930.16845703]
[94.9608078, 1470.53887939, 909.44372559]
[89.70157623, 1465.17553711, 886.4822998]
[78.62419891, 1469.92211914, 877.2409668]
[74.26625061, 1477.21533203, 862.58605957]
[71.74246216, 1470.77380371, 842.20727539]
[72.32272339, 1471.21148682, 825.08288574]
[69.52703857, 1474.83117676, 812.06689453]
[67.4928894, 1484.42907715, 791.77331543]
[68.45489502, 1487.54724121, 777.31140137]
[60.82751465, 1489.47186279, 762.31555176]
[57.10521317, 1484.56591797, 747.51464844]
[59.33509064, 1484.82745361, 731.12451172]
[57.85045242, 1484.99639893, 721.03076172]
[60.9550705, 1486.82489014, 700.9161377]
[58.9333992, 1488.53295898, 676.66918945]
[62.09126282, 1479.84594727, 645.63952637]
[64.92139435, 1468.61297607, 619.46789551]
[71.26135254, 1454.64202881, 589.78369141]
[73.65419006, 1447.92718506, 573.37182617]
[76.09864807, 1431.32824707, 545.50939941]
[77.80859375, 1425.8482666, 527.63830566]
[85.28251648, 1431.97491455, 516.16784668]
[86.95372772, 1435.16516113, 505.28747559]
[88.572258, 1441.98864746, 493.55822754]
[92.55901337, 1449.49835205, 487.84887695]
[88.90072632, 1454.59442139, 479.80029297]
[91.57834625, 1458.14434814, 471.64282227]
[89.66412354, 1465.05157471, 464.00561523]
[88.44984436, 1477.66882324, 465.88415527]
[92.70687103, 1483.88781738, 466.85131836]
[85.51144409, 1481.43511963, 469.82946777]
[84.28562164, 1475.0892334, 466.50683594]
[82.56355286, 1471.62011719, 463.8861084]
[82.93457031, 1472.31390381, 466.17895508]
[86.70362091, 1489.55725098, 486.23657227]
[82.36201477, 1488.44989014, 486.80444336]
[79.90998077, 1494.90057373, 506.55615234]
[74.53102112, 1482.87402344, 494.61499023]
[69.63452911, 1464.85772705, 493.75646973]
[70.06718445, 1467.26525879, 537.43225098]
[67.88531494, 1461.23101807, 547.54711914]
[70.91818237, 1465.09454346, 562.41638184]
[61.14417267, 1467.76605225, 563.99963379]
[66.88932037, 1480.46990967, 566.59448242]
[52.92102432, 1501.80053711, 573.62426758]
[44.36857605, 1527.81085205, 577.82983398]
[34.04431915, 1539.11639404, 578.68225098]
[34.58573151, 1560.37371826, 561.77355957]
[32.88692093, 1561.39953613, 552.88378906]
[35.27774429, 1567.13641357, 541.73583984]
[35.75095367, 1570.38586426, 539.25048828]
[27.43134308, 1549.81787109, 522.08325195]
[12.8067131, 1519.76379395, 505.09057617]
[3.90129149e-01, 1.49916388e+03, 4.86330811e+02]
[-20.22992134, 1487.8493042, 482.640625]
[-39.58880234, 1475.2789917, 477.05871582]
[-63.72211838, 1461.65795898, 472.71643066]
[-77.83816528, 1453.26428223, 468.49902344]
[-87.19784546, 1455.44049072, 453.07385254]
[-90.6968689, 1462.55688477, 457.61169434]
[-90.79268646, 1456.34014893, 453.61975098]
[-93.42466736, 1464.65356445, 457.10546875]
[-96.59979248, 1472.13800049, 457.6940918]
[-95.13965607, 1473.23748779, 456.21911621]
[-99.48700714, 1475.89746094, 459.5703125]
[-114.89192963, 1489.48016357, 467.56335449]
[-113.14095306, 1490.14154053, 478.8684082]
[-120.59061432, 1494.59912109, 488.48583984]
[-127.7095108, 1486.87268066, 505.86193848]
[-126.75054169, 1483.50994873, 518.95727539]
[-122.34191132, 1478.77331543, 536.69067383]
[-106.5440979, 1463.17987061, 538.984375]
[-106.88712311, 1439.0369873, 549.95129395]
[-90.93065643, 1447.67584229, 571.7253418]
[-85.2276535, 1447.25323486, 575.9901123]
[-79.62210846, 1459.46838379, 590.83825684]
[-87.53086853, 1476.14508057, 603.08056641]
[-83.2611618, 1494.40057373, 614.99279785]
[-75.01544189, 1515.3013916, 625.67089844]
[-63.69288254, 1531.20489502, 639.36022949]
[-57.42380524, 1539.41418457, 650.12231445]
[-55.32548523, 1543.46032715, 663.89709473]
[-49.95074081, 1553.25439453, 683.17407227]
[-40.62121582, 1552.99536133, 695.23266602]
[-30.6785183, 1546.90118408, 715.86376953]
[-22.37722206, 1538.3215332, 737.30102539]
[-11.95082378, 1519.45837402, 754.63012695]
[2.14900255, 1502.1071167, 782.25805664]
[18.65029907, 1481.06732178, 807.29980469]
[38.70264435, 1473.97344971, 839.58947754]
[57.68596268, 1467.89056396, 864.70263672]
[71.29234314, 1478.10723877, 886.84680176]
[83.53805542, 1491.07006836, 910.94030762]
[100.20147705, 1500.71240234, 922.58520508]
[108.68985748, 1512.55175781, 940.26123047]
[115.22225189, 1507.33605957, 943.14050293]
[122.98948669, 1526.70648193, 961.09375]
[123.83061981, 1522.61260986, 964.85131836]
[125.28144073, 1524.70318604, 977.03442383]
[130.66069031, 1530.00415039, 989.11303711]
[130.87226868, 1527.2600708, 997.46850586]
[132.63426208, 1523.67199707, 1009.52648926]
[130.53979492, 1523.40106201, 1023.64355469]
[133.86604309, 1531.94641113, 1039.80822754]
[133.61921692, 1531.68994141, 1055.20385742]
[124.68334198, 1525.39294434, 1067.50512695]
[119.24188232, 1520.06640625, 1079.80175781]
[112.85217285, 1511.75183105, 1092.96630859]
[102.11525726, 1504.31726074, 1107.83984375]
[91.13576508, 1489.55279541, 1121.03051758]
[90.72013092, 1484.60223389, 1134.77685547]
[84.32517242, 1475.71490479, 1138.7800293]
[85.4152298, 1481.00994873, 1138.55395508]
[87.77481079, 1487.8394165, 1142.96777344]
[93.20346069, 1507.4364624, 1145.3269043]
[94.04838562, 1512.76190186, 1147.43969727]
[100.08696747, 1519.54632568, 1154.6796875]
[104.29959869, 1523.84729004, 1155.63793945]
[112.12667847, 1524.30950928, 1162.27856445]
[120.68257904, 1528.05493164, 1172.60864258]
[128.39846802, 1526.83453369, 1177.65063477]
[138.11758423, 1527.57910156, 1186.78271484]
[147.40022278, 1519.56115723, 1201.14575195]
[160.93186951, 1510.61083984, 1215.58276367]
[177.2159729, 1493.51519775, 1228.9543457]
[189.06956482, 1475.07092285, 1242.5715332]
[199.71203613, 1466.68066406, 1252.98291016]
[209.6459198, 1468.87963867, 1261.19970703]
[217.00878906, 1468.90301514, 1267.04394531]
[218.56762695, 1479.84375, 1276.59619141]
[226.55381775, 1490.53430176, 1279.51293945]
[229.7159729, 1500.23803711, 1275.82348633]
[234.49287415, 1514.62792969, 1272.57568359]
[229.63305664, 1521.95324707, 1269.25854492]
[227.34391785, 1519.51971436, 1256.13256836]
[222.88665771, 1519.70135498, 1247.95898438]
[216.44625854, 1508.09338379, 1235.81420898]
[206.96888733, 1499.41998291, 1222.93383789]
[194.70388794, 1487.85693359, 1202.87866211]
[181.06242371, 1478.61816406, 1183.86572266]
[164.7557373, 1473.01660156, 1162.14672852]
[149.41387939, 1467.53820801, 1136.66772461]
[135.39091492, 1454.91088867, 1115.07348633]
[127.36880493, 1443.38208008, 1093.9152832]
[113.20527649, 1431.24267578, 1076.36328125]
[103.57720947, 1424.23510742, 1058.92407227]
[94.50035858, 1419.4901123, 1039.05847168]
[87.53852081, 1419.58557129, 1022.09069824]
[82.33712006, 1420.23925781, 1004.8494873]
[73.01952362, 1421.68835449, 986.67956543]
[62.87983704, 1428.10742188, 961.19189453]
[60.0471077, 1430.17236328, 942.04064941]
[52.37285233, 1437.17242432, 917.84277344]
[43.74549866, 1445.43139648, 899.15002441]
[32.82035446, 1451.12237549, 881.03186035]
[26.65054512, 1455.32781982, 862.41809082]
[20.00372505, 1454.01208496, 842.1953125]
[12.07993793, 1455.2723999, 826.26855469]
[2.36190856e-01, 1.44890991e+03, 8.13092285e+02]
[-8.66563988, 1438.2755127, 791.60852051]
[-14.43646622, 1439.27734375, 775.09838867]
[-18.40963173, 1434.54022217, 760.41381836]
[-19.53290749, 1437.16784668, 752.17333984]
[-22.61978149, 1439.46380615, 721.05200195]
[-27.67492867, 1440.21453857, 697.25756836]
[-32.09673691, 1447.75512695, 676.85205078]
[0, 0, 0]
[0, 0, 0]
[0, 0, 0]
[0, 0, 0]
[0, 0, 0]
[0, 0, 0]
[0, 0, 0]
[0, 0, 0]
[0, 0, 0]
[0, 0, 0]
[0, 0, 0]
[0, 0, 0]
[0, 0, 0]
[0, 0, 0]
[0, 0, 0]
[0, 0, 0]
[0, 0, 0]
[0, 0, 0]
[0, 0, 0]
[0, 0, 0]
[0, 0, 0]
[0, 0, 0]
[0, 0, 0]
[0, 0, 0]
[0, 0, 0]
[0, 0, 0]
[0, 0, 0]
[0, 0, 0]
[0, 0, 0]
[0, 0, 0]
[0, 0, 0]
[0, 0, 0]
[0, 0, 0]
[0, 0, 0]
[0, 0, 0]
[0, 0, 0]
[0, 0, 0]
[0, 0, 0]
[0, 0, 0]
[0, 0, 0]
[0, 0, 0]
[0, 0, 0]
[0, 0, 0]
[0, 0, 0]
[0, 0, 0]
[0, 0, 0]
[0, 0, 0]
[0, 0, 0]
[0, 0, 0]
[0, 0, 0]
[0, 0, 0]
[0, 0, 0]
[0, 0, 0]
[0, 0, 0]
[0, 0, 0]
[0, 0, 0]
[0, 0, 0]
[0, 0, 0]
[0, 0, 0]
[0, 0, 0]
[0, 0, 0]
[0, 0, 0]
[0, 0, 0]
[0, 0, 0]
[0, 0, 0]
[0, 0, 0]
[0, 0, 0]
[0, 0, 0]
[0, 0, 0]
[0, 0, 0]
[0, 0, 0]
[0, 0, 0]
[0, 0, 0]
[0, 0, 0]
[0, 0, 0]
[0, 0, 0]
[0, 0, 0]
[0, 0, 0]
[0, 0, 0]
[0, 0, 0]
[0, 0, 0]
[0, 0, 0]
[0, 0, 0]
[0, 0, 0]
[0, 0, 0]
[0, 0, 0]
[0, 0, 0]
[0, 0, 0]
[0, 0, 0]
[0, 0, 0]
[0, 0, 0]
[0, 0, 0]
[0, 0, 0]
[0, 0, 0]
[0, 0, 0]
[0, 0, 0]
[0, 0, 0]
[0, 0, 0]
[0, 0, 0]
[0, 0, 0]
[0, 0, 0]
[0, 0, 0]
[0, 0, 0]
[0, 0, 0]
[0, 0, 0]
[0, 0, 0]
[0, 0, 0]
[0, 0, 0]
[0, 0, 0]
[0, 0, 0]
[0, 0, 0]
[0, 0, 0]
[0, 0, 0]
[0, 0, 0]
[0, 0, 0]
[0, 0, 0]
[0, 0, 0]
[0, 0, 0]
[0, 0, 0]
[0, 0, 0]
[0, 0, 0]
[0, 0, 0]
[0, 0, 0]
[0, 0, 0]
[0, 0, 0]
[0, 0, 0]
[0, 0, 0]
[0, 0, 0]
[0, 0, 0]
[0, 0, 0]
[0, 0, 0]
[0, 0, 0]
[0, 0, 0]
[0, 0, 0]
[0, 0, 0]
[0, 0, 0]
[0, 0, 0]
[0, 0, 0]
[0, 0, 0]
[0, 0, 0]
[0, 0, 0]
[0, 0, 0]
[0, 0, 0]
[0, 0, 0]
[0, 0, 0]
[0, 0, 0]
[0, 0, 0]
[0, 0, 0]
[0, 0, 0]
[0, 0, 0]
[0, 0, 0]
[0, 0, 0]
[0, 0, 0]
[0, 0, 0]
[0, 0, 0]
[0, 0, 0]
[0, 0, 0]
[0, 0, 0]
[0, 0, 0]
[0, 0, 0]
[0, 0, 0]
[0, 0, 0]
[0, 0, 0]
[0, 0, 0]
[0, 0, 0]
[0, 0, 0]
[0, 0, 0]
[0, 0, 0]
[0, 0, 0]
[0, 0, 0]
[0, 0, 0]
[0, 0, 0]
[0, 0, 0]
[0, 0, 0]
[0, 0, 0]
[0, 0, 0]
[0, 0, 0]
[0, 0, 0]
[0, 0, 0]
[0, 0, 0]
[0, 0, 0]
[0, 0, 0]
[0, 0, 0]
[0, 0, 0]
[0, 0, 0]
[0, 0, 0]
[0, 0, 0]
[0, 0, 0]
[0, 0, 0]
[0, 0, 0]
[0, 0, 0]
[0, 0, 0]
[0, 0, 0]
[0, 0, 0]
[0, 0, 0]
[0, 0, 0]
[0, 0, 0]
[0, 0, 0]
[0, 0, 0]
[0, 0, 0]
[0, 0, 0]
[0, 0, 0]
[0, 0, 0]
[0, 0, 0]
[0, 0, 0]
[0, 0, 0]
[0, 0, 0]
[0, 0, 0]
[0, 0, 0]
[0, 0, 0]
[0, 0, 0]
[0, 0, 0]
[0, 0, 0]
[0, 0, 0]
[0, 0, 0]
[0, 0, 0]
[0, 0, 0]
[0, 0, 0]
[0, 0, 0]
[0, 0, 0]
[0, 0, 0]
[0, 0, 0]
[0, 0, 0]
[0, 0, 0]
[0, 0, 0]
[0, 0, 0]
[0, 0, 0]
[0, 0, 0]
[0, 0, 0]
[0, 0, 0]
[0, 0, 0]
[0, 0, 0]
[0, 0, 0]
[0, 0, 0]
[0, 0, 0]
[0, 0, 0]
[0, 0, 0]
[0, 0, 0]
[0, 0, 0]
[0, 0, 0]
[0, 0, 0]
[0, 0, 0]
[0, 0, 0]
[0, 0, 0]
[0, 0, 0]
[0, 0, 0]
[0, 0, 0]
[0, 0, 0]
[0, 0, 0]
[0, 0, 0]
[0, 0, 0]
[0, 0, 0]
[0, 0, 0]
[0, 0, 0]
[0, 0, 0]
[0, 0, 0]
[0, 0, 0]
[0, 0, 0]
[0, 0, 0]
[0, 0, 0]
[0, 0, 0]
[0, 0, 0]
[0, 0, 0]
[0, 0, 0]
[0, 0, 0]
[0, 0, 0]
[0, 0, 0]
[0, 0, 0]
[0, 0, 0]
[0, 0, 0]
[0, 0, 0]
[0, 0, 0]
[0, 0, 0]
[0, 0, 0]
[0, 0, 0]
[0, 0, 0]
[0, 0, 0]
[0, 0, 0]
[0, 0, 0]
[0, 0, 0]
[0, 0, 0]
[0, 0, 0]
[0, 0, 0]
[0, 0, 0]
[0, 0, 0]
[0, 0, 0]
[0, 0, 0]
[0, 0, 0]
[0, 0, 0]
[0, 0, 0]
[0, 0, 0]
[0, 0, 0]
[0, 0, 0]
[0, 0, 0]
[0, 0, 0]
[0, 0, 0]
[0, 0, 0]
[0, 0, 0]
[0, 0, 0]
[0, 0, 0]
[0, 0, 0]
[0, 0, 0]
[0, 0, 0]
[0, 0, 0]
[0, 0, 0]
[0, 0, 0]
[0, 0, 0]
[0, 0, 0]
[0, 0, 0]
[0, 0, 0]
[0, 0, 0]
[0, 0, 0]
[0, 0, 0]
[0, 0, 0]
[0, 0, 0]
[0, 0, 0]
[0, 0, 0]
[0, 0, 0]
[0, 0, 0]
[0, 0, 0]
[0, 0, 0]
[0, 0, 0]
[0, 0, 0]
[0, 0, 0]
[0, 0, 0]
[0, 0, 0]
[0, 0, 0]
[0, 0, 0]
[0, 0, 0]
[0, 0, 0]
[0, 0, 0]
[0, 0, 0]
[0, 0, 0]
[0, 0, 0]
[0, 0, 0]
[0, 0, 0]
[0, 0, 0]
[0, 0, 0]
[0, 0, 0]
[0, 0, 0]
[0, 0, 0]
[0, 0, 0]
[0, 0, 0]
[0, 0, 0]
[0, 0, 0]
[0, 0, 0]
[0, 0, 0]
[0, 0, 0]
[0, 0, 0]
[0, 0, 0]
[0, 0, 0]
[0, 0, 0]
[0, 0, 0]
[0, 0, 0]
[0, 0, 0]
[0, 0, 0]
[0, 0, 0]
[0, 0, 0]
[0, 0, 0]
[0, 0, 0]
[0, 0, 0]
[0, 0, 0]
[0, 0, 0]
[0, 0, 0]
[0, 0, 0]
[0, 0, 0]
[0, 0, 0]
[0, 0, 0]
[0, 0, 0]
[0, 0, 0]
[0, 0, 0]
[0, 0, 0]
[0, 0, 0]
[0, 0, 0]
[0, 0, 0]
[0, 0, 0]
[0, 0, 0]
[0, 0, 0]
[0, 0, 0]
[0, 0, 0]
[0, 0, 0]
[0, 0, 0]
[0, 0, 0]
[0, 0, 0]
[0, 0, 0]
[0, 0, 0]
[0, 0, 0]
[0, 0, 0]
[0, 0, 0]
[0, 0, 0]
[0, 0, 0]
[0, 0, 0]
[0, 0, 0]
[0, 0, 0]
[0, 0, 0]
[0, 0, 0]
[0, 0, 0]
[0, 0, 0]
[0, 0, 0]
[0, 0, 0]
[0, 0, 0]
[0, 0, 0]
[0, 0, 0]
[0, 0, 0]
[0, 0, 0]
[0, 0, 0]
[0, 0, 0]
[0, 0, 0]
[0, 0, 0]
[0, 0, 0]
[0, 0, 0]
[0, 0, 0]
[0, 0, 0]
[0, 0, 0]
[0, 0, 0]
[0, 0, 0]
[0, 0, 0]
[0, 0, 0]
[0, 0, 0]
[0, 0, 0]
[0, 0, 0]
[0, 0, 0]
[0, 0, 0]
[0, 0, 0]
[0, 0, 0]
[0, 0, 0]
[0, 0, 0]
[0, 0, 0]
[0, 0, 0]
[0, 0, 0]
[0, 0, 0]
[0, 0, 0]
[0, 0, 0]
[0, 0, 0]
[0, 0, 0]
[0, 0, 0]
[0, 0, 0]
[0, 0, 0]
[0, 0, 0]
[0, 0, 0]
[0, 0, 0]
[0, 0, 0]
[0, 0, 0]
[0, 0, 0]
[0, 0, 0]
[0, 0, 0]
[0, 0, 0]
[0, 0, 0]
[0, 0, 0]
[0, 0, 0]
[0, 0, 0]
[0, 0, 0]
