452
30
[-118.44384765625, -686.7977294921875, 2042.8094482421875]
[-115.21790313720703, -682.9423217773438, 2043.6461181640625]
[-111.67800903320312, -679.288818359375, 2042.81787109375]
[-110.34107208251953, -679.274169921875, 2048.76904296875]
[-105.78787994384766, -676.8514404296875, 2044.1751708984375]
[-105.86363983154297, -678.40869140625, 2049.01611328125]
[-101.88356018066406, -679.5607299804688, 2050.150390625]
[-94.80184173583984, -683.799560546875, 2050.04931640625]
[-92.18695831298828, -682.2423706054688, 2048.9365234375]
[-87.25885772705078, -680.3790893554688, 2049.63671875]
[-83.99215698242188, -679.7015991210938, 2050.800537109375]
[-79.52495574951172, -678.684326171875, 2050.70751953125]
[-77.78075408935547, -678.5127563476562, 2053.319580078125]
[-75.9264144897461, -679.1720581054688, 2053.491943359375]
[-66.9836196899414, -677.8692626953125, 2049.819091796875]
[-66.31951904296875, -678.20947265625, 2051.767333984375]
[-66.15251159667969, -677.8290405273438, 2052.496337890625]
[-63.46577453613281, -675.6466064453125, 2053.29541015625]
[-62.388389587402344, -675.4111328125, 2053.894287109375]
[-58.5674934387207, -673.94189453125, 2053.546630859375]
[-54.30955505371094, -669.5709228515625, 2051.38818359375]
[-54.54581069946289, -670.02783203125, 2051.217529296875]
[-53.03959655761719, -670.1832885742188, 2051.04638671875]
[-51.637569427490234, -671.021728515625, 2048.97802734375]
[-51.9339599609375, -671.0978393554688, 2049.34716796875]
[-49.965171813964844, -670.7866821289062, 2047.6544189453125]
[-48.612571716308594, -670.3142700195312, 2048.894287109375]
[-46.49980545043945, -670.217041015625, 2042.6220703125]
[-46.25310134887695, -670.0343627929688, 2037.9473876953125]
[-47.31474685668945, -670.0639038085938, 2038.8233642578125]
[-47.22724914550781, -670.5241088867188, 2039.171875]
[-47.16633987426758, -670.5927734375, 2039.1500244140625]
[-46.90324401855469, -670.5574951171875, 2038.9539794921875]
[-44.10009765625, -672.5636596679688, 2031.8966064453125]
[-43.971492767333984, -677.6212158203125, 2027.0731201171875]
[-40.253273010253906, -674.8777465820312, 2024.3060302734375]
[-40.117794036865234, -674.885498046875, 2024.232666015625]
[-33.04956817626953, -670.2796630859375, 2018.902099609375]
[-34.38547134399414, -673.0654907226562, 2016.5877685546875]
[-33.64382553100586, -679.4891357421875, 2003.7896728515625]
[-28.587705612182617, -700.8575439453125, 2001.212158203125]
[-35.60457992553711, -706.2846069335938, 2006.2723388671875]
[-35.23577880859375, -717.7828369140625, 1998.7203369140625]
[-43.453887939453125, -725.5597534179688, 1989.517333984375]
[-48.019989013671875, -729.9638061523438, 1975.6689453125]
[-56.46693801879883, -721.9744262695312, 1956.103515625]
[-62.774845123291016, -725.2317504882812, 1938.9351806640625]
[-74.31908416748047, -726.5799560546875, 1938.36669921875]
[-88.3868179321289, -721.1739501953125, 1920.666015625]
[-97.79894256591797, -706.0276489257812, 1906.1129150390625]
[-111.4066390991211, -697.5490112304688, 1884.6378173828125]
[-116.24230194091797, -690.537109375, 1863.7591552734375]
[-120.7421875, -673.2300415039062, 1847.2398681640625]
[-125.8731918334961, -665.2037353515625, 1835.611328125]
[-131.7952880859375, -663.5331420898438, 1827.153564453125]
[-131.3084716796875, -667.8972778320312, 1822.771240234375]
[-137.48243713378906, -662.7568969726562, 1812.626220703125]
[-138.75213623046875, -672.0449829101562, 1800.1895751953125]
[-145.75485229492188, -676.3794555664062, 1790.986083984375]
[-149.04669189453125, -690.2896728515625, 1785.2080078125]
[-156.2461700439453, -693.4019775390625, 1784.678955078125]
[-167.1913604736328, -700.6429443359375, 1785.9906005859375]
[-177.21778869628906, -708.7914428710938, 1789.5103759765625]
[-176.69862365722656, -706.20458984375, 1775.2637939453125]
[-176.45928955078125, -682.9531860351562, 1777.518310546875]
[-177.59521484375, -683.3841552734375, 1796.772705078125]
[-182.0867919921875, -682.1017456054688, 1835.951171875]
[-175.08294677734375, -681.905517578125, 1875.627685546875]
[-147.97303771972656, -672.0185546875, 1897.486083984375]
[-136.51467895507812, -666.4771728515625, 1919.2781982421875]
[-109.64334869384766, -637.9813232421875, 1912.8681640625]
[-94.58773803710938, -640.1219482421875, 1923.912109375]
[-81.06456756591797, -653.7197875976562, 1936.73828125]
[-71.70547485351562, -657.403564453125, 1943.5406494140625]
[-50.16020584106445, -671.6727294921875, 1950.26318359375]
[-28.471126556396484, -700.0947875976562, 1966.92578125]
[-17.466262817382812, -712.53857421875, 1972.359619140625]
[-1.028493046760559, -704.5758666992188, 1981.1298828125]
[15.361003875732422, -702.1539306640625, 1992.0556640625]
[20.805171966552734, -681.9373779296875, 1987.899169921875]
[27.01968002319336, -683.1827392578125, 2003.406982421875]
[40.57469177246094, -667.0712280273438, 2011.1141357421875]
[44.92482376098633, -671.4727783203125, 2015.827392578125]
[50.2058219909668, -677.7348022460938, 2023.5645751953125]
[53.793006896972656, -691.3825073242188, 2052.33642578125]
[51.9222412109375, -673.2280883789062, 2047.0655517578125]
[49.62891387939453, -651.9575805664062, 2058.7060546875]
[72.64005279541016, -641.7872314453125, 2061.1552734375]
[68.53887939453125, -611.8128662109375, 2032.839111328125]
[75.5507583618164, -609.6190185546875, 2025.2432861328125]
[64.49370574951172, -611.43359375, 2007.3707275390625]
[54.0865478515625, -619.027099609375, 2007.702392578125]
[50.66218948364258, -624.3274536132812, 1999.2974853515625]
[51.55145263671875, -646.5859985351562, 1977.1944580078125]
[56.059165954589844, -661.6785278320312, 1974.4754638671875]
[86.18658447265625, -680.4622192382812, 1981.82666015625]
[97.6738510131836, -687.0327758789062, 1970.96875]
[144.4351806640625, -688.4907836914062, 1962.1221923828125]
[189.16842651367188, -687.4301147460938, 1941.96826171875]
[222.4124755859375, -675.9237060546875, 1912.219482421875]
[249.10623168945312, -655.6439208984375, 1860.3795166015625]
[260.5370788574219, -639.7102661132812, 1852.5101318359375]
[271.10272216796875, -622.7822265625, 1820.4302978515625]
[290.0295715332031, -624.9417114257812, 1807.46533203125]
[304.2166748046875, -631.4163208007812, 1797.183837890625]
[325.7583923339844, -634.5049438476562, 1760.64599609375]
[336.800048828125, -654.8988647460938, 1727.80615234375]
[347.8882751464844, -668.2247924804688, 1709.4383544921875]
[355.5003967285156, -680.1834106445312, 1712.763916015625]
[363.0867614746094, -687.9092407226562, 1720.4730224609375]
[369.6217041015625, -684.6227416992188, 1727.5440673828125]
[377.26214599609375, -671.4924926757812, 1733.4906005859375]
[386.27703857421875, -654.5037231445312, 1723.00390625]
[388.1009826660156, -631.882080078125, 1733.41162109375]
[386.07647705078125, -629.6461791992188, 1765.954345703125]
[390.41693115234375, -630.6536865234375, 1772.65673828125]
[390.8156433105469, -627.8933715820312, 1803.8929443359375]
[375.5582275390625, -625.8863525390625, 1865.155029296875]
[368.5053405761719, -623.194091796875, 1882.84912109375]
[362.4369812011719, -623.2659301757812, 1885.6627197265625]
[358.66265869140625, -625.6983642578125, 1892.7271728515625]
[346.73333740234375, -632.7990112304688, 1895.69189453125]
[333.7952880859375, -647.9288330078125, 1917.64111328125]
[306.79638671875, -655.6342163085938, 1931.7664794921875]
[290.12274169921875, -657.657958984375, 1937.2269287109375]
[266.0746154785156, -662.730224609375, 1942.9423828125]
[211.31044006347656, -684.0069580078125, 1950.11328125]
[167.7400665283203, -687.4666137695312, 1938.4813232421875]
[142.61659240722656, -679.9923095703125, 1927.9647216796875]
[112.43646240234375, -665.3495483398438, 1890.478759765625]
[86.83000946044922, -643.4467163085938, 1883.0732421875]
[69.74894714355469, -625.4602661132812, 1863.098876953125]
[42.418792724609375, -626.4290161132812, 1864.601318359375]
[24.119251251220703, -605.612060546875, 1840.6954345703125]
[15.042819023132324, -623.539794921875, 1843.0360107421875]
[3.2988860607147217, -642.568115234375, 1837.96728515625]
[-16.976282119750977, -663.0106201171875, 1836.841552734375]
[-34.38455581665039, -685.3300170898438, 1827.4990234375]
[-45.5139274597168, -697.892333984375, 1823.3026123046875]
[-62.212364196777344, -712.419677734375, 1816.5352783203125]
[-71.73963165283203, -723.304443359375, 1818.107177734375]
[-82.64521789550781, -728.5458984375, 1804.400146484375]
[-95.837158203125, -722.0509643554688, 1807.8734130859375]
[-102.13092041015625, -706.5733032226562, 1799.70947265625]
[-113.00746154785156, -699.65087890625, 1802.0367431640625]
[-139.1648406982422, -669.0745239257812, 1800.0718994140625]
[-150.83804321289062, -661.4453125, 1807.2686767578125]
[-166.69166564941406, -658.6453857421875, 1802.5133056640625]
[-177.93377685546875, -655.3505859375, 1798.2008056640625]
[-189.3844757080078, -655.2885131835938, 1778.969970703125]
[-196.70448303222656, -661.7606201171875, 1762.1910400390625]
[-207.77137756347656, -664.2966918945312, 1739.6072998046875]
[-208.58522033691406, -670.58056640625, 1721.56787109375]
[-207.09959411621094, -675.9776611328125, 1697.5987548828125]
[-209.5576171875, -671.2214965820312, 1665.359130859375]
[-211.37547302246094, -673.7611694335938, 1652.88037109375]
[-216.5460662841797, -678.7799682617188, 1641.2987060546875]
[-234.94371032714844, -692.8984985351562, 1644.507568359375]
[-242.6372528076172, -683.1489868164062, 1635.6041259765625]
[-242.9115753173828, -678.2938842773438, 1627.1822509765625]
[-245.6990203857422, -661.0301513671875, 1612.7066650390625]
[-250.95716857910156, -650.4202270507812, 1608.3045654296875]
[-261.0489501953125, -634.7098999023438, 1605.3243408203125]
[-272.82421875, -611.368896484375, 1602.638916015625]
[-278.0423278808594, -599.1184692382812, 1598.692138671875]
[-282.875244140625, -611.4678344726562, 1588.877197265625]
[-291.26385498046875, -619.42578125, 1581.260498046875]
[-302.2972412109375, -638.3678588867188, 1577.8157958984375]
[-312.8288879394531, -642.32177734375, 1570.506103515625]
[-315.9579772949219, -653.8226318359375, 1564.601318359375]
[-329.5953369140625, -655.292724609375, 1547.6766357421875]
[-339.4453125, -652.0999145507812, 1534.3604736328125]
[-345.5634765625, -643.102783203125, 1515.20654296875]
[-348.2213134765625, -630.4969482421875, 1487.356201171875]
[-354.2149658203125, -613.2056274414062, 1468.708251953125]
[-355.671630859375, -613.2653198242188, 1457.5360107421875]
[-361.1458435058594, -605.9904174804688, 1446.28173828125]
[-360.9208068847656, -601.7054443359375, 1438.8656005859375]
[-355.89263916015625, -597.7406616210938, 1427.4703369140625]
[-361.2353820800781, -597.4185180664062, 1419.6507568359375]
[-352.76959228515625, -601.1423950195312, 1412.2694091796875]
[-355.6978759765625, -601.2117309570312, 1408.8765869140625]
[-359.6122131347656, -612.3170776367188, 1409.0838623046875]
[-350.76123046875, -596.7944946289062, 1394.4429931640625]
[-348.29254150390625, -594.309326171875, 1398.644775390625]
[-333.29345703125, -598.7372436523438, 1387.1556396484375]
[-350.90081787109375, -626.2313842773438, 1429.8828125]
[-346.71832275390625, -636.2022094726562, 1444.910400390625]
[-340.4306945800781, -624.1476440429688, 1455.8309326171875]
[-337.953857421875, -618.17431640625, 1473.86376953125]
[-334.6515197753906, -616.2613525390625, 1488.726318359375]
[-328.83758544921875, -620.4874267578125, 1509.428466796875]
[-318.3317565917969, -622.9042358398438, 1539.3333740234375]
[-307.81500244140625, -625.7632446289062, 1559.6026611328125]
[-287.6321105957031, -618.5418701171875, 1591.25439453125]
[-273.4703369140625, -618.0982055664062, 1611.5604248046875]
[-257.9759521484375, -605.426513671875, 1631.2239990234375]
[-254.91136169433594, -603.483154296875, 1655.6129150390625]
[-248.60084533691406, -611.3438110351562, 1678.657958984375]
[-238.3827362060547, -629.4110107421875, 1693.349853515625]
[-228.1775360107422, -651.2249145507812, 1713.268310546875]
[-224.67916870117188, -664.7022705078125, 1734.817138671875]
[-217.61155700683594, -680.9268798828125, 1751.3114013671875]
[-208.83067321777344, -692.7024536132812, 1769.533447265625]
[-202.4574432373047, -704.7689208984375, 1786.97607421875]
[-194.19869995117188, -700.0286254882812, 1804.137451171875]
[-191.71481323242188, -698.9576416015625, 1824.1387939453125]
[-188.25990295410156, -681.46044921875, 1841.628662109375]
[-176.68942260742188, -675.5640869140625, 1866.13232421875]
[-169.32069396972656, -657.9891357421875, 1888.8111572265625]
[-157.83082580566406, -646.2601928710938, 1909.21826171875]
[-150.7539520263672, -629.119873046875, 1936.576904296875]
[-140.41522216796875, -621.98583984375, 1959.0894775390625]
[-130.61500549316406, -634.844482421875, 1981.4912109375]
[-125.0937728881836, -645.6320190429688, 1994.911376953125]
[-121.07603454589844, -675.3334350585938, 2000.76171875]
[-110.04679107666016, -702.7980346679688, 2005.9464111328125]
[-98.24473571777344, -724.9786376953125, 2015.4078369140625]
[-87.88697052001953, -742.9360961914062, 2026.186279296875]
[-75.50762176513672, -749.6246337890625, 2041.24853515625]
[-61.36799621582031, -736.1847534179688, 2057.61376953125]
[-50.21246337890625, -719.5276489257812, 2079.39013671875]
[-36.822608947753906, -700.2843017578125, 2076.02880859375]
[-26.537723541259766, -679.9520263671875, 2085.047607421875]
[-15.5308837890625, -662.1152954101562, 2095.659423828125]
[-7.542096138000488, -662.4063720703125, 2111.208251953125]
[-4.514142990112305, -666.2767944335938, 2121.591064453125]
[-2.62613582611084, -668.7478637695312, 2134.28857421875]
[-6.358288288116455, -679.4739379882812, 2152.925537109375]
[-7.7973456382751465, -685.8228149414062, 2160.42578125]
[-17.2078914642334, -715.9584350585938, 2152.66796875]
[-21.80222511291504, -742.5977172851562, 2150.9951171875]
[-30.676715850830078, -786.5638427734375, 2156.189208984375]
[-38.356170654296875, -808.7171630859375, 2151.271728515625]
[-40.40564727783203, -832.3148193359375, 2134.738037109375]
[-43.668190002441406, -853.577392578125, 2128.4560546875]
[-44.85344696044922, -845.5708618164062, 2126.717529296875]
[-44.91526794433594, -824.6192626953125, 2116.673828125]
[-55.142417907714844, -797.7604370117188, 2122.06298828125]
[-47.276153564453125, -773.1863403320312, 2116.24169921875]
[-53.95010757446289, -722.10693359375, 2108.325439453125]
[-61.34380340576172, -697.3496704101562, 2106.054931640625]
[-65.27923583984375, -676.0084228515625, 2110.387939453125]
[-65.10535430908203, -653.921875, 2107.121826171875]
[-57.048431396484375, -599.2294921875, 2085.059814453125]
[-54.343605041503906, -584.4125366210938, 2088.397705078125]
[-50.38317108154297, -549.0011596679688, 2076.412109375]
[-48.58449935913086, -526.5537719726562, 2071.18359375]
[-48.82439041137695, -518.7470703125, 2071.60986328125]
[-43.36722183227539, -483.1964111328125, 2069.522705078125]
[-39.14658737182617, -428.3089599609375, 2058.7255859375]
[-36.43623733520508, -376.5723571777344, 2056.122802734375]
[-31.994245529174805, -346.547607421875, 2059.36279296875]
[-35.0092658996582, -316.8709716796875, 2060.384033203125]
[-36.93959045410156, -300.41973876953125, 2057.604248046875]
[-35.081886291503906, -297.5596008300781, 2061.23681640625]
[-36.099910736083984, -295.32574462890625, 2064.52783203125]
[-36.75932312011719, -304.6962585449219, 2064.96484375]
[-35.99524688720703, -316.03839111328125, 2068.41259765625]
[-35.102577209472656, -335.4402160644531, 2075.681884765625]
[-34.908241271972656, -355.2859191894531, 2067.43115234375]
[-34.96596145629883, -387.5917663574219, 2062.1669921875]
[-41.620880126953125, -443.2053527832031, 2063.438232421875]
[-39.066524505615234, -512.3796997070312, 2062.4794921875]
[-31.527862548828125, -574.9721069335938, 2055.554443359375]
[-31.25859832763672, -645.5547485351562, 2053.321533203125]
[-26.56040382385254, -722.9782104492188, 2059.4521484375]
[-19.412309646606445, -770.9697875976562, 2047.4981689453125]
[-15.848651885986328, -815.6350708007812, 2065.05615234375]
[-6.610378742218018, -826.4515380859375, 2054.671142578125]
[-3.5918056964874268, -870.7156372070312, 2058.497314453125]
[-8.913725852966309, -875.0335083007812, 2065.739501953125]
[-8.925617218017578, -865.0439453125, 2069.37548828125]
[-8.712350845336914, -834.4920654296875, 2076.1240234375]
[0.7033348083496094, -817.0838623046875, 2089.4248046875]
[1.5673935413360596, -767.324462890625, 2059.80615234375]
[5.303814888000488, -727.9906005859375, 2062.428466796875]
[10.292783737182617, -702.0345458984375, 2072.830078125]
[15.422523498535156, -668.9564208984375, 2048.80859375]
[12.851908683776855, -648.021240234375, 2035.8143310546875]
[6.267726421356201, -656.8111572265625, 2031.809326171875]
[-0.3687143325805664, -657.6990356445312, 2021.737548828125]
[-8.391767501831055, -659.765380859375, 2005.8076171875]
[-20.311527252197266, -666.7830200195312, 1980.775390625]
[-27.216880798339844, -659.842529296875, 1953.175537109375]
[-32.72087860107422, -661.5670776367188, 1916.977783203125]
[-41.17393493652344, -666.2208251953125, 1883.971923828125]
[-44.9079704284668, -659.5185546875, 1855.6004638671875]
[-50.36848068237305, -642.4769897460938, 1838.55029296875]
[-49.55158233642578, -642.419921875, 1817.406494140625]
[-49.71282958984375, -635.1242065429688, 1796.3302001953125]
[-47.47795486450195, -637.198974609375, 1773.732177734375]
[-51.2118034362793, -642.0487060546875, 1762.342529296875]
[-58.954925537109375, -656.2564086914062, 1749.3560791015625]
[-58.02840042114258, -660.0319213867188, 1733.390380859375]
[-66.04664611816406, -668.2744140625, 1717.481201171875]
[-74.49102783203125, -670.2238159179688, 1716.7310791015625]
[-73.2828598022461, -683.4992065429688, 1704.7242431640625]
[-76.3198471069336, -693.5174560546875, 1696.408447265625]
[-74.55744934082031, -702.0657958984375, 1676.583251953125]
[-78.72616577148438, -696.9912109375, 1662.22607421875]
[-75.5624771118164, -675.8292236328125, 1627.5108642578125]
[-73.3790512084961, -657.7789916992188, 1617.35009765625]
[-65.58684539794922, -641.8639526367188, 1609.9478759765625]
[-59.16753387451172, -628.072509765625, 1606.849365234375]
[-55.041805267333984, -611.7811279296875, 1576.982666015625]
[-49.18711471557617, -603.396484375, 1567.60595703125]
[-41.065589904785156, -611.8672485351562, 1561.125]
[-39.43224334716797, -618.811279296875, 1551.3702392578125]
[-35.146759033203125, -626.4364624023438, 1546.47607421875]
[-31.636140823364258, -630.3599853515625, 1538.0738525390625]
[-33.66602325439453, -638.1840209960938, 1532.8172607421875]
[-30.67069435119629, -641.1212158203125, 1525.3934326171875]
[-28.26093101501465, -648.2029418945312, 1528.0496826171875]
[-26.448532104492188, -660.6128540039062, 1538.369873046875]
[-15.042125701904297, -668.4329833984375, 1549.532470703125]
[-20.280763626098633, -672.1033325195312, 1554.069580078125]
[-20.224824905395508, -666.8351440429688, 1550.8719482421875]
[-22.397838592529297, -664.4314575195312, 1547.8189697265625]
[-20.42176628112793, -665.1224365234375, 1552.104248046875]
[-18.037342071533203, -679.2471313476562, 1574.7774658203125]
[-21.547697067260742, -679.3096923828125, 1576.6922607421875]
[-26.57748794555664, -680.3963623046875, 1596.834228515625]
[-48.722259521484375, -660.341064453125, 1550.75146484375]
[-52.48571014404297, -638.7759399414062, 1541.115478515625]
[-42.23833084106445, -629.831298828125, 1611.232421875]
[-43.55002975463867, -606.0579833984375, 1608.801513671875]
[-23.632049560546875, -620.0365600585938, 1652.9722900390625]
[-31.236671447753906, -616.8135986328125, 1652.760009765625]
[-8.615202903747559, -636.1898803710938, 1674.1982421875]
[-26.299762725830078, -660.3151245117188, 1681.492919921875]
[-19.00643539428711, -682.1199340820312, 1695.5574951171875]
[-22.651155471801758, -688.2340698242188, 1696.7154541015625]
[-20.375720977783203, -703.0997924804688, 1679.3089599609375]
[-3.0567235946655273, -710.0701904296875, 1679.11669921875]
[8.582687377929688, -708.1796875, 1666.1201171875]
[25.493398666381836, -717.7024536132812, 1668.6297607421875]
[50.65179443359375, -698.7529907226562, 1649.0804443359375]
[65.31681060791016, -672.5254516601562, 1621.1973876953125]
[82.0150375366211, -649.4303588867188, 1584.6650390625]
[69.9561767578125, -635.1396484375, 1575.9859619140625]
[61.92091751098633, -614.2069702148438, 1553.5111083984375]
[39.65596008300781, -607.4246215820312, 1548.5142822265625]
[31.241455078125, -609.0169677734375, 1542.54931640625]
[34.082176208496094, -616.8624877929688, 1509.4566650390625]
[37.31256866455078, -608.3384399414062, 1475.9677734375]
[36.998390197753906, -602.7192993164062, 1465.1229248046875]
[32.845428466796875, -606.5518188476562, 1458.037109375]
[28.055898666381836, -609.9940185546875, 1448.16796875]
[26.348806381225586, -607.5416870117188, 1448.9710693359375]
[25.668397903442383, -618.5571899414062, 1452.7662353515625]
[11.619016647338867, -650.5012817382812, 1439.2813720703125]
[6.847165584564209, -648.9004516601562, 1430.7589111328125]
[-9.381644248962402, -661.4639282226562, 1416.7020263671875]
[-29.755779266357422, -665.3463745117188, 1414.42578125]
[-36.90671157836914, -675.5946044921875, 1417.705078125]
[-41.433624267578125, -679.3690795898438, 1426.176025390625]
[-24.7867488861084, -665.4134521484375, 1428.4791259765625]
[-34.057579040527344, -649.584716796875, 1436.173095703125]
[-22.28902244567871, -644.2864379882812, 1453.310546875]
[-29.346649169921875, -641.1430053710938, 1450.5601806640625]
[-42.45243835449219, -651.1534423828125, 1458.3079833984375]
[-49.699745178222656, -659.2288208007812, 1472.1754150390625]
[-50.55265808105469, -668.9122924804688, 1483.493408203125]
[-51.35508728027344, -680.4588012695312, 1495.15234375]
[-50.495208740234375, -694.36279296875, 1508.2720947265625]
[-52.845970153808594, -703.3352661132812, 1518.6241455078125]
[-63.13652420043945, -709.47705078125, 1532.4791259765625]
[-70.22250366210938, -718.0346069335938, 1552.7003173828125]
[-82.61956787109375, -720.2926025390625, 1569.5963134765625]
[-95.50282287597656, -717.625, 1600.5162353515625]
[-107.79104614257812, -715.8599853515625, 1632.74951171875]
[-118.11128997802734, -703.4536743164062, 1669.938232421875]
[-114.44271087646484, -695.8043823242188, 1711.1136474609375]
[-105.70157623291016, -670.9812622070312, 1754.524169921875]
[-92.14570617675781, -667.6109619140625, 1804.890869140625]
[-76.06690216064453, -663.070556640625, 1845.5699462890625]
[-64.48404693603516, -668.6608276367188, 1876.9703369140625]
[-54.08662414550781, -684.9201049804688, 1913.3826904296875]
[-37.078834533691406, -684.6884155273438, 1929.3636474609375]
[-28.76968765258789, -694.695068359375, 1949.6976318359375]
[-18.929443359375, -702.6663818359375, 1967.2291259765625]
[-11.902265548706055, -712.144775390625, 1985.43505859375]
[-7.946670055389404, -715.181884765625, 2000.5648193359375]
[-4.971549034118652, -718.8261108398438, 2016.8087158203125]
[-0.7029473781585693, -723.4284057617188, 2025.1944580078125]
[1.0302960872650146, -720.6543579101562, 2038.3123779296875]
[2.473756790161133, -722.4219970703125, 2050.703369140625]
[-0.6173849105834961, -726.890380859375, 2065.8330078125]
[0.9281933307647705, -721.5358276367188, 2080.59228515625]
[-1.7887204885482788, -721.3319702148438, 2090.398193359375]
[-12.204625129699707, -716.0673828125, 2097.521240234375]
[-18.79309844970703, -706.6322631835938, 2101.875244140625]
[-24.0438289642334, -690.9346313476562, 2103.427001953125]
[-32.368377685546875, -670.90087890625, 2102.930419921875]
[-38.381107330322266, -647.725830078125, 2108.794189453125]
[-34.42850875854492, -636.232177734375, 2116.304443359375]
[-38.87055206298828, -626.9636840820312, 2119.0615234375]
[-34.487709045410156, -625.7446899414062, 2116.989990234375]
[-31.023189544677734, -631.3340454101562, 2116.989013671875]
[-25.21681022644043, -649.1448974609375, 2121.29931640625]
[-24.641080856323242, -652.90673828125, 2125.989013671875]
[-20.163602828979492, -663.44482421875, 2133.439453125]
[-18.661409378051758, -671.11083984375, 2141.327880859375]
[-13.673364639282227, -675.805908203125, 2149.970947265625]
[-7.513269901275635, -682.0723876953125, 2168.401123046875]
[-1.3815462589263916, -686.4642333984375, 2185.2236328125]
[8.621111869812012, -691.8817749023438, 2206.667724609375]
[19.060791015625, -684.122802734375, 2231.447998046875]
[37.38424301147461, -678.2760009765625, 2262.16796875]
[57.80060577392578, -667.2858276367188, 2285.284912109375]
[73.03704071044922, -653.3134765625, 2306.305908203125]
[85.37220001220703, -649.5618286132812, 2319.168212890625]
[95.9577865600586, -651.2993774414062, 2329.069091796875]
[104.07555389404297, -657.4454345703125, 2335.776123046875]
[106.80726623535156, -661.3463745117188, 2349.4482421875]
[113.47219848632812, -666.5333862304688, 2347.010009765625]
[114.99749755859375, -676.2720336914062, 2342.42333984375]
[120.11665344238281, -700.3975219726562, 2342.126708984375]
[116.50308227539062, -707.3212280273438, 2342.70458984375]
[114.65950012207031, -707.916259765625, 2330.92578125]
[110.74684143066406, -710.2006225585938, 2324.4150390625]
[102.67173767089844, -704.3038940429688, 2308.355224609375]
[92.307373046875, -698.4776611328125, 2293.688232421875]
[79.46575164794922, -688.418701171875, 2271.22265625]
[60.237525939941406, -674.037109375, 2242.530517578125]
[39.306610107421875, -664.7117309570312, 2209.248046875]
[21.199018478393555, -650.74609375, 2174.617431640625]
[7.228612899780273, -628.4099731445312, 2145.88525390625]
[0.4647672176361084, -606.388671875, 2116.822265625]
[-11.232577323913574, -582.4959716796875, 2092.50048828125]
[-18.965803146362305, -568.2076416015625, 2062.7529296875]
[-25.196842193603516, -559.3896484375, 2033.0870361328125]
[-31.432085037231445, -562.3092651367188, 1999.0810546875]
[-32.66288375854492, -563.9376831054688, 1968.1702880859375]
[-32.16086959838867, -559.6414184570312, 1932.4864501953125]
[-34.546321868896484, -563.7660522460938, 1894.1031494140625]
[-38.86094284057617, -575.2451782226562, 1869.5018310546875]
[-45.873809814453125, -582.477294921875, 1843.1126708984375]
[-50.571205139160156, -599.4759521484375, 1812.5745849609375]
[-59.117916107177734, -607.1397094726562, 1787.65234375]
[-60.10142517089844, -614.7869873046875, 1763.31640625]
[-60.99085998535156, -618.2844848632812, 1737.6416015625]
[-69.50704956054688, -621.7659912109375, 1720.1160888671875]
[-82.08919525146484, -619.8565063476562, 1705.9364013671875]
[-87.82872772216797, -608.5059814453125, 1684.156982421875]
[-91.4583969116211, -610.9719848632812, 1665.56689453125]
[-93.9281997680664, -606.8801879882812, 1651.677490234375]
[-92.7384033203125, -606.4483032226562, 1642.4697265625]
[-95.70550537109375, -614.8560791015625, 1611.4144287109375]
[-103.97930145263672, -616.7986450195312, 1590.837646484375]
[-113.4181137084961, -625.6981811523438, 1573.3997802734375]
