452
12
[-118.44384766,1486.79772949,1042.80944824]
[-115.21790314,1482.94232178,1043.64611816]
[-111.67800903,1479.28881836,1042.81787109]
[-110.34107208,1479.27416992,1048.76904297]
[-105.78787994,1476.85144043,1044.1751709]
[-105.86363983,1478.40869141,1049.01611328]
[-101.88356018,1479.56072998,1050.15039062]
[-94.80184174,1483.79956055,1050.04931641]
[-92.18695831,1482.24237061,1048.93652344]
[-87.25885773,1480.37908936,1049.63671875]
[-83.99215698,1479.70159912,1050.80053711]
[-79.52495575,1478.68432617,1050.70751953]
[-77.78075409,1478.51275635,1053.31958008]
[-75.92641449,1479.17205811,1053.49194336]
[-66.98361969,1477.8692627,1049.8190918]
[-66.31951904,1478.20947266,1051.76733398]
[-66.1525116,1477.82904053,1052.49633789]
[-63.46577454,1475.64660645,1053.29541016]
[-62.38838959,1475.41113281,1053.89428711]
[-58.56749344,1473.94189453,1053.54663086]
[-54.30955505,1469.57092285,1051.38818359]
[-54.5458107,1470.02783203,1051.2175293]
[-53.03959656,1470.18328857,1051.04638672]
[-51.63756943,1471.02172852,1048.97802734]
[-51.93395996,1471.09783936,1049.34716797]
[-49.96517181,1470.78668213,1047.65441895]
[-48.61257172,1470.31427002,1048.89428711]
[-46.49980545,1470.21704102,1042.62207031]
[-46.25310135,1470.03436279,1037.9473877]
[-47.31474686,1470.06390381,1038.82336426]
[-47.22724915,1470.52410889,1039.171875]
[-47.16633987,1470.59277344,1039.15002441]
[-46.90324402,1470.55749512,1038.95397949]
[-44.10009766,1472.56365967,1031.89660645]
[-43.97149277,1477.62121582,1027.07312012]
[-40.25327301,1474.87774658,1024.30603027]
[-40.11779404,1474.88549805,1024.23266602]
[-33.04956818,1470.27966309,1018.90209961]
[-34.38547134,1473.06549072,1016.58776855]
[-33.64382553,1479.48913574,1003.78967285]
[-28.58770561,1500.85754395,1001.2121582]
[-35.60457993,1506.28460693,1006.27233887]
[-35.23577881,1517.78283691,998.72033691]
[-43.45388794,1525.55975342,989.51733398]
[-48.01998901,1529.96380615,975.66894531]
[-56.46693802,1521.97442627,956.10351562]
[-62.77484512,1525.23175049,938.93518066]
[-74.31908417,1526.57995605,938.36669922]
[-88.38681793,1521.1739502,920.66601562]
[-97.79894257,1506.02764893,906.11291504]
[-111.4066391,1497.54901123,884.63781738]
[-116.24230194,1490.53710938,863.75915527]
[-120.7421875,1473.2300415,847.23986816]
[-125.87319183,1465.20373535,835.61132812]
[-131.79528809,1463.53314209,827.15356445]
[-131.30847168,1467.89727783,822.77124023]
[-137.48243713,1462.75689697,812.6262207]
[-138.75213623,1472.04498291,800.1895752]
[-145.75485229,1476.37945557,790.98608398]
[-149.04669189,1490.28967285,785.20800781]
[-156.24617004,1493.40197754,784.67895508]
[-167.19136047,1500.64294434,785.99060059]
[-177.2177887,1508.79144287,789.51037598]
[-176.69862366,1506.20458984,775.26379395]
[-176.45928955,1482.95318604,777.51831055]
[-177.59521484,1483.38415527,796.77270508]
[-182.08679199,1482.10174561,835.95117188]
[-175.08294678,1481.90551758,875.62768555]
[-147.97303772,1472.01855469,897.48608398]
[-136.51467896,1466.47717285,919.27819824]
[-109.64334869,1437.98132324,912.86816406]
[-94.58773804,1440.12194824,923.91210938]
[-81.06456757,1453.7197876,936.73828125]
[-71.70547485,1457.40356445,943.54064941]
[-50.16020584,1471.67272949,950.26318359]
[-28.47112656,1500.0947876,966.92578125]
[-17.46626282,1512.53857422,972.35961914]
[-1.02849305e+00,1.50457587e+03,9.81129883e+02]
[15.36100388,1502.15393066,992.05566406]
[20.80517197,1481.93737793,987.89916992]
[27.01968002,1483.18273926,1003.40698242]
[40.57469177,1467.07122803,1011.11413574]
[44.92482376,1471.47277832,1015.82739258]
[50.20582199,1477.73480225,1023.5645752]
[53.7930069,1491.38250732,1052.33642578]
[51.92224121,1473.22808838,1047.06555176]
[49.62891388,1451.95758057,1058.70605469]
[72.6400528,1441.78723145,1061.15527344]
[68.53887939,1411.81286621,1032.83911133]
[75.55075836,1409.61901855,1025.24328613]
[64.49370575,1411.43359375,1007.37072754]
[54.08654785,1419.02709961,1007.70239258]
[50.66218948,1424.32745361,999.29748535]
[51.55145264,1446.58599854,977.19445801]
[56.05916595,1461.67852783,974.47546387]
[86.18658447,1480.46221924,981.82666016]
[97.67385101,1487.03277588,970.96875]
[144.43518066,1488.49078369,962.12219238]
[189.16842651,1487.43011475,941.96826172]
[222.41247559,1475.92370605,912.21948242]
[249.10623169,1455.6439209,860.3795166]
[260.53707886,1439.71026611,852.51013184]
[271.10272217,1422.78222656,820.43029785]
[290.02957153,1424.94171143,807.46533203]
[304.2166748,1431.4163208,797.18383789]
[325.75839233,1434.50494385,760.64599609]
[336.80004883,1454.89886475,727.80615234]
[347.88827515,1468.22479248,709.43835449]
[355.50039673,1480.18341064,712.76391602]
[363.08676147,1487.90924072,720.47302246]
[369.6217041,1484.6227417,727.54406738]
[377.262146,1471.49249268,733.49060059]
[386.27703857,1454.50372314,723.00390625]
[388.10098267,1431.88208008,733.41162109]
[386.07647705,1429.6461792,765.9543457]
[390.41693115,1430.65368652,772.65673828]
[390.81564331,1427.89337158,803.89294434]
[375.55822754,1425.88635254,865.1550293]
[368.50534058,1423.1940918,882.84912109]
[362.4369812,1423.26593018,885.66271973]
[358.66265869,1425.69836426,892.72717285]
[346.7333374,1432.79901123,895.69189453]
[333.79528809,1447.92883301,917.64111328]
[306.79638672,1455.63421631,931.76647949]
[290.1227417,1457.65795898,937.22692871]
[266.07461548,1462.73022461,942.94238281]
[211.31044006,1484.00695801,950.11328125]
[167.74006653,1487.46661377,938.48132324]
[142.61659241,1479.99230957,927.96472168]
[112.4364624,1465.34954834,890.47875977]
[86.83000946,1443.44671631,883.07324219]
[69.74894714,1425.46026611,863.09887695]
[42.41879272,1426.42901611,864.60131836]
[24.11925125,1405.61206055,840.69543457]
[15.04281902,1423.53979492,843.03601074]
[3.29888606,1442.56811523,837.96728516]
[-16.97628212,1463.01062012,836.84155273]
[-34.38455582,1485.33001709,827.49902344]
[-45.51392746,1497.89233398,823.3026123]
[-62.2123642,1512.41967773,816.53527832]
[-71.73963165,1523.30444336,818.10717773]
[-82.6452179,1528.54589844,804.40014648]
[-95.8371582,1522.05096436,807.87341309]
[-102.13092041,1506.57330322,799.70947266]
[-113.00746155,1499.65087891,802.03674316]
[-139.1648407,1469.07452393,800.07189941]
[-150.83804321,1461.4453125,807.26867676]
[-166.69166565,1458.64538574,802.51330566]
[-177.93377686,1455.35058594,798.20080566]
[-189.38447571,1455.28851318,778.9699707]
[-196.70448303,1461.76062012,762.19104004]
[-207.77137756,1464.29669189,739.6072998]
[-208.58522034,1470.58056641,721.56787109]
[-207.09959412,1475.97766113,697.59875488]
[-209.55761719,1471.22149658,665.35913086]
[-211.37547302,1473.76116943,652.88037109]
[-216.54606628,1478.77996826,641.29870605]
[-234.94371033,1492.89849854,644.50756836]
[-242.63725281,1483.14898682,635.60412598]
[-242.91157532,1478.29388428,627.18225098]
[-245.69902039,1461.03015137,612.70666504]
[-250.95716858,1450.42022705,608.30456543]
[-261.0489502,1434.7098999,605.32434082]
[-272.82421875,1411.36889648,602.63891602]
[-278.04232788,1399.11846924,598.69213867]
[-282.87524414,1411.46783447,588.87719727]
[-291.26385498,1419.42578125,581.26049805]
[-302.29724121,1438.36785889,577.8157959]
[-312.82888794,1442.32177734,570.50610352]
[-315.95797729,1453.82263184,564.60131836]
[-329.59533691,1455.29272461,547.67663574]
[-339.4453125,1452.09991455,534.36047363]
[-345.56347656,1443.1027832,515.20654297]
[-348.22131348,1430.49694824,487.35620117]
[-354.21496582,1413.20562744,468.70825195]
[-355.67163086,1413.26531982,457.53601074]
[-361.14584351,1405.99041748,446.28173828]
[-360.92080688,1401.70544434,438.86560059]
[-355.89263916,1397.74066162,427.47033691]
[-361.23538208,1397.41851807,419.65075684]
[-352.76959229,1401.14239502,412.26940918]
[-355.69787598,1401.21173096,408.87658691]
[-359.61221313,1412.31707764,409.0838623]
[-350.76123047,1396.79449463,394.44299316]
[-348.2925415,1394.30932617,398.64477539]
[-333.29345703,1398.73724365,387.15563965]
[-350.90081787,1426.23138428,429.8828125]
[-346.71832275,1436.20220947,444.91040039]
[-340.43069458,1424.14764404,455.83093262]
[-337.95385742,1418.17431641,473.86376953]
[-334.65151978,1416.26135254,488.72631836]
[-328.83758545,1420.48742676,509.4284668]
[-318.33175659,1422.90423584,539.33337402]
[-307.81500244,1425.76324463,559.60266113]
[-287.6321106,1418.54187012,591.25439453]
[-273.47033691,1418.09820557,611.5604248]
[-257.97595215,1405.42651367,631.22399902]
[-254.91136169,1403.4831543,655.61291504]
[-248.60084534,1411.34381104,678.65795898]
[-238.38273621,1429.41101074,693.34985352]
[-228.17753601,1451.22491455,713.26831055]
[-224.6791687,1464.70227051,734.81713867]
[-217.61155701,1480.92687988,751.31140137]
[-208.83067322,1492.70245361,769.53344727]
[-202.45744324,1504.7689209,786.97607422]
[-194.19869995,1500.02862549,804.13745117]
[-191.71481323,1498.9576416,824.13879395]
[-188.25990295,1481.46044922,841.62866211]
[-176.68942261,1475.56408691,866.13232422]
[-169.32069397,1457.98913574,888.81115723]
[-157.83082581,1446.26019287,909.21826172]
[-150.75395203,1429.11987305,936.5769043]
[-140.41522217,1421.98583984,959.08947754]
[-130.61500549,1434.84448242,981.49121094]
[-125.09377289,1445.63201904,994.91137695]
[-121.07603455,1475.33343506,1000.76171875]
[-110.04679108,1502.79803467,1005.94641113]
[-98.24473572,1524.9786377,1015.40783691]
[-87.88697052,1542.93609619,1026.1862793]
[-75.50762177,1549.62463379,1041.24853516]
[-61.36799622,1536.18475342,1057.61376953]
[-50.21246338,1519.52764893,1079.39013672]
[-36.82260895,1500.28430176,1076.02880859]
[-26.53772354,1479.95202637,1085.04760742]
[-15.53088379,1462.11529541,1095.65942383]
[-7.54209614,1462.40637207,1111.20825195]
[-4.51414299,1466.27679443,1121.59106445]
[-2.62613583,1468.74786377,1134.28857422]
[-6.35828829,1479.47393799,1152.92553711]
[-7.79734564,1485.82281494,1160.42578125]
[-17.20789146,1515.95843506,1152.66796875]
[-21.80222511,1542.59771729,1150.99511719]
[-30.67671585,1586.56384277,1156.18920898]
[-38.35617065,1608.71716309,1151.27172852]
[-40.40564728,1632.31481934,1134.73803711]
[-43.66819,1653.57739258,1128.45605469]
[-44.85344696,1645.57086182,1126.7175293]
[-44.91526794,1624.6192627,1116.67382812]
[-55.14241791,1597.76043701,1122.06298828]
[-47.27615356,1573.18634033,1116.24169922]
[-53.95010757,1522.10693359,1108.32543945]
[-61.34380341,1497.34967041,1106.05493164]
[-65.27923584,1476.00842285,1110.38793945]
[-65.10535431,1453.921875,1107.12182617]
[-57.0484314,1399.22949219,1085.05981445]
[-54.34360504,1384.41253662,1088.39770508]
[-50.38317108,1349.00115967,1076.41210938]
[-48.58449936,1326.55377197,1071.18359375]
[-48.82439041,1318.74707031,1071.60986328]
[-43.36722183,1283.19641113,1069.52270508]
[-39.14658737,1228.30895996,1058.72558594]
[-36.43623734,1176.57235718,1056.12280273]
[-31.99424553,1146.54760742,1059.36279297]
[-35.0092659,1116.87097168,1060.3840332]
[-36.93959045,1100.41973877,1057.60424805]
[-35.08188629,1097.55960083,1061.23681641]
[-36.09991074,1095.32574463,1064.52783203]
[-36.75932312,1104.69625854,1064.96484375]
[-35.99524689,1116.03839111,1068.41259766]
[-35.10257721,1135.44021606,1075.68188477]
[-34.90824127,1155.28591919,1067.43115234]
[-34.96596146,1187.59176636,1062.16699219]
[-41.62088013,1243.20535278,1063.43823242]
[-39.06652451,1312.37969971,1062.47949219]
[-31.52786255,1374.97210693,1055.55444336]
[-31.25859833,1445.55474854,1053.3215332]
[-26.56040382,1522.97821045,1059.45214844]
[-19.41230965,1570.9697876,1047.49816895]
[-15.84865189,1615.6350708,1065.05615234]
[-6.61037874,1626.45153809,1054.67114258]
[-3.5918057,1670.71563721,1058.49731445]
[-8.91372585,1675.0335083,1065.73950195]
[-8.92561722,1665.04394531,1069.37548828]
[-8.71235085,1634.49206543,1076.12402344]
[7.03334808e-01,1.61708386e+03,1.08942480e+03]
[1.56739354,1567.32446289,1059.80615234]
[5.30381489,1527.99060059,1062.4284668]
[10.29278374,1502.0345459,1072.83007812]
[15.4225235,1468.9564209,1048.80859375]
[12.85190868,1448.02124023,1035.81433105]
[6.26772642,1456.81115723,1031.80932617]
[-3.68714333e-01,1.45769904e+03,1.02173755e+03]
[-8.3917675,1459.76538086,1005.80761719]
[-20.31152725,1466.78302002,980.77539062]
[-27.2168808,1459.8425293,953.17553711]
[-32.7208786,1461.56707764,916.9777832]
[-41.17393494,1466.2208252,883.97192383]
[-44.90797043,1459.51855469,855.60046387]
[-50.36848068,1442.47698975,838.55029297]
[-49.55158234,1442.41992188,817.40649414]
[-49.71282959,1435.12420654,796.3302002]
[-47.47795486,1437.19897461,773.73217773]
[-51.21180344,1442.04870605,762.3425293]
[-58.95492554,1456.25640869,749.3560791]
[-58.02840042,1460.03192139,733.39038086]
[-66.04664612,1468.27441406,717.48120117]
[-74.49102783,1470.22381592,716.7310791]
[-73.2828598,1483.49920654,704.72424316]
[-76.31984711,1493.51745605,696.40844727]
[-74.55744934,1502.0657959,676.58325195]
[-78.72616577,1496.99121094,662.22607422]
[-75.56247711,1475.82922363,627.51086426]
[-73.37905121,1457.7789917,617.35009766]
[-65.5868454,1441.86395264,609.94787598]
[-59.16753387,1428.07250977,606.84936523]
[-55.04180527,1411.78112793,576.98266602]
[-49.18711472,1403.39648438,567.60595703]
[-41.0655899,1411.86724854,561.125]
[-39.43224335,1418.8112793,551.37023926]
[-35.14675903,1426.4364624,546.47607422]
[-31.63614082,1430.35998535,538.07385254]
[-33.66602325,1438.184021,532.81726074]
[-30.67069435,1441.12121582,525.39343262]
[-28.26093102,1448.20294189,528.04968262]
[-26.4485321,1460.612854,538.36987305]
[-15.0421257,1468.4329834,549.5324707]
[-20.28076363,1472.10333252,554.06958008]
[-20.22482491,1466.83514404,550.87194824]
[-22.39783859,1464.43145752,547.81896973]
[-20.42176628,1465.12243652,552.10424805]
[-18.03734207,1479.24713135,574.77746582]
[-21.54769707,1479.30969238,576.69226074]
[-26.57748795,1480.3963623,596.83422852]
[-48.72225952,1460.34106445,550.75146484]
[-52.48571014,1438.77593994,541.11547852]
[-42.23833084,1429.83129883,611.23242188]
[-43.55002975,1406.0579834,608.80151367]
[-23.63204956,1420.03656006,652.97229004]
[-31.23667145,1416.81359863,652.76000977]
[-8.6152029,1436.18988037,674.19824219]
[-26.29976273,1460.31512451,681.49291992]
[-19.00643539,1482.11993408,695.55749512]
[-22.65115547,1488.23406982,696.7154541]
[-20.37572098,1503.09979248,679.30895996]
[-3.05672359,1510.07019043,679.11669922]
[8.58268738,1508.1796875,666.12011719]
[25.49339867,1517.70245361,668.62976074]
[50.65179443,1498.75299072,649.08044434]
[65.31681061,1472.52545166,621.1973877]
[82.01503754,1449.43035889,584.66503906]
[69.95617676,1435.13964844,575.98596191]
[61.92091751,1414.20697021,553.5111084]
[39.65596008,1407.42462158,548.51428223]
[31.24145508,1409.01696777,542.54931641]
[34.08217621,1416.86248779,509.45666504]
[37.31256866,1408.33843994,475.96777344]
[36.9983902,1402.71929932,465.1229248]
[32.84542847,1406.55181885,458.03710938]
[28.05589867,1409.99401855,448.16796875]
[26.34880638,1407.54168701,448.97106934]
[25.6683979,1418.55718994,452.76623535]
[11.61901665,1450.50128174,439.28137207]
[6.84716558,1448.90045166,430.75891113]
[-9.38164425,1461.46392822,416.70202637]
[-29.75577927,1465.34637451,414.42578125]
[-36.90671158,1475.59460449,417.70507812]
[-41.43362427,1479.36907959,426.17602539]
[-24.78674889,1465.41345215,428.47912598]
[-34.05757904,1449.5847168,436.1730957]
[-22.28902245,1444.28643799,453.31054688]
[-29.34664917,1441.14300537,450.56018066]
[-42.45243835,1451.15344238,458.3079834]
[-49.69974518,1459.2288208,472.17541504]
[-50.55265808,1468.91229248,483.4934082]
[-51.35508728,1480.45880127,495.15234375]
[-50.49520874,1494.36279297,508.27209473]
[-52.84597015,1503.33526611,518.62414551]
[-63.1365242,1509.47705078,532.47912598]
[-70.22250366,1518.03460693,552.70031738]
[-82.61956787,1520.29260254,569.59631348]
[-95.50282288,1517.625,600.51623535]
[-107.79104614,1515.85998535,632.74951172]
[-118.11128998,1503.45367432,669.93823242]
[-114.44271088,1495.80438232,711.11364746]
[-105.70157623,1470.98126221,754.52416992]
[-92.14570618,1467.61096191,804.89086914]
[-76.06690216,1463.07055664,845.56994629]
[-64.48404694,1468.66082764,876.97033691]
[-54.08662415,1484.92010498,913.38269043]
[-37.07883453,1484.68841553,929.36364746]
[-28.76968765,1494.69506836,949.69763184]
[-18.92944336,1502.66638184,967.22912598]
[-11.90226555,1512.14477539,985.43505859]
[-7.94667006,1515.18188477,1000.56481934]
[-4.97154903,1518.82611084,1016.80871582]
[-7.02947378e-01,1.52342841e+03,1.02519446e+03]
[1.03029609e+00,1.52065436e+03,1.03831238e+03]
[2.47375679,1522.42199707,1050.70336914]
[-6.17384911e-01,1.52689038e+03,1.06583301e+03]
[9.28193331e-01,1.52153583e+03,1.08059229e+03]
[-1.78872049,1521.33197021,1090.39819336]
[-12.20462513,1516.06738281,1097.52124023]
[-18.79309845,1506.63226318,1101.87524414]
[-24.04382896,1490.93463135,1103.42700195]
[-32.36837769,1470.90087891,1102.93041992]
[-38.38110733,1447.72583008,1108.79418945]
[-34.42850876,1436.23217773,1116.30444336]
[-38.87055206,1426.96368408,1119.06152344]
[-34.48770905,1425.74468994,1116.98999023]
[-31.02318954,1431.33404541,1116.98901367]
[-25.21681023,1449.14489746,1121.29931641]
[-24.64108086,1452.90673828,1125.98901367]
[-20.16360283,1463.44482422,1133.43945312]
[-18.66140938,1471.11083984,1141.32788086]
[-13.67336464,1475.8059082,1149.97094727]
[-7.5132699,1482.0723877,1168.40112305]
[-1.38154626e+00,1.48646423e+03,1.18522363e+03]
[8.62111187,1491.8817749,1206.66772461]
[19.06079102,1484.12280273,1231.44799805]
[37.38424301,1478.27600098,1262.16796875]
[57.80060577,1467.28582764,1285.28491211]
[73.03704071,1453.31347656,1306.3059082]
[85.37220001,1449.56182861,1319.16821289]
[95.95778656,1451.29937744,1329.0690918]
[104.07555389,1457.44543457,1335.77612305]
[106.80726624,1461.34637451,1349.44824219]
[113.47219849,1466.53338623,1347.01000977]
[114.99749756,1476.27203369,1342.42333984]
[120.11665344,1500.39752197,1342.12670898]
[116.50308228,1507.32122803,1342.70458984]
[114.65950012,1507.91625977,1330.92578125]
[110.74684143,1510.20062256,1324.41503906]
[102.67173767,1504.30389404,1308.35522461]
[92.30737305,1498.47766113,1293.68823242]
[79.46575165,1488.41870117,1271.22265625]
[60.23752594,1474.03710938,1242.53051758]
[39.30661011,1464.71173096,1209.24804688]
[21.19901848,1450.74609375,1174.61743164]
[7.2286129,1428.40997314,1145.88525391]
[4.64767218e-01,1.40638867e+03,1.11682227e+03]
[-11.23257732,1382.49597168,1092.50048828]
[-18.96580315,1368.2076416,1062.75292969]
[-25.19684219,1359.38964844,1033.08703613]
[-31.43208504,1362.30926514,999.08105469]
[-32.66288376,1363.93768311,968.17028809]
[-32.1608696,1359.64141846,932.4864502]
[-34.54632187,1363.76605225,894.10314941]
[-38.86094284,1375.24517822,869.50183105]
[-45.87380981,1382.47729492,843.1126709]
[-50.57120514,1399.47595215,812.57458496]
[-59.11791611,1407.13970947,787.65234375]
[-60.10142517,1414.7869873,763.31640625]
[-60.99085999,1418.28448486,737.64160156]
[-69.50704956,1421.76599121,720.11608887]
[-82.08919525,1419.85650635,705.93640137]
[-87.82872772,1408.50598145,684.15698242]
[-91.45839691,1410.97198486,665.56689453]
[-93.92819977,1406.88018799,651.67749023]
[-92.73840332,1406.44830322,642.46972656]
[-95.70550537,1414.8560791,611.41442871]
[-103.97930145,1416.79864502,590.83764648]
[-113.41811371,1425.69818115,573.39978027]
[0,0,0]
[0,0,0]
[0,0,0]
[0,0,0]
[0,0,0]
[0,0,0]
[0,0,0]
[0,0,0]
[0,0,0]
[0,0,0]
[0,0,0]
[0,0,0]
[0,0,0]
[0,0,0]
[0,0,0]
[0,0,0]
[0,0,0]
[0,0,0]
[0,0,0]
[0,0,0]
[0,0,0]
[0,0,0]
[0,0,0]
[0,0,0]
[0,0,0]
[0,0,0]
[0,0,0]
[0,0,0]
[0,0,0]
[0,0,0]
[0,0,0]
[0,0,0]
[0,0,0]
[0,0,0]
[0,0,0]
[0,0,0]
[0,0,0]
[0,0,0]
[0,0,0]
[0,0,0]
[0,0,0]
[0,0,0]
[0,0,0]
[0,0,0]
[0,0,0]
[0,0,0]
[0,0,0]
[0,0,0]
[0,0,0]
[0,0,0]
[0,0,0]
[0,0,0]
[0,0,0]
[0,0,0]
[0,0,0]
[0,0,0]
[0,0,0]
[0,0,0]
[0,0,0]
[0,0,0]
[0,0,0]
[0,0,0]
[0,0,0]
[0,0,0]
[0,0,0]
[0,0,0]
[0,0,0]
[0,0,0]
[0,0,0]
[0,0,0]
[0,0,0]
[0,0,0]
[0,0,0]
[0,0,0]
[0,0,0]
[0,0,0]
[0,0,0]
[0,0,0]
[0,0,0]
[0,0,0]
[0,0,0]
[0,0,0]
[0,0,0]
[0,0,0]
[0,0,0]
[0,0,0]
[0,0,0]
[0,0,0]
[0,0,0]
[0,0,0]
[0,0,0]
[0,0,0]
[0,0,0]
[0,0,0]
[0,0,0]
[0,0,0]
[0,0,0]
[0,0,0]
[0,0,0]
[0,0,0]
[0,0,0]
[0,0,0]
[0,0,0]
[0,0,0]
[0,0,0]
[0,0,0]
[0,0,0]
[0,0,0]
[0,0,0]
[0,0,0]
[0,0,0]
[0,0,0]
[0,0,0]
[0,0,0]
[0,0,0]
[0,0,0]
[0,0,0]
[0,0,0]
[0,0,0]
[0,0,0]
[0,0,0]
[0,0,0]
[0,0,0]
[0,0,0]
[0,0,0]
[0,0,0]
[0,0,0]
[0,0,0]
[0,0,0]
[0,0,0]
[0,0,0]
[0,0,0]
[0,0,0]
[0,0,0]
[0,0,0]
[0,0,0]
[0,0,0]
[0,0,0]
[0,0,0]
[0,0,0]
[0,0,0]
[0,0,0]
[0,0,0]
[0,0,0]
[0,0,0]
[0,0,0]
[0,0,0]
[0,0,0]
[0,0,0]
[0,0,0]
[0,0,0]
[0,0,0]
[0,0,0]
[0,0,0]
[0,0,0]
[0,0,0]
[0,0,0]
[0,0,0]
[0,0,0]
[0,0,0]
[0,0,0]
[0,0,0]
[0,0,0]
[0,0,0]
[0,0,0]
[0,0,0]
[0,0,0]
[0,0,0]
[0,0,0]
[0,0,0]
[0,0,0]
[0,0,0]
[0,0,0]
[0,0,0]
[0,0,0]
[0,0,0]
[0,0,0]
[0,0,0]
[0,0,0]
[0,0,0]
[0,0,0]
[0,0,0]
[0,0,0]
[0,0,0]
[0,0,0]
[0,0,0]
[0,0,0]
[0,0,0]
[0,0,0]
[0,0,0]
[0,0,0]
[0,0,0]
[0,0,0]
[0,0,0]
[0,0,0]
[0,0,0]
[0,0,0]
[0,0,0]
[0,0,0]
[0,0,0]
[0,0,0]
[0,0,0]
[0,0,0]
[0,0,0]
[0,0,0]
[0,0,0]
[0,0,0]
[0,0,0]
[0,0,0]
[0,0,0]
[0,0,0]
[0,0,0]
[0,0,0]
[0,0,0]
[0,0,0]
[0,0,0]
[0,0,0]
[0,0,0]
[0,0,0]
[0,0,0]
[0,0,0]
[0,0,0]
[0,0,0]
[0,0,0]
[0,0,0]
[0,0,0]
[0,0,0]
[0,0,0]
[0,0,0]
[0,0,0]
[0,0,0]
[0,0,0]
[0,0,0]
[0,0,0]
[0,0,0]
[0,0,0]
[0,0,0]
[0,0,0]
[0,0,0]
[0,0,0]
[0,0,0]
[0,0,0]
[0,0,0]
[0,0,0]
[0,0,0]
[0,0,0]
[0,0,0]
[0,0,0]
[0,0,0]
[0,0,0]
[0,0,0]
[0,0,0]
[0,0,0]
[0,0,0]
[0,0,0]
[0,0,0]
[0,0,0]
[0,0,0]
[0,0,0]
[0,0,0]
[0,0,0]
[0,0,0]
[0,0,0]
[0,0,0]
[0,0,0]
[0,0,0]
[0,0,0]
[0,0,0]
[0,0,0]
[0,0,0]
[0,0,0]
[0,0,0]
[0,0,0]
[0,0,0]
[0,0,0]
[0,0,0]
[0,0,0]
[0,0,0]
[0,0,0]
[0,0,0]
[0,0,0]
[0,0,0]
[0,0,0]
[0,0,0]
[0,0,0]
[0,0,0]
[0,0,0]
[0,0,0]
[0,0,0]
[0,0,0]
[0,0,0]
[0,0,0]
[0,0,0]
[0,0,0]
[0,0,0]
[0,0,0]
[0,0,0]
[0,0,0]
[0,0,0]
[0,0,0]
[0,0,0]
[0,0,0]
[0,0,0]
[0,0,0]
[0,0,0]
[0,0,0]
[0,0,0]
[0,0,0]
[0,0,0]
[0,0,0]
[0,0,0]
[0,0,0]
[0,0,0]
[0,0,0]
[0,0,0]
[0,0,0]
[0,0,0]
[0,0,0]
[0,0,0]
[0,0,0]
[0,0,0]
[0,0,0]
[0,0,0]
[0,0,0]
[0,0,0]
[0,0,0]
[0,0,0]
[0,0,0]
[0,0,0]
[0,0,0]
[0,0,0]
[0,0,0]
[0,0,0]
[0,0,0]
[0,0,0]
[0,0,0]
[0,0,0]
[0,0,0]
[0,0,0]
[0,0,0]
[0,0,0]
[0,0,0]
[0,0,0]
[0,0,0]
[0,0,0]
[0,0,0]
[0,0,0]
[0,0,0]
[0,0,0]
[0,0,0]
[0,0,0]
[0,0,0]
[0,0,0]
[0,0,0]
[0,0,0]
[0,0,0]
[0,0,0]
[0,0,0]
[0,0,0]
[0,0,0]
[0,0,0]
[0,0,0]
[0,0,0]
[0,0,0]
[0,0,0]
[0,0,0]
[0,0,0]
[0,0,0]
[0,0,0]
[0,0,0]
[0,0,0]
[0,0,0]
[0,0,0]
[0,0,0]
[0,0,0]
[0,0,0]
[0,0,0]
[0,0,0]
[0,0,0]
[0,0,0]
[0,0,0]
[0,0,0]
[0,0,0]
[0,0,0]
[0,0,0]
[0,0,0]
[0,0,0]
[0,0,0]
[0,0,0]
[0,0,0]
[0,0,0]
[0,0,0]
[0,0,0]
[0,0,0]
[0,0,0]
[0,0,0]
[0,0,0]
[0,0,0]
[0,0,0]
[0,0,0]
[0,0,0]
[0,0,0]
[0,0,0]
[0,0,0]
[0,0,0]
[0,0,0]
[0,0,0]
[0,0,0]
[0,0,0]
[0,0,0]
[0,0,0]
[0,0,0]
[0,0,0]
[0,0,0]
[0,0,0]
[0,0,0]
[0,0,0]
[0,0,0]
[0,0,0]
[0,0,0]
[0,0,0]
[0,0,0]
[0,0,0]
[0,0,0]
[0,0,0]
[0,0,0]
[0,0,0]
[0,0,0]
[0,0,0]
[0,0,0]
[0,0,0]
[0,0,0]
[0,0,0]
[0,0,0]
[0,0,0]
[0,0,0]
[0,0,0]
[0,0,0]
[0,0,0]
[0,0,0]
[0,0,0]
[0,0,0]
[0,0,0]
[0,0,0]
[0,0,0]
[0,0,0]
[0,0,0]
[0,0,0]
[0,0,0]
[0,0,0]
[0,0,0]
[0,0,0]
