452
30
[-193.2701416015625, -411.03704833984375, 2108.754638671875]
[-187.65667724609375, -404.1487731933594, 2104.009033203125]
[-178.38665771484375, -400.60662841796875, 2110.18017578125]
[-174.77737426757812, -398.65875244140625, 2110.111572265625]
[-169.118408203125, -398.4125061035156, 2116.827392578125]
[-166.21401977539062, -398.4906005859375, 2118.55712890625]
[-163.0993194580078, -399.57952880859375, 2118.896484375]
[-154.46250915527344, -402.35345458984375, 2122.213134765625]
[-147.6382598876953, -399.0226135253906, 2116.8203125]
[-142.23109436035156, -396.7039489746094, 2114.55419921875]
[-138.68576049804688, -395.8446960449219, 2114.47705078125]
[-138.6690673828125, -395.3554382324219, 2114.84814453125]
[-135.91526794433594, -394.5391845703125, 2114.949462890625]
[-134.7296905517578, -394.9677429199219, 2114.625244140625]
[-133.51353454589844, -395.3192138671875, 2112.7734375]
[-133.3489532470703, -397.65057373046875, 2123.517333984375]
[-131.595703125, -395.13970947265625, 2118.159423828125]
[-129.2952880859375, -393.5784606933594, 2118.713623046875]
[-127.96318817138672, -393.1608581542969, 2118.668212890625]
[-124.21656799316406, -394.8625793457031, 2127.66650390625]
[-119.79341125488281, -389.48968505859375, 2121.994140625]
[-118.1201171875, -390.0062255859375, 2121.52783203125]
[-117.99015045166016, -390.8031005859375, 2121.258544921875]
[-118.80859375, -392.83782958984375, 2123.7431640625]
[-118.78457641601562, -391.86651611328125, 2120.826904296875]
[-118.81685638427734, -392.19610595703125, 2120.179443359375]
[-119.52860260009766, -392.40814208984375, 2118.8603515625]
[-118.86572265625, -394.37506103515625, 2118.92041015625]
[-120.55987548828125, -397.5101013183594, 2121.831787109375]
[-119.99877166748047, -394.3616638183594, 2114.94970703125]
[-120.13594055175781, -394.7625427246094, 2115.068359375]
[-120.27606964111328, -394.7751770019531, 2114.633544921875]
[-120.50545501708984, -394.70806884765625, 2113.67578125]
[-123.24031066894531, -397.1904296875, 2104.905029296875]
[-126.44738006591797, -403.4251708984375, 2105.570556640625]
[-130.91171264648438, -405.64788818359375, 2104.470703125]
[-130.86947631835938, -405.7081604003906, 2104.453125]
[-148.68399047851562, -412.2386474609375, 2107.537841796875]
[-185.7866973876953, -433.869140625, 2095.498779296875]
[-198.24026489257812, -453.11492919921875, 2096.277587890625]
[-234.55897521972656, -501.4097595214844, 2063.57177734375]
[-279.20245361328125, -539.6673583984375, 2021.6309814453125]
[-270.77166748046875, -539.6480712890625, 2005.9251708984375]
[-314.3598327636719, -616.3480224609375, 1953.0712890625]
[-333.2102355957031, -658.645263671875, 1962.6043701171875]
[-347.9908142089844, -687.0427856445312, 1959.6275634765625]
[-353.51837158203125, -695.5647583007812, 1899.0313720703125]
[-355.80487060546875, -699.8724975585938, 1856.7481689453125]
[-368.4445495605469, -676.028076171875, 1836.6702880859375]
[-370.75836181640625, -651.1979370117188, 1812.0218505859375]
[-369.94659423828125, -603.989990234375, 1781.31982421875]
[-356.75543212890625, -563.3448486328125, 1754.76220703125]
[-348.9008483886719, -526.8250732421875, 1733.7120361328125]
[-327.5688781738281, -487.1709899902344, 1722.9144287109375]
[-320.87725830078125, -472.27679443359375, 1717.42919921875]
[-303.8373107910156, -468.3345031738281, 1699.7373046875]
[-294.41729736328125, -504.84234619140625, 1626.701416015625]
[-269.90301513671875, -540.4961547851562, 1575.420654296875]
[-262.5784912109375, -575.9197998046875, 1545.73291015625]
[-248.82769775390625, -602.48681640625, 1525.48388671875]
[-263.8080749511719, -603.18603515625, 1527.34716796875]
[-269.0787048339844, -604.3499755859375, 1526.640380859375]
[-269.5305480957031, -600.8181762695312, 1529.2427978515625]
[-270.0306701660156, -591.8538208007812, 1518.728515625]
[-257.7938537597656, -567.5380249023438, 1522.67626953125]
[-280.51873779296875, -544.6249389648438, 1563.887939453125]
[-299.41400146484375, -493.9212646484375, 1647.9451904296875]
[-275.6125183105469, -443.91021728515625, 1743.128662109375]
[-279.63299560546875, -412.5365905761719, 1864.970458984375]
[-259.8236999511719, -401.5765686035156, 1959.2296142578125]
[-189.94943237304688, -376.08843994140625, 2025.520751953125]
[-142.60720825195312, -383.87847900390625, 2062.26171875]
[-119.02213287353516, -398.4330749511719, 2082.748046875]
[-99.84626770019531, -403.6831359863281, 2096.45068359375]
[-65.87400817871094, -469.0998840332031, 2170.21484375]
[-65.37582397460938, -488.89404296875, 2175.05615234375]
[-59.7960090637207, -494.2923278808594, 2174.076171875]
[-72.88506317138672, -512.3477172851562, 2198.078857421875]
[-95.06407165527344, -517.8909301757812, 2201.160888671875]
[-126.17913055419922, -515.7162475585938, 2184.752685546875]
[-146.6808624267578, -508.9856262207031, 2172.218505859375]
[-161.9763641357422, -504.45782470703125, 2149.24609375]
[-162.71432495117188, -503.4750671386719, 2139.001953125]
[-145.46615600585938, -476.7349853515625, 2103.176513671875]
[-117.98643493652344, -443.67193603515625, 2093.134521484375]
[-107.26802825927734, -421.6529235839844, 2078.649169921875]
[-83.74223327636719, -386.3933410644531, 2089.155517578125]
[-68.12606048583984, -385.03497314453125, 2092.9833984375]
[-32.95564651489258, -346.16949462890625, 2103.80126953125]
[-2.5047435760498047, -340.53997802734375, 2115.984130859375]
[70.28170013427734, -350.7844543457031, 2139.04833984375]
[64.32735443115234, -346.6745910644531, 2123.10205078125]
[109.95603942871094, -357.070068359375, 2117.5068359375]
[138.3204803466797, -409.156982421875, 2135.699951171875]
[100.29977416992188, -399.7542419433594, 2113.8984375]
[105.27299499511719, -407.68975830078125, 2111.24169921875]
[86.08916473388672, -417.3024597167969, 2103.718505859375]
[334.0592956542969, -466.3575439453125, 2030.3192138671875]
[387.7008056640625, -488.17022705078125, 2036.683349609375]
[427.05072021484375, -484.02911376953125, 2010.4935302734375]
[443.0348205566406, -461.46337890625, 1966.3912353515625]
[431.7103576660156, -415.9677734375, 1934.0322265625]
[441.5908508300781, -391.75152587890625, 1889.49267578125]
[432.4270324707031, -371.8299560546875, 1864.2957763671875]
[433.2715148925781, -368.9932861328125, 1848.609375]
[466.5382995605469, -381.03155517578125, 1826.9061279296875]
[498.5267639160156, -417.3564453125, 1813.4722900390625]
[525.733154296875, -441.3058166503906, 1801.623291015625]
[548.919677734375, -461.8214416503906, 1793.220703125]
[566.8956909179688, -470.11761474609375, 1784.0771484375]
[587.2885131835938, -479.802978515625, 1782.1688232421875]
[600.510498046875, -478.59710693359375, 1785.7060546875]
[598.1988525390625, -464.1673583984375, 1804.6337890625]
[588.6776733398438, -441.2164611816406, 1827.5130615234375]
[562.666259765625, -409.47174072265625, 1855.7164306640625]
[519.6051635742188, -389.6046142578125, 1889.45458984375]
[458.19610595703125, -347.50653076171875, 1878.9200439453125]
[455.8837890625, -354.0730285644531, 1950.8594970703125]
[432.5599670410156, -351.7095947265625, 1983.816650390625]
[407.3981628417969, -350.4395446777344, 1991.9207763671875]
[388.5542297363281, -349.35479736328125, 1998.228759765625]
[342.9867248535156, -359.43267822265625, 2013.660888671875]
[324.4671325683594, -376.4429931640625, 2041.3470458984375]
[177.79052734375, -425.49835205078125, 2067.57177734375]
[117.01271057128906, -462.9305114746094, 2079.3037109375]
[89.56629180908203, -456.380859375, 2065.511962890625]
[70.37442779541016, -450.6988220214844, 2072.137939453125]
[72.29734802246094, -431.5035705566406, 2061.80126953125]
[184.88043212890625, -423.9943542480469, 2081.438720703125]
[188.36224365234375, -423.586181640625, 2038.9552001953125]
[153.61912536621094, -413.1201477050781, 2055.036376953125]
[123.12723541259766, -408.1910705566406, 2046.811767578125]
[76.91966247558594, -422.9408874511719, 2071.5078125]
[37.89738464355469, -436.3801574707031, 2075.775146484375]
[7.594358444213867, -453.4595947265625, 2077.247314453125]
[-15.921037673950195, -471.08251953125, 2072.3076171875]
[-47.7500114440918, -458.09991455078125, 2046.873779296875]
[-82.85403442382812, -455.86376953125, 2013.080810546875]
[-108.3771743774414, -485.2082214355469, 2029.52978515625]
[-137.5767364501953, -520.8036499023438, 2037.772705078125]
[-150.5863494873047, -545.1078491210938, 2048.1220703125]
[-203.5167236328125, -567.5716552734375, 2027.7147216796875]
[-236.7719268798828, -565.606689453125, 2020.82421875]
[-285.9825134277344, -548.3796997070312, 1972.6318359375]
[-308.93572998046875, -516.4580078125, 1921.2418212890625]
[-353.49853515625, -502.1280517578125, 1910.2860107421875]
[-367.7514343261719, -467.6114196777344, 1842.4290771484375]
[-374.17938232421875, -448.8598327636719, 1817.003662109375]
[-377.9289855957031, -449.376220703125, 1728.2445068359375]
[-390.4181213378906, -461.10150146484375, 1679.470947265625]
[-372.1446838378906, -468.9295959472656, 1618.52294921875]
[-363.0911560058594, -490.3888244628906, 1555.666259765625]
[-354.96832275390625, -514.2571411132812, 1518.5260009765625]
[-328.14105224609375, -538.8460693359375, 1462.17578125]
[-316.3793640136719, -543.1488037109375, 1425.5269775390625]
[-310.9216613769531, -541.3065795898438, 1409.1666259765625]
[-320.82275390625, -536.8797607421875, 1402.72802734375]
[-340.9068908691406, -532.12548828125, 1417.6639404296875]
[-358.5271301269531, -494.1778869628906, 1438.799560546875]
[-369.5691223144531, -463.5020446777344, 1464.0855712890625]
[-381.5195007324219, -434.7370300292969, 1478.2864990234375]
[-401.79888916015625, -418.7626037597656, 1502.1490478515625]
[-411.5296630859375, -392.15985107421875, 1531.40869140625]
[-411.31787109375, -355.33831787109375, 1571.7694091796875]
[-418.71697998046875, -343.85980224609375, 1604.381103515625]
[-426.091796875, -364.2889709472656, 1650.879150390625]
[-417.9752197265625, -369.4790344238281, 1673.2674560546875]
[-422.39471435546875, -390.973388671875, 1684.629150390625]
[-427.8740234375, -403.1894226074219, 1696.271728515625]
[-434.3919372558594, -423.61688232421875, 1699.94482421875]
[-447.6683654785156, -439.0846252441406, 1700.965087890625]
[-461.6148986816406, -447.04437255859375, 1695.49658203125]
[-480.3031311035156, -441.36065673828125, 1670.397705078125]
[-511.0185241699219, -437.6065673828125, 1618.852294921875]
[-523.0466918945312, -412.399169921875, 1566.1512451171875]
[-530.861083984375, -409.55401611328125, 1537.929443359375]
[-537.8909301757812, -384.2272033691406, 1459.149169921875]
[-524.9395751953125, -379.845947265625, 1373.4520263671875]
[-511.6764221191406, -383.2593688964844, 1326.5035400390625]
[-491.7882080078125, -373.6333923339844, 1304.927978515625]
[-498.2547912597656, -388.88067626953125, 1291.2979736328125]
[-491.8733825683594, -395.0809326171875, 1269.810791015625]
[-491.243408203125, -414.26611328125, 1249.3974609375]
[-489.3614501953125, -416.6177062988281, 1225.3319091796875]
[-481.8835144042969, -414.8988952636719, 1227.0064697265625]
[-486.9252624511719, -430.1426696777344, 1227.9339599609375]
[-500.86474609375, -441.3592224121094, 1271.517822265625]
[-516.85205078125, -454.66571044921875, 1306.4322509765625]
[-520.6468505859375, -439.1610107421875, 1338.9691162109375]
[-524.7830200195312, -414.59716796875, 1413.682373046875]
[-516.9957885742188, -402.4945983886719, 1464.6212158203125]
[-499.967529296875, -392.33905029296875, 1526.406494140625]
[-475.4391784667969, -380.3304443359375, 1582.4947509765625]
[-446.3694152832031, -376.5516357421875, 1608.8636474609375]
[-418.39349365234375, -368.3275146484375, 1638.7193603515625]
[-389.0719299316406, -360.4469909667969, 1662.18310546875]
[-371.2982482910156, -348.1953125, 1686.2412109375]
[-362.9577331542969, -343.0471496582031, 1698.8690185546875]
[-355.5461730957031, -348.60882568359375, 1721.1058349609375]
[-347.1955871582031, -370.8147277832031, 1751.3675537109375]
[-340.2027893066406, -392.8524475097656, 1781.3489990234375]
[-341.0207824707031, -406.50567626953125, 1804.424560546875]
[-340.3656005859375, -426.87249755859375, 1831.9913330078125]
[-341.8829345703125, -443.1072692871094, 1854.5908203125]
[-338.7505187988281, -458.11602783203125, 1880.20703125]
[-330.7009582519531, -458.2806396484375, 1908.698974609375]
[-327.030029296875, -457.2581481933594, 1924.4173583984375]
[-319.6473083496094, -444.72528076171875, 1955.332275390625]
[-314.3476867675781, -437.6711120605469, 1966.67236328125]
[-308.39556884765625, -422.06365966796875, 1983.2420654296875]
[-298.0306091308594, -406.9230041503906, 1997.6480712890625]
[-287.2581787109375, -387.8875427246094, 2016.50830078125]
[-268.4468994140625, -376.156982421875, 2043.6348876953125]
[-232.19583129882812, -375.85546875, 2080.180419921875]
[-218.51348876953125, -388.4609375, 2108.6396484375]
[-211.59075927734375, -424.8554382324219, 2139.775390625]
[-195.05288696289062, -465.10498046875, 2171.448486328125]
[-166.9556427001953, -495.1689758300781, 2192.78271484375]
[-167.44447326660156, -511.7044372558594, 2202.84423828125]
[-159.9833984375, -516.6798706054688, 2214.943115234375]
[-147.52804565429688, -500.3423767089844, 2224.766845703125]
[-127.70327758789062, -464.0372619628906, 2220.20654296875]
[-119.35358428955078, -457.5567932128906, 2224.938232421875]
[-115.11473846435547, -437.988037109375, 2219.668212890625]
[-110.29547119140625, -419.6309509277344, 2224.5322265625]
[-106.22012329101562, -416.53643798828125, 2223.770751953125]
[-105.35932159423828, -416.1456604003906, 2224.68505859375]
[-107.30863952636719, -414.4747619628906, 2221.254638671875]
[-118.01202392578125, -421.2124938964844, 2212.01220703125]
[-134.94810485839844, -429.50372314453125, 2203.663818359375]
[-151.1256561279297, -457.3348693847656, 2176.31005859375]
[-182.86990356445312, -497.5752258300781, 2161.843994140625]
[-187.40013122558594, -534.4580078125, 2138.19287109375]
[-212.42044067382812, -568.0170288085938, 2113.5478515625]
[-243.68035888671875, -612.5596923828125, 2086.433349609375]
[-244.40139770507812, -638.8604736328125, 2052.1162109375]
[-244.4952850341797, -638.9629516601562, 2023.7786865234375]
[-248.33026123046875, -629.1116333007812, 2005.5419921875]
[-243.18423461914062, -597.11376953125, 1991.433837890625]
[-249.93701171875, -575.338623046875, 2009.286865234375]
[-238.10348510742188, -503.2298583984375, 2014.20068359375]
[-223.35638427734375, -460.6820068359375, 2034.035888671875]
[-209.03497314453125, -424.184326171875, 2055.849365234375]
[-197.1960906982422, -393.4327392578125, 2096.641845703125]
[-139.704345703125, -330.5840148925781, 2168.22509765625]
[-132.19773864746094, -307.6722412109375, 2134.538330078125]
[-127.8620376586914, -289.6545715332031, 2175.308837890625]
[-125.47522735595703, -271.8703918457031, 2181.227783203125]
[-113.84718322753906, -265.7379455566406, 2177.3701171875]
[-114.44403076171875, -235.74664306640625, 2168.24462890625]
[-129.67562866210938, -197.5602264404297, 2176.02490234375]
[-125.42704010009766, -157.82943725585938, 2191.91796875]
[-126.79228210449219, -126.5363998413086, 2185.689697265625]
[-119.24752807617188, -87.6703109741211, 2189.552490234375]
[-117.09777069091797, -67.23538208007812, 2181.63525390625]
[-112.1407470703125, -54.63396072387695, 2167.37646484375]
[-115.25993347167969, -43.89861297607422, 2154.375]
[-119.56178283691406, -49.698143005371094, 2136.491943359375]
[-119.7716293334961, -51.303924560546875, 2112.316650390625]
[-126.04768371582031, -68.28117370605469, 2069.3779296875]
[-135.6374053955078, -91.0250244140625, 2035.392822265625]
[-149.7537841796875, -137.28758239746094, 1988.765625]
[-142.58677673339844, -189.9137725830078, 1960.675537109375]
[-140.96739196777344, -262.66278076171875, 1937.65185546875]
[-140.88128662109375, -339.141845703125, 1907.2518310546875]
[-132.52574157714844, -414.7876281738281, 1882.5059814453125]
[-135.25546264648438, -498.1842041015625, 1884.1077880859375]
[-145.49497985839844, -550.5067749023438, 1887.21728515625]
[-155.2996063232422, -608.8750610351562, 1893.4298095703125]
[-154.40640258789062, -639.0875854492188, 1864.927490234375]
[-160.00070190429688, -658.685302734375, 1905.6162109375]
[-176.24620056152344, -657.475830078125, 1933.2100830078125]
[-177.77955627441406, -655.705322265625, 1924.90673828125]
[-187.40367126464844, -634.2025756835938, 1937.091796875]
[-174.31936645507812, -606.1524047851562, 1965.21923828125]
[-163.4915771484375, -529.7277221679688, 2013.508544921875]
[-149.44827270507812, -484.77398681640625, 2029.54150390625]
[-135.48255920410156, -454.41253662109375, 2060.996826171875]
[-102.25114440917969, -408.4130554199219, 2082.41796875]
[-89.88211059570312, -394.8744201660156, 2123.818603515625]
[-76.63417053222656, -403.13946533203125, 2134.865478515625]
[-80.65907287597656, -403.13494873046875, 2133.033447265625]
[-89.74988555908203, -402.8700866699219, 2121.953125]
[-101.4882583618164, -412.9873962402344, 2108.340087890625]
[-109.53751373291016, -404.2360534667969, 2072.372314453125]
[-134.475830078125, -410.7161865234375, 2031.951416015625]
[-134.97129821777344, -403.8057556152344, 1985.733642578125]
[-153.1873321533203, -400.9344177246094, 1950.42041015625]
[-169.15789794921875, -380.97064208984375, 1902.5333251953125]
[-181.06613159179688, -385.7279052734375, 1862.107666015625]
[-186.85948181152344, -383.207275390625, 1825.0428466796875]
[-189.43601989746094, -386.5590515136719, 1788.23046875]
[-196.44252014160156, -394.1521911621094, 1739.0546875]
[-203.5720977783203, -410.4292297363281, 1687.4185791015625]
[-209.94766235351562, -420.32623291015625, 1661.89453125]
[-235.22308349609375, -446.175537109375, 1633.1241455078125]
[-240.65835571289062, -459.80889892578125, 1603.6551513671875]
[-265.3208923339844, -497.58355712890625, 1593.4468994140625]
[-273.17022705078125, -504.2228698730469, 1591.2860107421875]
[-284.39666748046875, -504.2080383300781, 1607.449951171875]
[-299.6690979003906, -499.35284423828125, 1645.590087890625]
[-287.5866394042969, -477.0777893066406, 1690.645751953125]
[-251.4173126220703, -440.5329284667969, 1714.020263671875]
[-188.23568725585938, -393.39984130859375, 1718.037841796875]
[-125.95018768310547, -368.3762512207031, 1732.997314453125]
[-95.22547149658203, -360.53302001953125, 1719.7703857421875]
[-88.73040008544922, -368.7738037109375, 1731.7821044921875]
[-113.41220092773438, -397.59637451171875, 1743.20263671875]
[-120.57746124267578, -422.2191467285156, 1748.7314453125]
[-123.19505310058594, -437.13623046875, 1747.7828369140625]
[-128.52438354492188, -448.1877746582031, 1741.4837646484375]
[-142.57603454589844, -462.5872802734375, 1733.5380859375]
[-149.2247314453125, -472.5122375488281, 1726.880126953125]
[-185.73219299316406, -488.91180419921875, 1711.572509765625]
[-204.23606872558594, -500.3317565917969, 1707.5980224609375]
[-218.87864685058594, -512.8461303710938, 1690.5875244140625]
[-243.60153198242188, -524.4832763671875, 1666.18994140625]
[-256.5014343261719, -529.8892822265625, 1642.676513671875]
[-265.13568115234375, -529.2906494140625, 1624.293701171875]
[-263.4676208496094, -521.7904052734375, 1610.72509765625]
[-251.17079162597656, -499.8788146972656, 1588.5821533203125]
[-235.3804931640625, -477.1437683105469, 1594.6231689453125]
[-216.2510223388672, -447.4016418457031, 1590.178466796875]
[-176.5557861328125, -418.9043884277344, 1659.2821044921875]
[-178.0791015625, -414.5137023925781, 1666.402587890625]
[-162.66697692871094, -378.34539794921875, 1718.28173828125]
[-59.01844024658203, -314.30511474609375, 1660.9521484375]
[-44.94390106201172, -329.76220703125, 1709.2325439453125]
[-5.07266092300415, -327.84063720703125, 1707.055908203125]
[-36.26054382324219, -350.30291748046875, 1749.718505859375]
[-67.81443786621094, -373.9495849609375, 1760.669921875]
[-73.50270080566406, -392.1328125, 1762.293701171875]
[-59.1507453918457, -402.0014953613281, 1781.607421875]
[-25.104751586914062, -402.7963562011719, 1724.1136474609375]
[-35.194942474365234, -422.9912414550781, 1766.2908935546875]
[-31.929359436035156, -411.73736572265625, 1690.690673828125]
[-63.82178497314453, -443.0004577636719, 1749.2542724609375]
[-41.111045837402344, -422.0675964355469, 1707.2474365234375]
[90.30815887451172, -382.9821472167969, 1635.5584716796875]
[105.35657501220703, -356.9986267089844, 1572.5936279296875]
[71.77421569824219, -338.0635986328125, 1534.68115234375]
[67.14393615722656, -313.812744140625, 1524.134033203125]
[67.96240997314453, -311.8203430175781, 1523.47265625]
[79.1399154663086, -315.2537841796875, 1550.5223388671875]
[111.7914810180664, -332.5000915527344, 1553.287841796875]
[148.98838806152344, -338.7253723144531, 1546.4964599609375]
[198.21617126464844, -362.78680419921875, 1536.458251953125]
[214.3061981201172, -376.5016784667969, 1510.1649169921875]
[222.4893341064453, -384.80267333984375, 1477.0826416015625]
[259.8420104980469, -427.0687561035156, 1424.586181640625]
[259.136962890625, -448.0903625488281, 1393.416259765625]
[111.96949768066406, -391.42926025390625, 1356.7498779296875]
[108.66677856445312, -403.2481994628906, 1313.7449951171875]
[102.12651062011719, -422.1004638671875, 1291.7259521484375]
[78.53506469726562, -435.14056396484375, 1274.025390625]
[53.07459259033203, -440.23406982421875, 1273.502197265625]
[21.711200714111328, -434.8200378417969, 1277.1591796875]
[4.30242919921875, -410.57611083984375, 1284.0693359375]
[-20.356815338134766, -392.915771484375, 1301.6318359375]
[-32.490562438964844, -381.0303039550781, 1324.7725830078125]
[-50.956119537353516, -366.25958251953125, 1347.7117919921875]
[-59.832088470458984, -365.78778076171875, 1384.6136474609375]
[-63.59062194824219, -372.86334228515625, 1407.1522216796875]
[-83.85987854003906, -380.2857360839844, 1431.18603515625]
[-106.16944885253906, -396.1491394042969, 1446.3135986328125]
[-122.38288879394531, -414.0054931640625, 1463.260498046875]
[-133.94186401367188, -424.92242431640625, 1483.4134521484375]
[-130.84385681152344, -428.8857727050781, 1494.6875]
[-136.62994384765625, -436.0389709472656, 1511.7691650390625]
[-152.34750366210938, -438.21759033203125, 1539.30615234375]
[-172.8531494140625, -439.46923828125, 1571.704833984375]
[-197.45208740234375, -438.06378173828125, 1607.156982421875]
[-218.85122680664062, -429.22265625, 1650.7991943359375]
[-245.100341796875, -433.85797119140625, 1707.703125]
[-255.72389221191406, -423.4776916503906, 1773.368408203125]
[-250.1288604736328, -425.7913818359375, 1832.3677978515625]
[-218.58421325683594, -414.1507568359375, 1884.5682373046875]
[-199.94131469726562, -416.9919128417969, 1937.6253662109375]
[-173.09161376953125, -432.8787536621094, 2010.0205078125]
[-160.5642547607422, -429.5163879394531, 2015.4884033203125]
[-156.68740844726562, -446.19195556640625, 2051.531494140625]
[-156.5196533203125, -461.2491149902344, 2056.9228515625]
[-145.37457275390625, -461.0914001464844, 2064.532958984375]
[-148.450439453125, -468.2586669921875, 2071.215087890625]
[-147.72463989257812, -472.520263671875, 2081.138427734375]
[-144.10443115234375, -478.66766357421875, 2094.470458984375]
[-144.25137329101562, -477.4055480957031, 2107.9794921875]
[-143.5104522705078, -479.5445861816406, 2122.40625]
[-146.72763061523438, -478.9207458496094, 2130.907470703125]
[-155.80616760253906, -473.7284240722656, 2136.804931640625]
[-165.5895538330078, -473.68450927734375, 2135.791259765625]
[-183.21243286132812, -470.143798828125, 2124.0703125]
[-195.95480346679688, -463.7076110839844, 2104.29736328125]
[-204.62509155273438, -455.4125061035156, 2085.648193359375]
[-215.46923828125, -441.83831787109375, 2056.66015625]
[-214.73336791992188, -426.079833984375, 2035.4761962890625]
[-205.47239685058594, -417.6355285644531, 2032.3648681640625]
[-200.13841247558594, -403.092041015625, 2040.7987060546875]
[-188.40896606445312, -393.5079345703125, 2050.574462890625]
[-172.52845764160156, -385.3712158203125, 2073.3564453125]
[-153.41436767578125, -393.43359375, 2095.140380859375]
[-148.9395751953125, -393.5879821777344, 2105.664794921875]
[-141.45619201660156, -402.6214599609375, 2139.931884765625]
[-120.61194610595703, -403.853515625, 2175.62060546875]
[-110.35752868652344, -414.26275634765625, 2229.17041015625]
[-94.48727416992188, -426.7168884277344, 2279.47998046875]
[-77.45091247558594, -447.7412414550781, 2334.112060546875]
[-54.85200881958008, -469.0285949707031, 2382.263427734375]
[-22.47791290283203, -474.461669921875, 2430.916259765625]
[4.774619102478027, -480.49505615234375, 2473.194091796875]
[29.09756088256836, -488.4018859863281, 2509.440673828125]
[45.18574523925781, -492.2328796386719, 2542.497314453125]
[76.31602478027344, -488.0023498535156, 2554.0537109375]
[89.41403198242188, -454.6874694824219, 2536.6328125]
[97.01372528076172, -451.7299499511719, 2531.6171875]
[92.36339569091797, -467.6326599121094, 2562.571533203125]
[93.2507553100586, -466.7901611328125, 2551.55224609375]
[100.02803802490234, -472.8959655761719, 2546.64892578125]
[102.4028549194336, -470.7059020996094, 2515.331298828125]
[88.76207733154297, -477.46337890625, 2518.130615234375]
[91.74234771728516, -473.4947204589844, 2501.189453125]
[70.82231140136719, -474.5848693847656, 2490.9921875]
[68.29374694824219, -467.2173156738281, 2470.021240234375]
[45.749202728271484, -478.4375305175781, 2474.342041015625]
[30.688661575317383, -468.5533447265625, 2448.8994140625]
[9.688041687011719, -442.7648010253906, 2406.091064453125]
[-7.3349289894104, -429.79107666015625, 2368.197998046875]
[-37.29141616821289, -408.22222900390625, 2319.578369140625]
[-72.6867446899414, -378.6669921875, 2264.66943359375]
[-95.9275131225586, -348.24322509765625, 2197.89892578125]
[-127.48149108886719, -319.616943359375, 2113.739501953125]
[-143.9457550048828, -308.3007507324219, 2051.62646484375]
[-150.43994140625, -309.3271789550781, 1968.4139404296875]
[-155.9085235595703, -322.0994567871094, 1903.4068603515625]
[-154.1168670654297, -337.18603515625, 1845.06298828125]
[-150.92111206054688, -354.8763427734375, 1771.888671875]
[-159.48316955566406, -350.400634765625, 1745.822021484375]
[-143.70004272460938, -373.69427490234375, 1692.9163818359375]
[-132.10916137695312, -381.2167053222656, 1654.3829345703125]
[-102.06991577148438, -410.291748046875, 1597.223876953125]
[-107.0547103881836, -413.47320556640625, 1569.0594482421875]
[-92.85345458984375, -413.0713806152344, 1550.495361328125]
[-87.1143569946289, -413.302734375, 1529.4718017578125]
[-75.85842895507812, -409.69610595703125, 1514.443115234375]
[-73.54527282714844, -394.2583923339844, 1514.6075439453125]
[-60.49195861816406, -377.0751953125, 1506.92919921875]
[-56.70051956176758, -364.5796203613281, 1510.822021484375]
[-56.885860443115234, -354.5833435058594, 1514.473388671875]
[-59.32597732543945, -348.1329040527344, 1515.1199951171875]
[-83.69707489013672, -343.2453918457031, 1519.501953125]
[-109.21956634521484, -341.0871887207031, 1519.5970458984375]
[-135.67274475097656, -346.5793762207031, 1516.7994384765625]
