452
12
[-193.2701416,1211.03704834,1108.75463867]
[-187.65667725,1204.14877319,1104.0090332]
[-178.38665771,1200.60662842,1110.18017578]
[-174.77737427,1198.65875244,1110.11157227]
[-169.1184082,1198.4125061,1116.82739258]
[-166.21401978,1198.49060059,1118.55712891]
[-163.09931946,1199.57952881,1118.89648438]
[-154.46250916,1202.35345459,1122.21313477]
[-147.63825989,1199.02261353,1116.8203125]
[-142.23109436,1196.70394897,1114.55419922]
[-138.6857605,1195.84469604,1114.47705078]
[-138.66906738,1195.35543823,1114.84814453]
[-135.91526794,1194.53918457,1114.94946289]
[-134.72969055,1194.96774292,1114.62524414]
[-133.51353455,1195.31921387,1112.7734375]
[-133.34895325,1197.65057373,1123.51733398]
[-131.59570312,1195.13970947,1118.15942383]
[-129.29528809,1193.57846069,1118.71362305]
[-127.96318817,1193.16085815,1118.66821289]
[-124.21656799,1194.86257935,1127.66650391]
[-119.79341125,1189.48968506,1121.99414062]
[-118.12011719,1190.00622559,1121.52783203]
[-117.99015045,1190.80310059,1121.25854492]
[-118.80859375,1192.83782959,1123.74316406]
[-118.78457642,1191.86651611,1120.8269043]
[-118.81685638,1192.19610596,1120.17944336]
[-119.5286026,1192.40814209,1118.86035156]
[-118.86572266,1194.37506104,1118.92041016]
[-120.55987549,1197.51010132,1121.83178711]
[-119.99877167,1194.36166382,1114.94970703]
[-120.13594055,1194.76254272,1115.06835938]
[-120.27606964,1194.775177,1114.63354492]
[-120.50545502,1194.70806885,1113.67578125]
[-123.24031067,1197.19042969,1104.9050293]
[-126.44738007,1203.4251709,1105.57055664]
[-130.91171265,1205.64788818,1104.47070312]
[-130.86947632,1205.7081604,1104.453125]
[-148.68399048,1212.23864746,1107.5378418]
[-185.78669739,1233.86914062,1095.4987793]
[-198.24026489,1253.1149292,1096.27758789]
[-234.55897522,1301.40975952,1063.57177734]
[-279.20245361,1339.6673584,1021.63098145]
[-270.77166748,1339.64807129,1005.9251709]
[-314.35983276,1416.34802246,953.07128906]
[-333.2102356,1458.64526367,962.60437012]
[-347.99081421,1487.04278564,959.62756348]
[-353.51837158,1495.5647583,899.03137207]
[-355.80487061,1499.87249756,856.74816895]
[-368.44454956,1476.02807617,836.67028809]
[-370.75836182,1451.19793701,812.02185059]
[-369.94659424,1403.98999023,781.31982422]
[-356.75543213,1363.34484863,754.76220703]
[-348.90084839,1326.82507324,733.71203613]
[-327.56887817,1287.17098999,722.91442871]
[-320.8772583,1272.27679443,717.42919922]
[-303.83731079,1268.33450317,699.73730469]
[-294.41729736,1304.84234619,626.70141602]
[-269.90301514,1340.49615479,575.4206543]
[-262.57849121,1375.9197998,545.73291016]
[-248.82769775,1402.48681641,525.48388672]
[-263.80807495,1403.18603516,527.34716797]
[-269.07870483,1404.34997559,526.64038086]
[-269.5305481,1400.81817627,529.24279785]
[-270.03067017,1391.8538208,518.72851562]
[-257.79385376,1367.5380249,522.67626953]
[-280.51873779,1344.62493896,563.88793945]
[-299.41400146,1293.92126465,647.94519043]
[-275.61251831,1243.91021729,743.12866211]
[-279.63299561,1212.53659058,864.97045898]
[-259.82369995,1201.5765686,959.22961426]
[-189.94943237,1176.08843994,1025.52075195]
[-142.60720825,1183.878479,1062.26171875]
[-119.02213287,1198.43307495,1082.74804688]
[-99.8462677,1203.68313599,1096.45068359]
[-65.87400818,1269.09988403,1170.21484375]
[-65.37582397,1288.89404297,1175.05615234]
[-59.79600906,1294.29232788,1174.07617188]
[-72.88506317,1312.34771729,1198.07885742]
[-95.06407166,1317.89093018,1201.16088867]
[-126.17913055,1315.71624756,1184.75268555]
[-146.68086243,1308.98562622,1172.21850586]
[-161.97636414,1304.45782471,1149.24609375]
[-162.71432495,1303.47506714,1139.00195312]
[-145.46615601,1276.73498535,1103.17651367]
[-117.98643494,1243.67193604,1093.13452148]
[-107.26802826,1221.65292358,1078.64916992]
[-83.74223328,1186.39334106,1089.15551758]
[-68.12606049,1185.03497314,1092.98339844]
[-32.95564651,1146.16949463,1103.80126953]
[-2.50474358,1140.53997803,1115.98413086]
[70.28170013,1150.78445435,1139.04833984]
[64.32735443,1146.67459106,1123.10205078]
[109.95603943,1157.07006836,1117.50683594]
[138.32048035,1209.15698242,1135.69995117]
[100.29977417,1199.75424194,1113.8984375]
[105.272995,1207.6897583,1111.24169922]
[86.08916473,1217.30245972,1103.71850586]
[334.05929565,1266.35754395,1030.31921387]
[387.70080566,1288.17022705,1036.68334961]
[427.05072021,1284.02911377,1010.49353027]
[443.03482056,1261.46337891,966.39123535]
[431.71035767,1215.96777344,934.03222656]
[441.59085083,1191.75152588,889.49267578]
[432.42703247,1171.82995605,864.29577637]
[433.27151489,1168.99328613,848.609375]
[466.53829956,1181.03155518,826.90612793]
[498.52676392,1217.35644531,813.47229004]
[525.7331543,1241.30581665,801.62329102]
[548.91967773,1261.82144165,793.22070312]
[566.89569092,1270.11761475,784.07714844]
[587.28851318,1279.80297852,782.16882324]
[600.51049805,1278.59710693,785.70605469]
[598.19885254,1264.1673584,804.63378906]
[588.67767334,1241.21646118,827.51306152]
[562.66625977,1209.47174072,855.71643066]
[519.60516357,1189.60461426,889.45458984]
[458.19610596,1147.50653076,878.92004395]
[455.88378906,1154.07302856,950.85949707]
[432.55996704,1151.70959473,983.81665039]
[407.39816284,1150.43954468,991.92077637]
[388.55422974,1149.35479736,998.22875977]
[342.98672485,1159.43267822,1013.66088867]
[324.46713257,1176.44299316,1041.3470459]
[177.79052734,1225.49835205,1067.57177734]
[117.01271057,1262.93051147,1079.30371094]
[89.56629181,1256.38085938,1065.51196289]
[70.3744278,1250.69882202,1072.13793945]
[72.29734802,1231.50357056,1061.80126953]
[184.88043213,1223.99435425,1081.4387207]
[188.36224365,1223.58618164,1038.9552002]
[153.61912537,1213.12014771,1055.03637695]
[123.12723541,1208.19107056,1046.81176758]
[76.91966248,1222.94088745,1071.5078125]
[37.89738464,1236.38015747,1075.77514648]
[7.59435844,1253.45959473,1077.24731445]
[-15.92103767,1271.08251953,1072.30761719]
[-47.75001144,1258.09991455,1046.8737793]
[-82.85403442,1255.86376953,1013.08081055]
[-108.37717438,1285.20822144,1029.52978516]
[-137.57673645,1320.8036499,1037.77270508]
[-150.58634949,1345.10784912,1048.12207031]
[-203.51672363,1367.57165527,1027.71472168]
[-236.77192688,1365.60668945,1020.82421875]
[-285.98251343,1348.37969971,972.63183594]
[-308.93572998,1316.45800781,921.24182129]
[-353.49853516,1302.12805176,910.28601074]
[-367.75143433,1267.61141968,842.42907715]
[-374.17938232,1248.85983276,817.00366211]
[-377.9289856,1249.3762207,728.24450684]
[-390.41812134,1261.10150146,679.47094727]
[-372.14468384,1268.92959595,618.52294922]
[-363.09115601,1290.38882446,555.66625977]
[-354.96832275,1314.25714111,518.52600098]
[-328.14105225,1338.84606934,462.17578125]
[-316.37936401,1343.14880371,425.52697754]
[-310.92166138,1341.30657959,409.16662598]
[-320.82275391,1336.87976074,402.72802734]
[-340.90689087,1332.12548828,417.66394043]
[-358.52713013,1294.17788696,438.79956055]
[-369.56912231,1263.50204468,464.08557129]
[-381.51950073,1234.73703003,478.28649902]
[-401.79888916,1218.76260376,502.14904785]
[-411.52966309,1192.15985107,531.40869141]
[-411.31787109,1155.33831787,571.76940918]
[-418.71697998,1143.85980225,604.38110352]
[-426.09179688,1164.28897095,650.87915039]
[-417.97521973,1169.47903442,673.26745605]
[-422.39471436,1190.97338867,684.62915039]
[-427.87402344,1203.18942261,696.27172852]
[-434.39193726,1223.61688232,699.94482422]
[-447.66836548,1239.08462524,700.96508789]
[-461.61489868,1247.04437256,695.49658203]
[-480.3031311,1241.36065674,670.39770508]
[-511.01852417,1237.60656738,618.85229492]
[-523.04669189,1212.39916992,566.15124512]
[-530.86108398,1209.55401611,537.92944336]
[-537.89093018,1184.22720337,459.14916992]
[-524.9395752,1179.84594727,373.45202637]
[-511.67642212,1183.2593689,326.50354004]
[-491.78820801,1173.63339233,304.92797852]
[-498.25479126,1188.88067627,291.29797363]
[-491.87338257,1195.08093262,269.81079102]
[-491.2434082,1214.26611328,249.39746094]
[-489.3614502,1216.6177063,225.33190918]
[-481.8835144,1214.89889526,227.00646973]
[-486.92526245,1230.14266968,227.93395996]
[-500.86474609,1241.35922241,271.51782227]
[-516.85205078,1254.66571045,306.43225098]
[-520.64685059,1239.16101074,338.96911621]
[-524.78302002,1214.59716797,413.68237305]
[-516.99578857,1202.49459839,464.62121582]
[-499.9675293,1192.33905029,526.40649414]
[-475.43917847,1180.33044434,582.49475098]
[-446.36941528,1176.55163574,608.86364746]
[-418.39349365,1168.32751465,638.71936035]
[-389.07192993,1160.44699097,662.18310547]
[-371.29824829,1148.1953125,686.24121094]
[-362.95773315,1143.04714966,698.86901855]
[-355.5461731,1148.60882568,721.10583496]
[-347.19558716,1170.81472778,751.36755371]
[-340.20278931,1192.85244751,781.34899902]
[-341.02078247,1206.50567627,804.42456055]
[-340.36560059,1226.87249756,831.99133301]
[-341.88293457,1243.10726929,854.59082031]
[-338.7505188,1258.11602783,880.20703125]
[-330.70095825,1258.28063965,908.69897461]
[-327.0300293,1257.25814819,924.4173584]
[-319.64730835,1244.72528076,955.33227539]
[-314.34768677,1237.67111206,966.67236328]
[-308.39556885,1222.06365967,983.24206543]
[-298.03060913,1206.92300415,997.64807129]
[-287.25817871,1187.88754272,1016.50830078]
[-268.44689941,1176.15698242,1043.6348877]
[-232.1958313,1175.85546875,1080.18041992]
[-218.51348877,1188.4609375,1108.63964844]
[-211.59075928,1224.85543823,1139.77539062]
[-195.05288696,1265.10498047,1171.44848633]
[-166.9556427,1295.16897583,1192.78271484]
[-167.44447327,1311.70443726,1202.84423828]
[-159.98339844,1316.67987061,1214.94311523]
[-147.52804565,1300.34237671,1224.7668457]
[-127.70327759,1264.03726196,1220.20654297]
[-119.35358429,1257.55679321,1224.93823242]
[-115.11473846,1237.98803711,1219.66821289]
[-110.29547119,1219.63095093,1224.53222656]
[-106.22012329,1216.53643799,1223.77075195]
[-105.35932159,1216.1456604,1224.68505859]
[-107.30863953,1214.47476196,1221.25463867]
[-118.01202393,1221.2124939,1212.01220703]
[-134.94810486,1229.50372314,1203.66381836]
[-151.12565613,1257.33486938,1176.31005859]
[-182.86990356,1297.57522583,1161.84399414]
[-187.40013123,1334.45800781,1138.19287109]
[-212.42044067,1368.01702881,1113.54785156]
[-243.68035889,1412.55969238,1086.43334961]
[-244.40139771,1438.86047363,1052.11621094]
[-244.49528503,1438.96295166,1023.77868652]
[-248.33026123,1429.1116333,1005.54199219]
[-243.18423462,1397.11376953,991.43383789]
[-249.93701172,1375.33862305,1009.28686523]
[-238.10348511,1303.2298584,1014.20068359]
[-223.35638428,1260.68200684,1034.03588867]
[-209.03497314,1224.18432617,1055.84936523]
[-197.1960907,1193.43273926,1096.6418457]
[-139.7043457,1130.58401489,1168.22509766]
[-132.19773865,1107.67224121,1134.53833008]
[-127.86203766,1089.65457153,1175.30883789]
[-125.47522736,1071.87039185,1181.2277832]
[-113.84718323,1065.73794556,1177.37011719]
[-114.44403076,1035.74664307,1168.24462891]
[-129.67562866,997.56022644,1176.02490234]
[-125.4270401,957.82943726,1191.91796875]
[-126.7922821,926.53639984,1185.68969727]
[-119.24752808,887.67031097,1189.55249023]
[-117.09777069,867.23538208,1181.63525391]
[-112.14074707,854.63396072,1167.37646484]
[-115.25993347,843.89861298,1154.375]
[-119.56178284,849.69814301,1136.49194336]
[-119.77162933,851.30392456,1112.31665039]
[-126.04768372,868.28117371,1069.37792969]
[-135.6374054,891.02502441,1035.39282227]
[-149.75378418,937.2875824,988.765625]
[-142.58677673,989.91377258,960.67553711]
[-140.96739197,1062.66278076,937.65185547]
[-140.88128662,1139.1418457,907.25183105]
[-132.52574158,1214.78762817,882.50598145]
[-135.25546265,1298.1842041,884.10778809]
[-145.49497986,1350.5067749,887.21728516]
[-155.29960632,1408.87506104,893.42980957]
[-154.40640259,1439.08758545,864.92749023]
[-160.0007019,1458.68530273,905.61621094]
[-176.24620056,1457.47583008,933.21008301]
[-177.77955627,1455.70532227,924.90673828]
[-187.40367126,1434.20257568,937.09179688]
[-174.31936646,1406.15240479,965.21923828]
[-163.49157715,1329.72772217,1013.50854492]
[-149.44827271,1284.77398682,1029.54150391]
[-135.4825592,1254.41253662,1060.99682617]
[-102.25114441,1208.41305542,1082.41796875]
[-89.8821106,1194.87442017,1123.81860352]
[-76.63417053,1203.13946533,1134.86547852]
[-80.65907288,1203.13494873,1133.03344727]
[-89.74988556,1202.87008667,1121.953125]
[-101.48825836,1212.98739624,1108.34008789]
[-109.53751373,1204.23605347,1072.37231445]
[-134.47583008,1210.71618652,1031.95141602]
[-134.97129822,1203.80575562,985.73364258]
[-153.18733215,1200.93441772,950.42041016]
[-169.15789795,1180.97064209,902.5333252]
[-181.06613159,1185.72790527,862.10766602]
[-186.85948181,1183.20727539,825.04284668]
[-189.4360199,1186.55905151,788.23046875]
[-196.44252014,1194.15219116,739.0546875]
[-203.57209778,1210.42922974,687.4185791]
[-209.94766235,1220.32623291,661.89453125]
[-235.2230835,1246.17553711,633.12414551]
[-240.65835571,1259.80889893,603.65515137]
[-265.32089233,1297.58355713,593.44689941]
[-273.17022705,1304.22286987,591.28601074]
[-284.39666748,1304.20803833,607.44995117]
[-299.6690979,1299.35284424,645.59008789]
[-287.5866394,1277.07778931,690.64575195]
[-251.41731262,1240.53292847,714.02026367]
[-188.23568726,1193.39984131,718.0378418]
[-125.95018768,1168.37625122,732.99731445]
[-95.2254715,1160.53302002,719.77038574]
[-88.73040009,1168.77380371,731.78210449]
[-113.41220093,1197.59637451,743.20263672]
[-120.57746124,1222.21914673,748.73144531]
[-123.1950531,1237.13623047,747.78283691]
[-128.52438354,1248.18777466,741.48376465]
[-142.57603455,1262.58728027,733.53808594]
[-149.22473145,1272.51223755,726.88012695]
[-185.73219299,1288.9118042,711.57250977]
[-204.23606873,1300.33175659,707.59802246]
[-218.87864685,1312.84613037,690.58752441]
[-243.60153198,1324.48327637,666.18994141]
[-256.50143433,1329.88928223,642.67651367]
[-265.13568115,1329.29064941,624.29370117]
[-263.46762085,1321.79040527,610.72509766]
[-251.17079163,1299.8788147,588.58215332]
[-235.38049316,1277.14376831,594.62316895]
[-216.25102234,1247.40164185,590.1784668]
[-176.55578613,1218.90438843,659.28210449]
[-178.07910156,1214.51370239,666.40258789]
[-162.66697693,1178.34539795,718.28173828]
[-59.01844025,1114.30511475,660.95214844]
[-44.94390106,1129.76220703,709.23254395]
[-5.07266092,1127.84063721,707.0559082]
[-36.26054382,1150.30291748,749.71850586]
[-67.81443787,1173.94958496,760.66992188]
[-73.50270081,1192.1328125,762.29370117]
[-59.15074539,1202.00149536,781.60742188]
[-25.10475159,1202.7963562,724.11364746]
[-35.19494247,1222.99124146,766.29089355]
[-31.92935944,1211.73736572,690.69067383]
[-63.82178497,1243.00045776,749.25427246]
[-41.11104584,1222.06759644,707.24743652]
[90.30815887,1182.98214722,635.55847168]
[105.35657501,1156.99862671,572.59362793]
[71.7742157,1138.06359863,534.68115234]
[67.14393616,1113.81274414,524.1340332]
[67.96240997,1111.82034302,523.47265625]
[79.13991547,1115.25378418,550.52233887]
[111.79148102,1132.50009155,553.2878418]
[148.98838806,1138.72537231,546.49645996]
[198.21617126,1162.7868042,536.45825195]
[214.30619812,1176.50167847,510.16491699]
[222.48933411,1184.80267334,477.0826416]
[259.8420105,1227.0687561,424.58618164]
[259.13696289,1248.09036255,393.41625977]
[111.96949768,1191.42926025,356.74987793]
[108.66677856,1203.24819946,313.74499512]
[102.12651062,1222.10046387,291.72595215]
[78.5350647,1235.14056396,274.02539062]
[53.07459259,1240.23406982,273.50219727]
[21.71120071,1234.82003784,277.15917969]
[4.3024292,1210.57611084,284.06933594]
[-20.35681534,1192.91577148,301.63183594]
[-32.49056244,1181.03030396,324.77258301]
[-50.95611954,1166.25958252,347.71179199]
[-59.83208847,1165.78778076,384.61364746]
[-63.59062195,1172.86334229,407.15222168]
[-83.85987854,1180.28573608,431.18603516]
[-106.16944885,1196.1491394,446.31359863]
[-122.38288879,1214.00549316,463.26049805]
[-133.94186401,1224.92242432,483.41345215]
[-130.84385681,1228.88577271,494.6875]
[-136.62994385,1236.03897095,511.76916504]
[-152.34750366,1238.21759033,539.30615234]
[-172.85314941,1239.46923828,571.70483398]
[-197.4520874,1238.06378174,607.15698242]
[-218.85122681,1229.22265625,650.79919434]
[-245.1003418,1233.85797119,707.703125]
[-255.72389221,1223.47769165,773.3684082]
[-250.12886047,1225.79138184,832.36779785]
[-218.58421326,1214.15075684,884.5682373]
[-199.9413147,1216.99191284,937.62536621]
[-173.09161377,1232.87875366,1010.02050781]
[-160.56425476,1229.51638794,1015.48840332]
[-156.68740845,1246.19195557,1051.53149414]
[-156.51965332,1261.24911499,1056.92285156]
[-145.37457275,1261.09140015,1064.53295898]
[-148.45043945,1268.25866699,1071.21508789]
[-147.72463989,1272.52026367,1081.13842773]
[-144.10443115,1278.66766357,1094.47045898]
[-144.25137329,1277.4055481,1107.97949219]
[-143.51045227,1279.54458618,1122.40625]
[-146.72763062,1278.92074585,1130.9074707]
[-155.8061676,1273.72842407,1136.80493164]
[-165.58955383,1273.68450928,1135.79125977]
[-183.21243286,1270.14379883,1124.0703125]
[-195.95480347,1263.70761108,1104.29736328]
[-204.62509155,1255.4125061,1085.64819336]
[-215.46923828,1241.83831787,1056.66015625]
[-214.73336792,1226.07983398,1035.47619629]
[-205.47239685,1217.63552856,1032.36486816]
[-200.13841248,1203.09204102,1040.79870605]
[-188.40896606,1193.50793457,1050.57446289]
[-172.52845764,1185.37121582,1073.35644531]
[-153.41436768,1193.43359375,1095.14038086]
[-148.9395752,1193.58798218,1105.66479492]
[-141.45619202,1202.62145996,1139.93188477]
[-120.61194611,1203.85351562,1175.62060547]
[-110.35752869,1214.26275635,1229.17041016]
[-94.48727417,1226.71688843,1279.47998047]
[-77.45091248,1247.74124146,1334.11206055]
[-54.85200882,1269.02859497,1382.26342773]
[-22.4779129,1274.46166992,1430.91625977]
[4.7746191,1280.49505615,1473.1940918]
[29.09756088,1288.40188599,1509.44067383]
[45.18574524,1292.23287964,1542.49731445]
[76.31602478,1288.00234985,1554.05371094]
[89.41403198,1254.68746948,1536.6328125]
[97.01372528,1251.72994995,1531.6171875]
[92.36339569,1267.63265991,1562.5715332]
[93.25075531,1266.79016113,1551.55224609]
[100.02803802,1272.89596558,1546.64892578]
[102.40285492,1270.7059021,1515.33129883]
[88.76207733,1277.46337891,1518.13061523]
[91.74234772,1273.49472046,1501.18945312]
[70.8223114,1274.58486938,1490.9921875]
[68.29374695,1267.21731567,1470.02124023]
[45.74920273,1278.43753052,1474.34204102]
[30.68866158,1268.55334473,1448.89941406]
[9.68804169,1242.76480103,1406.09106445]
[-7.33492899,1229.79107666,1368.19799805]
[-37.29141617,1208.222229,1319.57836914]
[-72.68674469,1178.66699219,1264.66943359]
[-95.92751312,1148.2432251,1197.89892578]
[-127.48149109,1119.61694336,1113.73950195]
[-143.945755,1108.30075073,1051.62646484]
[-150.43994141,1109.32717896,968.41394043]
[-155.90852356,1122.09945679,903.40686035]
[-154.11686707,1137.18603516,845.06298828]
[-150.92111206,1154.87634277,771.88867188]
[-159.48316956,1150.40063477,745.82202148]
[-143.70004272,1173.6942749,692.91638184]
[-132.10916138,1181.21670532,654.38293457]
[-102.06991577,1210.29174805,597.22387695]
[-107.05471039,1213.47320557,569.05944824]
[-92.85345459,1213.07138062,550.49536133]
[-87.11435699,1213.30273438,529.47180176]
[-75.85842896,1209.69610596,514.44311523]
[-73.54527283,1194.25839233,514.60754395]
[-60.49195862,1177.07519531,506.92919922]
[-56.70051956,1164.57962036,510.82202148]
[-56.88586044,1154.58334351,514.47338867]
[-59.32597733,1148.13290405,515.11999512]
[-83.69707489,1143.24539185,519.50195312]
[-109.21956635,1141.08718872,519.5970459]
[-135.67274475,1146.57937622,516.79943848]
[0,0,0]
[0,0,0]
[0,0,0]
[0,0,0]
[0,0,0]
[0,0,0]
[0,0,0]
[0,0,0]
[0,0,0]
[0,0,0]
[0,0,0]
[0,0,0]
[0,0,0]
[0,0,0]
[0,0,0]
[0,0,0]
[0,0,0]
[0,0,0]
[0,0,0]
[0,0,0]
[0,0,0]
[0,0,0]
[0,0,0]
[0,0,0]
[0,0,0]
[0,0,0]
[0,0,0]
[0,0,0]
[0,0,0]
[0,0,0]
[0,0,0]
[0,0,0]
[0,0,0]
[0,0,0]
[0,0,0]
[0,0,0]
[0,0,0]
[0,0,0]
[0,0,0]
[0,0,0]
[0,0,0]
[0,0,0]
[0,0,0]
[0,0,0]
[0,0,0]
[0,0,0]
[0,0,0]
[0,0,0]
[0,0,0]
[0,0,0]
[0,0,0]
[0,0,0]
[0,0,0]
[0,0,0]
[0,0,0]
[0,0,0]
[0,0,0]
[0,0,0]
[0,0,0]
[0,0,0]
[0,0,0]
[0,0,0]
[0,0,0]
[0,0,0]
[0,0,0]
[0,0,0]
[0,0,0]
[0,0,0]
[0,0,0]
[0,0,0]
[0,0,0]
[0,0,0]
[0,0,0]
[0,0,0]
[0,0,0]
[0,0,0]
[0,0,0]
[0,0,0]
[0,0,0]
[0,0,0]
[0,0,0]
[0,0,0]
[0,0,0]
[0,0,0]
[0,0,0]
[0,0,0]
[0,0,0]
[0,0,0]
[0,0,0]
[0,0,0]
[0,0,0]
[0,0,0]
[0,0,0]
[0,0,0]
[0,0,0]
[0,0,0]
[0,0,0]
[0,0,0]
[0,0,0]
[0,0,0]
[0,0,0]
[0,0,0]
[0,0,0]
[0,0,0]
[0,0,0]
[0,0,0]
[0,0,0]
[0,0,0]
[0,0,0]
[0,0,0]
[0,0,0]
[0,0,0]
[0,0,0]
[0,0,0]
[0,0,0]
[0,0,0]
[0,0,0]
[0,0,0]
[0,0,0]
[0,0,0]
[0,0,0]
[0,0,0]
[0,0,0]
[0,0,0]
[0,0,0]
[0,0,0]
[0,0,0]
[0,0,0]
[0,0,0]
[0,0,0]
[0,0,0]
[0,0,0]
[0,0,0]
[0,0,0]
[0,0,0]
[0,0,0]
[0,0,0]
[0,0,0]
[0,0,0]
[0,0,0]
[0,0,0]
[0,0,0]
[0,0,0]
[0,0,0]
[0,0,0]
[0,0,0]
[0,0,0]
[0,0,0]
[0,0,0]
[0,0,0]
[0,0,0]
[0,0,0]
[0,0,0]
[0,0,0]
[0,0,0]
[0,0,0]
[0,0,0]
[0,0,0]
[0,0,0]
[0,0,0]
[0,0,0]
[0,0,0]
[0,0,0]
[0,0,0]
[0,0,0]
[0,0,0]
[0,0,0]
[0,0,0]
[0,0,0]
[0,0,0]
[0,0,0]
[0,0,0]
[0,0,0]
[0,0,0]
[0,0,0]
[0,0,0]
[0,0,0]
[0,0,0]
[0,0,0]
[0,0,0]
[0,0,0]
[0,0,0]
[0,0,0]
[0,0,0]
[0,0,0]
[0,0,0]
[0,0,0]
[0,0,0]
[0,0,0]
[0,0,0]
[0,0,0]
[0,0,0]
[0,0,0]
[0,0,0]
[0,0,0]
[0,0,0]
[0,0,0]
[0,0,0]
[0,0,0]
[0,0,0]
[0,0,0]
[0,0,0]
[0,0,0]
[0,0,0]
[0,0,0]
[0,0,0]
[0,0,0]
[0,0,0]
[0,0,0]
[0,0,0]
[0,0,0]
[0,0,0]
[0,0,0]
[0,0,0]
[0,0,0]
[0,0,0]
[0,0,0]
[0,0,0]
[0,0,0]
[0,0,0]
[0,0,0]
[0,0,0]
[0,0,0]
[0,0,0]
[0,0,0]
[0,0,0]
[0,0,0]
[0,0,0]
[0,0,0]
[0,0,0]
[0,0,0]
[0,0,0]
[0,0,0]
[0,0,0]
[0,0,0]
[0,0,0]
[0,0,0]
[0,0,0]
[0,0,0]
[0,0,0]
[0,0,0]
[0,0,0]
[0,0,0]
[0,0,0]
[0,0,0]
[0,0,0]
[0,0,0]
[0,0,0]
[0,0,0]
[0,0,0]
[0,0,0]
[0,0,0]
[0,0,0]
[0,0,0]
[0,0,0]
[0,0,0]
[0,0,0]
[0,0,0]
[0,0,0]
[0,0,0]
[0,0,0]
[0,0,0]
[0,0,0]
[0,0,0]
[0,0,0]
[0,0,0]
[0,0,0]
[0,0,0]
[0,0,0]
[0,0,0]
[0,0,0]
[0,0,0]
[0,0,0]
[0,0,0]
[0,0,0]
[0,0,0]
[0,0,0]
[0,0,0]
[0,0,0]
[0,0,0]
[0,0,0]
[0,0,0]
[0,0,0]
[0,0,0]
[0,0,0]
[0,0,0]
[0,0,0]
[0,0,0]
[0,0,0]
[0,0,0]
[0,0,0]
[0,0,0]
[0,0,0]
[0,0,0]
[0,0,0]
[0,0,0]
[0,0,0]
[0,0,0]
[0,0,0]
[0,0,0]
[0,0,0]
[0,0,0]
[0,0,0]
[0,0,0]
[0,0,0]
[0,0,0]
[0,0,0]
[0,0,0]
[0,0,0]
[0,0,0]
[0,0,0]
[0,0,0]
[0,0,0]
[0,0,0]
[0,0,0]
[0,0,0]
[0,0,0]
[0,0,0]
[0,0,0]
[0,0,0]
[0,0,0]
[0,0,0]
[0,0,0]
[0,0,0]
[0,0,0]
[0,0,0]
[0,0,0]
[0,0,0]
[0,0,0]
[0,0,0]
[0,0,0]
[0,0,0]
[0,0,0]
[0,0,0]
[0,0,0]
[0,0,0]
[0,0,0]
[0,0,0]
[0,0,0]
[0,0,0]
[0,0,0]
[0,0,0]
[0,0,0]
[0,0,0]
[0,0,0]
[0,0,0]
[0,0,0]
[0,0,0]
[0,0,0]
[0,0,0]
[0,0,0]
[0,0,0]
[0,0,0]
[0,0,0]
[0,0,0]
[0,0,0]
[0,0,0]
[0,0,0]
[0,0,0]
[0,0,0]
[0,0,0]
[0,0,0]
[0,0,0]
[0,0,0]
[0,0,0]
[0,0,0]
[0,0,0]
[0,0,0]
[0,0,0]
[0,0,0]
[0,0,0]
[0,0,0]
[0,0,0]
[0,0,0]
[0,0,0]
[0,0,0]
[0,0,0]
[0,0,0]
[0,0,0]
[0,0,0]
[0,0,0]
[0,0,0]
[0,0,0]
[0,0,0]
[0,0,0]
[0,0,0]
[0,0,0]
[0,0,0]
[0,0,0]
[0,0,0]
[0,0,0]
[0,0,0]
[0,0,0]
[0,0,0]
[0,0,0]
[0,0,0]
[0,0,0]
[0,0,0]
[0,0,0]
[0,0,0]
[0,0,0]
[0,0,0]
[0,0,0]
[0,0,0]
[0,0,0]
[0,0,0]
[0,0,0]
[0,0,0]
[0,0,0]
[0,0,0]
[0,0,0]
[0,0,0]
[0,0,0]
[0,0,0]
[0,0,0]
[0,0,0]
[0,0,0]
[0,0,0]
[0,0,0]
[0,0,0]
[0,0,0]
[0,0,0]
[0,0,0]
[0,0,0]
[0,0,0]
[0,0,0]
[0,0,0]
[0,0,0]
[0,0,0]
[0,0,0]
[0,0,0]
[0,0,0]
[0,0,0]
[0,0,0]
[0,0,0]
[0,0,0]
[0,0,0]
[0,0,0]
[0,0,0]
[0,0,0]
[0,0,0]
[0,0,0]
[0,0,0]
[0,0,0]
[0,0,0]
[0,0,0]
[0,0,0]
[0,0,0]
[0,0,0]
[0,0,0]
[0,0,0]
[0,0,0]
