452
30
[-222.55494689941406, -185.91087341308594, 2017.6806640625]
[-212.46461486816406, -183.68971252441406, 1998.884033203125]
[-205.4489288330078, -177.01246643066406, 2012.3729248046875]
[-203.02490234375, -173.3971710205078, 2016.5264892578125]
[-192.76266479492188, -179.30528259277344, 2008.0096435546875]
[-193.6098175048828, -174.9259796142578, 2020.1341552734375]
[-185.8962860107422, -184.11358642578125, 2002.7296142578125]
[-180.89111328125, -181.2534942626953, 2014.3570556640625]
[-170.8539581298828, -181.37109375, 2001.719970703125]
[-166.74172973632812, -177.00949096679688, 2004.27490234375]
[-164.07859802246094, -177.216796875, 2002.564453125]
[-163.7382354736328, -174.8379669189453, 2005.77734375]
[-163.6510772705078, -175.7254180908203, 2003.3409423828125]
[-162.72491455078125, -176.27711486816406, 2002.37939453125]
[-155.32142639160156, -174.6944580078125, 2002.15576171875]
[-154.19700622558594, -175.0150604248047, 2016.388427734375]
[-150.6424560546875, -175.89013671875, 2003.47998046875]
[-150.06007385253906, -175.5755615234375, 2002.968505859375]
[-149.01321411132812, -175.48751831054688, 2002.3994140625]
[-146.93540954589844, -168.9861602783203, 2030.3092041015625]
[-147.3849639892578, -170.493408203125, 2011.0213623046875]
[-144.73532104492188, -169.8736572265625, 2013.6148681640625]
[-145.1400146484375, -170.37008666992188, 2014.73193359375]
[-143.1538543701172, -174.35919189453125, 2011.71875]
[-143.07752990722656, -172.7220458984375, 2009.90966796875]
[-143.71788024902344, -173.55386352539062, 2008.2080078125]
[-146.22506713867188, -174.36720275878906, 2007.5521240234375]
[-144.8268585205078, -176.44874572753906, 2007.24267578125]
[-150.4936065673828, -175.48435974121094, 2020.7181396484375]
[-152.83494567871094, -177.54417419433594, 2003.101806640625]
[-153.65744018554688, -178.30859375, 2002.62646484375]
[-153.84280395507812, -178.58480834960938, 2001.7059326171875]
[-154.1870880126953, -178.9767608642578, 1999.9827880859375]
[-157.49600219726562, -179.3224334716797, 1994.49462890625]
[-161.8479461669922, -177.1410369873047, 2011.3565673828125]
[-155.09446716308594, -191.08224487304688, 1986.1375732421875]
[-155.14303588867188, -191.05856323242188, 1986.298095703125]
[-168.8775177001953, -174.706298828125, 2042.1802978515625]
[-182.1346435546875, -201.48779296875, 2017.5335693359375]
[-164.01759338378906, -212.05950927734375, 2061.913818359375]
[-228.15850830078125, -361.284423828125, 1863.0030517578125]
[-258.87615966796875, -463.89239501953125, 1787.932373046875]
[-311.95794677734375, -548.5570068359375, 1763.1466064453125]
[-312.0413818359375, -598.341552734375, 1708.20556640625]
[-321.735595703125, -640.4323120117188, 1718.0904541015625]
[-307.4291076660156, -699.46923828125, 1718.3968505859375]
[-283.8219909667969, -723.5733642578125, 1664.7318115234375]
[-289.3811950683594, -765.9158325195312, 1629.8350830078125]
[-279.7237548828125, -783.2210083007812, 1632.8577880859375]
[-273.4468688964844, -785.36962890625, 1631.40380859375]
[-263.7819519042969, -769.968505859375, 1635.689208984375]
[-261.0244140625, -740.8231201171875, 1616.5218505859375]
[-271.93157958984375, -711.166259765625, 1591.5938720703125]
[-247.90647888183594, -679.9317626953125, 1597.6353759765625]
[-240.28782653808594, -635.5582275390625, 1557.5845947265625]
[-227.01771545410156, -616.9412231445312, 1523.7545166015625]
[-186.86839294433594, -636.4885864257812, 1454.528564453125]
[-155.23318481445312, -647.4260864257812, 1389.465576171875]
[-130.75184631347656, -669.5120849609375, 1366.1973876953125]
[-106.53658294677734, -693.6950073242188, 1350.3748779296875]
[-94.99362182617188, -716.7476806640625, 1391.718994140625]
[-84.30720520019531, -714.2374877929688, 1407.2203369140625]
[-76.62022399902344, -714.754638671875, 1424.461669921875]
[-59.356048583984375, -708.8873901367188, 1465.1522216796875]
[-39.925201416015625, -675.2057495117188, 1521.4141845703125]
[-60.78220748901367, -645.411865234375, 1571.8509521484375]
[-83.19644927978516, -589.9511108398438, 1594.646240234375]
[-62.58761978149414, -509.2913513183594, 1648.232666015625]
[-121.68714141845703, -419.6121826171875, 1678.8262939453125]
[-131.9636993408203, -429.2311096191406, 1750.8929443359375]
[-157.58590698242188, -269.689208984375, 1804.900146484375]
[-186.71917724609375, -210.9159393310547, 1892.7088623046875]
[-166.2265625, -211.44351196289062, 1927.8614501953125]
[-148.7955780029297, -167.69435119628906, 2037.0750732421875]
[-165.7938232421875, -309.9810485839844, 2005.6412353515625]
[-236.7603759765625, -463.2738037109375, 1995.89990234375]
[-245.9769744873047, -493.8850402832031, 2006.631103515625]
[-235.83761596679688, -523.220947265625, 2009.978271484375]
[-223.51382446289062, -571.1161499023438, 1993.3118896484375]
[-216.7405548095703, -598.2659912109375, 1969.799072265625]
[-216.9151153564453, -613.2767944335938, 1957.446044921875]
[-215.3590850830078, -622.4864501953125, 1940.818359375]
[-222.9716339111328, -618.6174926757812, 1930.9027099609375]
[-226.60894775390625, -617.9512329101562, 1922.5218505859375]
[-247.18772888183594, -586.3104248046875, 1927.76611328125]
[-268.3192443847656, -550.3177490234375, 1937.6787109375]
[-269.8973693847656, -487.18084716796875, 1957.6953125]
[-285.5543518066406, -435.5342712402344, 1990.337890625]
[-259.3165588378906, -388.1623840332031, 2021.5234375]
[-241.2130584716797, -347.5057678222656, 2058.38623046875]
[-166.00259399414062, -308.059326171875, 2097.767333984375]
[-154.06715393066406, -301.9650573730469, 2017.006103515625]
[-88.98397064208984, -235.7485809326172, 2030.487060546875]
[-24.05148696899414, -223.5338134765625, 2102.17138671875]
[-74.88233184814453, -228.95330810546875, 2061.349609375]
[-108.83675384521484, -282.45269775390625, 2064.858642578125]
[-138.2069854736328, -309.32366943359375, 2071.9326171875]
[121.49552917480469, -334.6074523925781, 2023.4210205078125]
[195.1077423095703, -333.87152099609375, 2056.534423828125]
[230.9088134765625, -352.25372314453125, 2085.620361328125]
[203.03128051757812, -411.2637023925781, 1956.259765625]
[192.5234832763672, -461.7285461425781, 1957.2698974609375]
[212.66831970214844, -473.6065979003906, 1929.1976318359375]
[248.14297485351562, -483.9331359863281, 1984.3203125]
[261.6078186035156, -496.14117431640625, 1973.9547119140625]
[321.54742431640625, -508.2358093261719, 1982.940673828125]
[402.785888671875, -522.8329467773438, 2019.08349609375]
[456.977294921875, -576.24169921875, 2003.6490478515625]
[479.4294128417969, -602.8235473632812, 1990.71044921875]
[529.85205078125, -606.5081787109375, 1995.6129150390625]
[592.4873046875, -586.90576171875, 2011.809326171875]
[596.8855590820312, -567.6542358398438, 2019.205322265625]
[569.7989501953125, -580.2402954101562, 2020.9993896484375]
[552.4041748046875, -551.681640625, 2041.828857421875]
[493.3071594238281, -514.597412109375, 2068.255615234375]
[459.07159423828125, -483.6615905761719, 2110.8671875]
[347.8662109375, -427.0104064941406, 2086.9697265625]
[270.12158203125, -404.64068603515625, 2105.59765625]
[229.1548614501953, -380.7935791015625, 2121.702880859375]
[195.940185546875, -365.6894836425781, 2118.837646484375]
[172.78443908691406, -343.6220397949219, 2120.347900390625]
[123.47674560546875, -333.25164794921875, 2126.8876953125]
[92.344970703125, -349.892578125, 2127.4130859375]
[-28.968631744384766, -561.51708984375, 2071.35546875]
[-75.99267578125, -603.1314086914062, 2013.1693115234375]
[-86.9376220703125, -599.1277465820312, 1964.3743896484375]
[-77.60484313964844, -560.695068359375, 1904.6290283203125]
[-48.77094268798828, -507.047607421875, 1856.5133056640625]
[13.443290710449219, -429.62457275390625, 1897.5648193359375]
[28.278709411621094, -383.08929443359375, 1857.9759521484375]
[21.770030975341797, -359.8792724609375, 1854.1033935546875]
[8.373469352722168, -326.2707824707031, 1850.767333984375]
[-18.08212661743164, -303.01727294921875, 1881.716552734375]
[-34.4205207824707, -291.1311340332031, 1896.374267578125]
[-63.071014404296875, -281.13092041015625, 1923.4801025390625]
[-92.17123413085938, -321.160888671875, 1897.2674560546875]
[-99.93751525878906, -319.3191833496094, 1850.44091796875]
[-121.04083251953125, -299.621337890625, 1822.380615234375]
[-126.31034851074219, -333.93902587890625, 1828.00341796875]
[-151.53611755371094, -379.6754150390625, 1829.338134765625]
[-182.37677001953125, -406.4566955566406, 1840.7606201171875]
[-203.3345489501953, -408.9124755859375, 1833.4908447265625]
[-235.81028747558594, -394.9064025878906, 1838.4385986328125]
[-280.2247314453125, -360.15411376953125, 1810.5321044921875]
[-326.72796630859375, -365.5978088378906, 1729.2164306640625]
[-352.0421447753906, -409.5469665527344, 1683.931396484375]
[-362.20684814453125, -414.2384948730469, 1603.970947265625]
[-350.1106872558594, -439.5284118652344, 1571.93701171875]
[-336.0296936035156, -505.48077392578125, 1491.912109375]
[-327.6603088378906, -532.3338623046875, 1450.921630859375]
[-287.19122314453125, -540.8609008789062, 1396.5771484375]
[-279.6791076660156, -578.0263061523438, 1339.485107421875]
[-262.1881103515625, -584.9735107421875, 1301.7547607421875]
[-224.2037353515625, -602.1505737304688, 1245.3043212890625]
[-199.03549194335938, -604.1951904296875, 1220.8826904296875]
[-186.29832458496094, -585.9478759765625, 1202.0257568359375]
[-185.52786254882812, -573.24755859375, 1198.88525390625]
[-193.20489501953125, -539.8872680664062, 1218.34814453125]
[-206.8782196044922, -498.5971374511719, 1243.54150390625]
[-218.74105834960938, -471.6007080078125, 1266.707763671875]
[-198.2361297607422, -405.43731689453125, 1315.227294921875]
[-226.02703857421875, -328.89385986328125, 1353.684814453125]
[-246.61236572265625, -271.8623352050781, 1394.2100830078125]
[-278.1741027832031, -205.07473754882812, 1432.7940673828125]
[-294.00286865234375, -172.44151306152344, 1485.2542724609375]
[-360.26422119140625, -205.55877685546875, 1477.8756103515625]
[-375.26507568359375, -203.9326629638672, 1496.3443603515625]
[-389.97686767578125, -209.92709350585938, 1521.12939453125]
[-403.2453308105469, -222.1742401123047, 1533.0809326171875]
[-422.1926574707031, -239.2193603515625, 1541.1097412109375]
[-437.336181640625, -254.06771850585938, 1545.2781982421875]
[-452.2778625488281, -265.34075927734375, 1538.634765625]
[-465.0381164550781, -252.88963317871094, 1522.2242431640625]
[-492.08441162109375, -259.10894775390625, 1463.4776611328125]
[-509.096435546875, -234.50210571289062, 1415.633544921875]
[-510.6852722167969, -234.04177856445312, 1384.5809326171875]
[-515.6078491210938, -246.20846557617188, 1268.0341796875]
[-486.6223449707031, -234.82489013671875, 1190.5704345703125]
[-451.37274169921875, -250.46826171875, 1140.1748046875]
[-375.5718994140625, -300.7372131347656, 1112.4620361328125]
[-358.20709228515625, -348.69171142578125, 1104.1318359375]
[-338.16546630859375, -380.44403076171875, 1090.69091796875]
[-325.75555419921875, -408.2133483886719, 1077.151123046875]
[-315.18524169921875, -435.3236389160156, 1066.6910400390625]
[-315.2328186035156, -449.3870544433594, 1064.6763916015625]
[-312.1112060546875, -452.357421875, 1076.9798583984375]
[-332.77325439453125, -427.2443542480469, 1102.91796875]
[-368.36572265625, -413.0751037597656, 1125.7769775390625]
[-390.9712219238281, -413.3545227050781, 1142.93408203125]
[-421.77874755859375, -403.4219055175781, 1201.7637939453125]
[-429.4519958496094, -386.73309326171875, 1246.852783203125]
[-438.9555358886719, -338.83154296875, 1302.330078125]
[-432.4206237792969, -305.3214111328125, 1354.5986328125]
[-419.0724182128906, -231.55734252929688, 1417.8349609375]
[-396.5498962402344, -205.07589721679688, 1465.804931640625]
[-359.65264892578125, -169.39154052734375, 1521.0987548828125]
[-356.64251708984375, -154.8483123779297, 1546.6558837890625]
[-341.681640625, -139.49771118164062, 1577.483642578125]
[-338.9752197265625, -142.57937622070312, 1600.6038818359375]
[-337.22607421875, -167.17990112304688, 1626.690673828125]
[-331.7520751953125, -187.53981018066406, 1654.1395263671875]
[-324.9710388183594, -195.63796997070312, 1684.20361328125]
[-327.26226806640625, -216.03140258789062, 1708.304443359375]
[-329.1371154785156, -228.34506225585938, 1734.532470703125]
[-329.74871826171875, -240.232177734375, 1762.9456787109375]
[-333.56475830078125, -241.87046813964844, 1788.71875]
[-328.0563659667969, -237.65394592285156, 1814.1514892578125]
[-319.1881103515625, -225.49734497070312, 1846.0533447265625]
[-303.9308166503906, -216.44187927246094, 1863.9786376953125]
[-298.1533508300781, -199.9241485595703, 1888.68310546875]
[-266.2446594238281, -187.14950561523438, 1899.338623046875]
[-260.8570861816406, -169.6890411376953, 1918.556640625]
[-237.99114990234375, -165.72898864746094, 1928.6524658203125]
[-210.10818481445312, -157.05116271972656, 1969.4322509765625]
[-192.6346435546875, -160.908935546875, 2015.6812744140625]
[-173.74717712402344, -198.73941040039062, 2038.5772705078125]
[-154.38392639160156, -236.41433715820312, 2074.261474609375]
[-143.28103637695312, -270.0084533691406, 2089.50537109375]
[-141.2831268310547, -278.2513732910156, 2112.634521484375]
[-141.8845977783203, -278.1656799316406, 2134.33203125]
[-138.05152893066406, -263.48779296875, 2140.395263671875]
[-141.61026000976562, -215.59315490722656, 2181.775146484375]
[-139.11190795898438, -215.38160705566406, 2178.8525390625]
[-137.4198455810547, -203.3748321533203, 2162.523193359375]
[-129.1832275390625, -190.67921447753906, 2147.449462890625]
[-127.41232299804688, -198.8236541748047, 2124.742431640625]
[-128.05421447753906, -213.63702392578125, 2096.30859375]
[-124.55288696289062, -246.48011779785156, 2049.920654296875]
[-112.72306823730469, -295.3663330078125, 2007.933349609375]
[-131.1371612548828, -304.8623352050781, 1996.9888916015625]
[-116.70002746582031, -406.30596923828125, 1940.4742431640625]
[-134.1021270751953, -517.5469970703125, 1922.825927734375]
[-139.3107147216797, -536.7630004882812, 1894.83740234375]
[-150.49465942382812, -560.6400756835938, 1871.68896484375]
[-162.02188110351562, -582.321533203125, 1848.9578857421875]
[-152.97010803222656, -568.1888427734375, 1826.6903076171875]
[-146.90867614746094, -543.8779907226562, 1808.7357177734375]
[-143.8965301513672, -528.29296875, 1798.3953857421875]
[-134.32315063476562, -495.1664733886719, 1785.896484375]
[-136.58786010742188, -476.3599853515625, 1806.4832763671875]
[-123.14321899414062, -435.3444519042969, 1801.4305419921875]
[-135.7144775390625, -397.7059020996094, 1812.2275390625]
[-138.8440399169922, -348.9213562011719, 1832.281005859375]
[-132.04953002929688, -311.1688537597656, 1876.5977783203125]
[-78.9473876953125, -296.18603515625, 1933.8994140625]
[-92.04261779785156, -240.06570434570312, 1904.7462158203125]
[-132.4103240966797, -50.429969787597656, 2152.203857421875]
[-114.2035903930664, -32.02998733520508, 2185.9228515625]
[-96.7370834350586, -31.747356414794922, 2192.25537109375]
[-99.90113067626953, -6.224900245666504, 2165.050048828125]
[-104.72968292236328, 29.796958923339844, 2172.703857421875]
[-103.43425750732422, 67.86012268066406, 2177.24560546875]
[-116.60772705078125, 99.14898681640625, 2185.474853515625]
[-121.55058288574219, 142.2920684814453, 2175.0029296875]
[-133.75796508789062, 161.93609619140625, 2167.061279296875]
[-126.85708618164062, 174.20858764648438, 2146.240966796875]
[-123.70391082763672, 183.2213134765625, 2106.329345703125]
[-112.85110473632812, 170.1579132080078, 2064.428466796875]
[-91.27711486816406, 143.4278564453125, 1984.8109130859375]
[-76.52075958251953, 80.28508758544922, 1893.5355224609375]
[-69.82693481445312, 6.264552593231201, 1829.0703125]
[-39.98919677734375, -101.16291046142578, 1781.0211181640625]
[-15.486627578735352, -207.33518981933594, 1754.2198486328125]
[4.502802848815918, -282.5860290527344, 1737.9061279296875]
[-2.4695992469787598, -349.0682678222656, 1699.7288818359375]
[-0.6239265203475952, -419.0591125488281, 1665.5364990234375]
[-6.612539291381836, -500.4696350097656, 1664.51611328125]
[-12.108236312866211, -580.7669067382812, 1677.34130859375]
[-23.392513275146484, -624.5534057617188, 1678.65771484375]
[-50.190948486328125, -641.1626586914062, 1632.9547119140625]
[-95.20820617675781, -677.4542846679688, 1660.63427734375]
[-111.68299102783203, -678.9548950195312, 1688.2452392578125]
[-129.56031799316406, -662.0825805664062, 1674.931640625]
[-135.07823181152344, -644.4735717773438, 1690.642822265625]
[-126.2257080078125, -619.2389526367188, 1719.2054443359375]
[-142.5818328857422, -602.8604736328125, 1781.252685546875]
[-139.88108825683594, -551.1962280273438, 1797.006103515625]
[-130.33917236328125, -493.1548767089844, 1824.3092041015625]
[-126.78459167480469, -438.865234375, 1845.51025390625]
[-117.60364532470703, -339.0458984375, 1892.6539306640625]
[-87.77588653564453, -269.6039733886719, 1937.4039306640625]
[-118.63751983642578, -182.1043701171875, 2044.1627197265625]
[-138.93048095703125, -186.61607360839844, 2018.379150390625]
[-143.40103149414062, -197.53355407714844, 1996.3154296875]
[-154.70089721679688, -181.9324951171875, 1979.6190185546875]
[-183.87672424316406, -180.08624267578125, 1964.4503173828125]
[-175.14791870117188, -160.30442810058594, 1967.4390869140625]
[-197.1260986328125, -159.21095275878906, 1926.361328125]
[-184.5129852294922, -149.10206604003906, 1823.46630859375]
[-186.5011749267578, -163.7919921875, 1762.1700439453125]
[-179.1710205078125, -178.5284881591797, 1699.0811767578125]
[-181.52392578125, -182.77557373046875, 1660.60205078125]
[-175.48880004882812, -220.54319763183594, 1574.0286865234375]
[-155.55093383789062, -242.62728881835938, 1517.6937255859375]
[-130.23309326171875, -278.60797119140625, 1479.80224609375]
[-112.71163177490234, -336.4704895019531, 1453.8349609375]
[-93.45157623291016, -388.3358459472656, 1424.385498046875]
[-92.53826904296875, -433.13629150390625, 1437.49951171875]
[-92.70855712890625, -473.01422119140625, 1429.9041748046875]
[-96.99852752685547, -502.4247131347656, 1445.950927734375]
[-128.82479858398438, -520.8701782226562, 1467.5809326171875]
[-153.1254425048828, -513.4965209960938, 1485.382568359375]
[-155.9176788330078, -517.406494140625, 1498.6890869140625]
[-136.6302947998047, -483.64337158203125, 1492.7718505859375]
[-138.80514526367188, -466.7118225097656, 1506.57373046875]
[-144.36981201171875, -386.8465270996094, 1482.8616943359375]
[-164.0506591796875, -335.957763671875, 1505.0762939453125]
[-188.09278869628906, -309.2279357910156, 1530.4365234375]
[-223.36712646484375, -313.6629943847656, 1558.399658203125]
[-265.19976806640625, -351.9803466796875, 1571.40625]
[-299.95477294921875, -387.9736328125, 1582.113525390625]
[-330.28448486328125, -442.48638916015625, 1584.86767578125]
[-339.79583740234375, -470.10284423828125, 1580.30126953125]
[-364.83099365234375, -529.1470336914062, 1554.5712890625]
[-368.8794250488281, -555.1331787109375, 1535.3050537109375]
[-372.8246765136719, -566.333740234375, 1508.823974609375]
[-375.56011962890625, -582.52587890625, 1471.692138671875]
[-378.4134521484375, -579.5947875976562, 1441.6163330078125]
[-356.18231201171875, -578.603271484375, 1407.3743896484375]
[-335.50518798828125, -569.8229370117188, 1386.467041015625]
[-299.4658203125, -553.570068359375, 1353.8018798828125]
[-280.3617858886719, -511.6125793457031, 1355.3194580078125]
[-230.69798278808594, -489.4708251953125, 1343.484619140625]
[-196.73416137695312, -427.2689208984375, 1415.05029296875]
[-178.55186462402344, -436.40802001953125, 1428.8890380859375]
[-231.237060546875, -411.43524169921875, 1481.05859375]
[-155.0720977783203, -270.31988525390625, 1437.06591796875]
[-211.72657775878906, -319.54803466796875, 1526.95263671875]
[-142.78060913085938, -202.7186737060547, 1545.7720947265625]
[-225.0537567138672, -321.0666809082031, 1592.009765625]
[-256.2146911621094, -378.6094055175781, 1596.0343017578125]
[-281.9230041503906, -377.50067138671875, 1620.7852783203125]
[-263.8650817871094, -345.6198425292969, 1647.9599609375]
[-201.93975830078125, -280.2881164550781, 1590.3858642578125]
[-251.2124481201172, -337.3191223144531, 1669.607177734375]
[-202.5642852783203, -290.21710205078125, 1553.486328125]
[-272.22308349609375, -354.48388671875, 1642.8870849609375]
[-210.61349487304688, -412.9523010253906, 1526.508056640625]
[-62.788875579833984, -253.52847290039062, 1498.7572021484375]
[-84.37355041503906, -230.32366943359375, 1483.489501953125]
[-79.99835968017578, -190.01141357421875, 1401.853515625]
[-111.59526824951172, -191.2679901123047, 1395.906982421875]
[-116.34391784667969, -205.68075561523438, 1394.784423828125]
[-105.57831573486328, -236.2638397216797, 1404.486083984375]
[-94.72196197509766, -292.42047119140625, 1420.815185546875]
[-79.94879913330078, -347.2912292480469, 1445.340087890625]
[-42.390987396240234, -399.0761413574219, 1486.7279052734375]
[-29.58981704711914, -421.47039794921875, 1499.2412109375]
[6.610899925231934, -509.49859619140625, 1481.4556884765625]
[57.39118194580078, -533.846923828125, 1517.449462890625]
[68.008544921875, -541.206298828125, 1517.4996337890625]
[219.98828125, -544.27099609375, 1509.7835693359375]
[202.6338348388672, -545.5861206054688, 1485.9066162109375]
[216.1118621826172, -550.3599853515625, 1464.765625]
[214.53933715820312, -550.8868408203125, 1437.9019775390625]
[213.39065551757812, -548.0115356445312, 1419.5484619140625]
[204.16163635253906, -540.8548583984375, 1400.878173828125]
[195.6721649169922, -516.767822265625, 1395.3687744140625]
[181.08303833007812, -488.71038818359375, 1395.494873046875]
[184.41990661621094, -452.3780212402344, 1412.2379150390625]
[178.06175231933594, -397.5316162109375, 1430.379638671875]
[177.97491455078125, -358.3880920410156, 1448.208984375]
[169.4207763671875, -342.6476745605469, 1477.3582763671875]
[149.01333618164062, -346.8822021484375, 1503.9500732421875]
[124.96571350097656, -370.080810546875, 1523.0662841796875]
[107.26976013183594, -384.748291015625, 1541.3631591796875]
[96.66584777832031, -404.16650390625, 1559.3262939453125]
[97.10186767578125, -413.8959655761719, 1577.0389404296875]
[95.1960220336914, -423.5757141113281, 1587.05224609375]
[85.91653442382812, -423.5185852050781, 1588.2821044921875]
[68.39226531982422, -424.3841247558594, 1583.912109375]
[44.99930191040039, -423.37652587890625, 1579.82177734375]
[15.712141990661621, -411.66790771484375, 1585.1109619140625]
[-30.26673126220703, -415.8840026855469, 1593.013916015625]
[-76.96172332763672, -424.36907958984375, 1610.350830078125]
[-93.39710998535156, -424.625244140625, 1647.938232421875]
[-114.86311340332031, -397.7486267089844, 1667.135498046875]
[-119.42522430419922, -397.2640380859375, 1708.4404296875]
[-130.4520721435547, -432.9524230957031, 1767.6668701171875]
[-160.20269775390625, -518.7315673828125, 1785.01513671875]
[-145.04344177246094, -547.3377075195312, 1825.24853515625]
[-154.43943786621094, -540.7648315429688, 1826.7132568359375]
[-164.57723999023438, -569.142578125, 1844.168212890625]
[-177.55079650878906, -580.9732055664062, 1856.547607421875]
[-192.58924865722656, -591.9437866210938, 1873.7822265625]
[-189.7581329345703, -599.3922119140625, 1887.894287109375]
[-186.78408813476562, -598.6842041015625, 1901.2987060546875]
[-180.37789916992188, -601.0931396484375, 1914.27587890625]
[-172.96682739257812, -603.1708374023438, 1920.054931640625]
[-173.82589721679688, -600.5674438476562, 1923.245849609375]
[-189.11367797851562, -591.9057006835938, 1916.14013671875]
[-184.31475830078125, -590.449951171875, 1903.9678955078125]
[-191.3140869140625, -578.1323852539062, 1881.1612548828125]
[-191.19508361816406, -559.965087890625, 1861.1590576171875]
[-206.43136596679688, -508.5840759277344, 1818.3546142578125]
[-211.03811645507812, -481.17669677734375, 1797.75]
[-204.80760192871094, -465.0684509277344, 1795.177734375]
[-155.0673828125, -417.87225341796875, 1806.3179931640625]
[-173.31619262695312, -357.97332763671875, 1814.7962646484375]
[-145.147705078125, -311.3211364746094, 1847.2608642578125]
[-125.6502456665039, -273.7115478515625, 1889.4583740234375]
[-107.33509063720703, -248.13070678710938, 1918.743408203125]
[-114.46836853027344, -227.0210418701172, 1978.5712890625]
[-115.95965576171875, -221.24636840820312, 2019.470947265625]
[-87.42806243896484, -219.21023559570312, 2088.123291015625]
[-73.229248046875, -216.36830139160156, 2158.974609375]
[-67.76275634765625, -230.79904174804688, 2224.8125]
[-52.21670150756836, -241.0277862548828, 2299.66259765625]
[-34.927303314208984, -237.54849243164062, 2374.447998046875]
[-25.376054763793945, -242.7181854248047, 2434.502685546875]
[-10.82365608215332, -253.89939880371094, 2474.58154296875]
[-3.5719573497772217, -260.4001770019531, 2506.624755859375]
[31.706302642822266, -254.55191040039062, 2543.18310546875]
[63.52174377441406, -233.5425567626953, 2451.023193359375]
[69.28370666503906, -253.0291748046875, 2405.456298828125]
[70.94143676757812, -279.1183776855469, 2414.7080078125]
[91.03158569335938, -298.8665771484375, 2381.395751953125]
[89.31185913085938, -295.2492370605469, 2384.52685546875]
[75.1795883178711, -294.072021484375, 2354.515869140625]
[53.57334518432617, -292.9261474609375, 2365.097412109375]
[4.874937057495117, -272.4158020019531, 2397.2890625]
[6.798036575317383, -245.37435913085938, 2441.92529296875]
[-9.706110000610352, -244.0465545654297, 2422.795654296875]
[-40.233158111572266, -264.0339660644531, 2406.93115234375]
[-45.79298400878906, -259.2603759765625, 2361.6953125]
[-54.035797119140625, -241.3707733154297, 2292.123046875]
[-55.36228942871094, -225.7803497314453, 2251.72265625]
[-85.85740661621094, -213.37939453125, 2186.892333984375]
[-114.81861114501953, -205.4176483154297, 2103.82861328125]
[-145.99208068847656, -211.18130493164062, 2007.8604736328125]
[-180.9700469970703, -204.96649169921875, 1909.3004150390625]
[-198.2848358154297, -219.29010009765625, 1834.6424560546875]
[-212.1324462890625, -215.19248962402344, 1757.0677490234375]
[-202.11404418945312, -216.32090759277344, 1693.704833984375]
[-171.502685546875, -253.26759338378906, 1623.1607666015625]
[-150.07781982421875, -279.31707763671875, 1545.5606689453125]
[-125.70462799072266, -324.6003723144531, 1509.1156005859375]
[-93.17701721191406, -320.8862609863281, 1464.2916259765625]
[-81.3393783569336, -346.00518798828125, 1421.3050537109375]
[2.1245553493499756, -366.3763732910156, 1382.2061767578125]
[28.85822868347168, -380.6385192871094, 1365.6048583984375]
[73.8707046508789, -388.1632080078125, 1371.174072265625]
[107.9126968383789, -389.1911315917969, 1383.708984375]
[140.2859344482422, -375.5919189453125, 1400.982421875]
[139.66941833496094, -375.0860290527344, 1391.6973876953125]
[171.55780029296875, -356.4261474609375, 1433.65283203125]
[185.70431518554688, -359.79937744140625, 1479.8131103515625]
[184.65467834472656, -355.1372375488281, 1513.0360107421875]
[182.30360412597656, -344.3459167480469, 1524.68212890625]
[146.06019592285156, -310.6397399902344, 1578.31103515625]
[113.28125, -297.25445556640625, 1590.4193115234375]
[85.1790771484375, -286.5763244628906, 1583.180908203125]
[0,0,0]
[0,0,0]
[0,0,0]
[0,0,0]
[0,0,0]
[0,0,0]
[0,0,0]
[0,0,0]
[0,0,0]
[0,0,0]
[0,0,0]
[0,0,0]
[0,0,0]
[0,0,0]
[0,0,0]
[0,0,0]
[0,0,0]
[0,0,0]
[0,0,0]
[0,0,0]
[0,0,0]
[0,0,0]
[0,0,0]
[0,0,0]
[0,0,0]
[0,0,0]
[0,0,0]
[0,0,0]
[0,0,0]
[0,0,0]
[0,0,0]
[0,0,0]
[0,0,0]
[0,0,0]
[0,0,0]
[0,0,0]
[0,0,0]
[0,0,0]
[0,0,0]
[0,0,0]
[0,0,0]
[0,0,0]
[0,0,0]
[0,0,0]
[0,0,0]
[0,0,0]
[0,0,0]
[0,0,0]
[0,0,0]
[0,0,0]
[0,0,0]
[0,0,0]
[0,0,0]
[0,0,0]
[0,0,0]
[0,0,0]
[0,0,0]
[0,0,0]
[0,0,0]
[0,0,0]
[0,0,0]
[0,0,0]
[0,0,0]
[0,0,0]
[0,0,0]
[0,0,0]
[0,0,0]
[0,0,0]
[0,0,0]
[0,0,0]
[0,0,0]
[0,0,0]
[0,0,0]
[0,0,0]
[0,0,0]
[0,0,0]
[0,0,0]
[0,0,0]
[0,0,0]
[0,0,0]
[0,0,0]
[0,0,0]
[0,0,0]
[0,0,0]
[0,0,0]
[0,0,0]
[0,0,0]
[0,0,0]
[0,0,0]
[0,0,0]
[0,0,0]
[0,0,0]
[0,0,0]
[0,0,0]
[0,0,0]
[0,0,0]
[0,0,0]
[0,0,0]
[0,0,0]
[0,0,0]
[0,0,0]
[0,0,0]
[0,0,0]
[0,0,0]
[0,0,0]
[0,0,0]
[0,0,0]
[0,0,0]
[0,0,0]
[0,0,0]
[0,0,0]
[0,0,0]
[0,0,0]
[0,0,0]
[0,0,0]
[0,0,0]
[0,0,0]
[0,0,0]
[0,0,0]
[0,0,0]
[0,0,0]
[0,0,0]
[0,0,0]
[0,0,0]
[0,0,0]
[0,0,0]
[0,0,0]
[0,0,0]
[0,0,0]
[0,0,0]
[0,0,0]
[0,0,0]
[0,0,0]
[0,0,0]
[0,0,0]
[0,0,0]
[0,0,0]
[0,0,0]
[0,0,0]
[0,0,0]
[0,0,0]
[0,0,0]
[0,0,0]
[0,0,0]
[0,0,0]
[0,0,0]
[0,0,0]
[0,0,0]
[0,0,0]
[0,0,0]
[0,0,0]
[0,0,0]
[0,0,0]
[0,0,0]
[0,0,0]
[0,0,0]
[0,0,0]
[0,0,0]
[0,0,0]
[0,0,0]
[0,0,0]
[0,0,0]
[0,0,0]
[0,0,0]
[0,0,0]
[0,0,0]
[0,0,0]
[0,0,0]
[0,0,0]
[0,0,0]
[0,0,0]
[0,0,0]
[0,0,0]
[0,0,0]
[0,0,0]
[0,0,0]
[0,0,0]
[0,0,0]
[0,0,0]
[0,0,0]
[0,0,0]
[0,0,0]
[0,0,0]
[0,0,0]
[0,0,0]
[0,0,0]
[0,0,0]
[0,0,0]
[0,0,0]
[0,0,0]
[0,0,0]
[0,0,0]
[0,0,0]
[0,0,0]
[0,0,0]
[0,0,0]
[0,0,0]
[0,0,0]
[0,0,0]
[0,0,0]
[0,0,0]
[0,0,0]
[0,0,0]
[0,0,0]
[0,0,0]
[0,0,0]
[0,0,0]
[0,0,0]
[0,0,0]
[0,0,0]
[0,0,0]
[0,0,0]
[0,0,0]
[0,0,0]
[0,0,0]
[0,0,0]
[0,0,0]
[0,0,0]
[0,0,0]
[0,0,0]
[0,0,0]
[0,0,0]
[0,0,0]
[0,0,0]
[0,0,0]
[0,0,0]
[0,0,0]
[0,0,0]
[0,0,0]
[0,0,0]
[0,0,0]
[0,0,0]
[0,0,0]
[0,0,0]
[0,0,0]
[0,0,0]
[0,0,0]
[0,0,0]
[0,0,0]
[0,0,0]
[0,0,0]
[0,0,0]
[0,0,0]
[0,0,0]
[0,0,0]
[0,0,0]
[0,0,0]
[0,0,0]
[0,0,0]
[0,0,0]
[0,0,0]
[0,0,0]
[0,0,0]
[0,0,0]
[0,0,0]
[0,0,0]
[0,0,0]
[0,0,0]
[0,0,0]
[0,0,0]
[0,0,0]
[0,0,0]
[0,0,0]
[0,0,0]
[0,0,0]
[0,0,0]
[0,0,0]
[0,0,0]
[0,0,0]
[0,0,0]
[0,0,0]
[0,0,0]
[0,0,0]
[0,0,0]
[0,0,0]
[0,0,0]
[0,0,0]
[0,0,0]
[0,0,0]
[0,0,0]
[0,0,0]
[0,0,0]
[0,0,0]
[0,0,0]
[0,0,0]
[0,0,0]
[0,0,0]
[0,0,0]
[0,0,0]
[0,0,0]
[0,0,0]
[0,0,0]
[0,0,0]
[0,0,0]
[0,0,0]
[0,0,0]
[0,0,0]
[0,0,0]
[0,0,0]
[0,0,0]
[0,0,0]
[0,0,0]
[0,0,0]
[0,0,0]
[0,0,0]
[0,0,0]
[0,0,0]
[0,0,0]
[0,0,0]
[0,0,0]
[0,0,0]
[0,0,0]
[0,0,0]
[0,0,0]
[0,0,0]
[0,0,0]
[0,0,0]
[0,0,0]
[0,0,0]
[0,0,0]
[0,0,0]
[0,0,0]
[0,0,0]
[0,0,0]
[0,0,0]
[0,0,0]
[0,0,0]
[0,0,0]
[0,0,0]
[0,0,0]
[0,0,0]
[0,0,0]
[0,0,0]
[0,0,0]
[0,0,0]
[0,0,0]
[0,0,0]
[0,0,0]
[0,0,0]
[0,0,0]
[0,0,0]
[0,0,0]
[0,0,0]
[0,0,0]
[0,0,0]
[0,0,0]
[0,0,0]
[0,0,0]
[0,0,0]
[0,0,0]
[0,0,0]
[0,0,0]
[0,0,0]
[0,0,0]
[0,0,0]
[0,0,0]
[0,0,0]
[0,0,0]
[0,0,0]
[0,0,0]
[0,0,0]
[0,0,0]
[0,0,0]
[0,0,0]
[0,0,0]
[0,0,0]
[0,0,0]
[0,0,0]
[0,0,0]
[0,0,0]
[0,0,0]
[0,0,0]
[0,0,0]
[0,0,0]
[0,0,0]
[0,0,0]
[0,0,0]
[0,0,0]
[0,0,0]
[0,0,0]
[0,0,0]
[0,0,0]
[0,0,0]
[0,0,0]
[0,0,0]
[0,0,0]
[0,0,0]
[0,0,0]
[0,0,0]
[0,0,0]
[0,0,0]
[0,0,0]
[0,0,0]
[0,0,0]
[0,0,0]
[0,0,0]
[0,0,0]
[0,0,0]
[0,0,0]
[0,0,0]
[0,0,0]
[0,0,0]
[0,0,0]
[0,0,0]
[0,0,0]
[0,0,0]
[0,0,0]
[0,0,0]
[0,0,0]
[0,0,0]
[0,0,0]
[0,0,0]
[0,0,0]
[0,0,0]
[0,0,0]
[0,0,0]
[0,0,0]
[0,0,0]
[0,0,0]
[0,0,0]
[0,0,0]
[0,0,0]
[0,0,0]
[0,0,0]
[0,0,0]
[0,0,0]
[0,0,0]
[0,0,0]
[0,0,0]
[0,0,0]
[0,0,0]
[0,0,0]
[0,0,0]
[0,0,0]
[0,0,0]
[0,0,0]
[0,0,0]
[0,0,0]
[0,0,0]
[0,0,0]
[0,0,0]
[0,0,0]
[0,0,0]
[0,0,0]
[0,0,0]
[0,0,0]
[0,0,0]
[0,0,0]
[0,0,0]
[0,0,0]
[0,0,0]
[0,0,0]
