452
30
[-222.5549469,985.91087341,1017.68066406]
[-212.46461487,983.68971252,998.8840332]
[-205.44892883,977.01246643,1012.3729248]
[-203.02490234,973.39717102,1016.52648926]
[-192.76266479,979.30528259,1008.00964355]
[-193.6098175,974.92597961,1020.13415527]
[-185.89628601,984.11358643,1002.72961426]
[-180.89111328,981.25349426,1014.35705566]
[-170.85395813,981.37109375,1001.7199707]
[-166.74172974,977.00949097,1004.27490234]
[-164.07859802,977.21679688,1002.56445312]
[-163.73823547,974.83796692,1005.77734375]
[-163.65107727,975.72541809,1003.34094238]
[-162.72491455,976.27711487,1002.37939453]
[-155.32142639,974.69445801,1002.15576172]
[-154.19700623,975.01506042,1016.38842773]
[-150.64245605,975.89013672,1003.47998047]
[-150.06007385,975.57556152,1002.96850586]
[-149.01321411,975.48751831,1002.39941406]
[-146.93540955,968.98616028,1030.3092041]
[-147.38496399,970.4934082,1011.0213623]
[-144.73532104,969.87365723,1013.61486816]
[-145.14001465,970.37008667,1014.73193359]
[-143.15385437,974.35919189,1011.71875]
[-143.07752991,972.7220459,1009.90966797]
[-143.71788025,973.55386353,1008.20800781]
[-146.22506714,974.36720276,1007.55212402]
[-144.82685852,976.44874573,1007.24267578]
[-150.49360657,975.48435974,1020.71813965]
[-152.83494568,977.54417419,1003.10180664]
[-153.65744019,978.30859375,1002.62646484]
[-153.84280396,978.58480835,1001.70593262]
[-154.18708801,978.97676086,999.98278809]
[-157.4960022,979.32243347,994.49462891]
[-161.84794617,977.14103699,1011.35656738]
[-155.09446716,991.08224487,986.13757324]
[-155.14303589,991.05856323,986.2980957]
[-168.8775177,974.70629883,1042.18029785]
[-182.13464355,1001.48779297,1017.53356934]
[-164.01759338,1012.05950928,1061.91381836]
[-228.1585083,1161.28442383,863.00305176]
[-258.87615967,1263.89239502,787.93237305]
[-311.95794678,1348.55700684,763.14660645]
[-312.04138184,1398.34155273,708.20556641]
[-321.7355957,1440.43231201,718.0904541]
[-307.42910767,1499.46923828,718.39685059]
[-283.82199097,1523.57336426,664.73181152]
[-289.38119507,1565.91583252,629.83508301]
[-279.72375488,1583.2210083,632.85778809]
[-273.4468689,1585.36962891,631.40380859]
[-263.7819519,1569.96850586,635.68920898]
[-261.02441406,1540.82312012,616.52185059]
[-271.93157959,1511.16625977,591.59387207]
[-247.90647888,1479.9317627,597.63537598]
[-240.28782654,1435.55822754,557.58459473]
[-227.01771545,1416.94122314,523.7545166]
[-186.86839294,1436.48858643,454.52856445]
[-155.23318481,1447.42608643,389.46557617]
[-130.75184631,1469.51208496,366.1973877]
[-106.53658295,1493.69500732,350.37487793]
[-94.99362183,1516.74768066,391.71899414]
[-84.3072052,1514.23748779,407.22033691]
[-76.620224,1514.75463867,424.46166992]
[-59.35604858,1508.88739014,465.15222168]
[-39.92520142,1475.20574951,521.41418457]
[-60.78220749,1445.41186523,571.85095215]
[-83.19644928,1389.95111084,594.64624023]
[-62.58761978,1309.29135132,648.23266602]
[-121.68714142,1219.61218262,678.82629395]
[-131.96369934,1229.23110962,750.89294434]
[-157.58590698,1069.68920898,804.90014648]
[-186.71917725,1010.91593933,892.7088623]
[-166.2265625,1011.44351196,927.8614502]
[-148.795578,967.6943512,1037.07507324]
[-165.79382324,1109.98104858,1005.64123535]
[-236.76037598,1263.27380371,995.89990234]
[-245.97697449,1293.88504028,1006.63110352]
[-235.83761597,1323.22094727,1009.97827148]
[-223.51382446,1371.1161499,993.31188965]
[-216.74055481,1398.26599121,969.79907227]
[-216.91511536,1413.27679443,957.44604492]
[-215.35908508,1422.4864502,940.81835938]
[-222.97163391,1418.61749268,930.90270996]
[-226.60894775,1417.95123291,922.52185059]
[-247.18772888,1386.3104248,927.76611328]
[-268.31924438,1350.31774902,937.67871094]
[-269.89736938,1287.18084717,957.6953125]
[-285.55435181,1235.53427124,990.33789062]
[-259.31655884,1188.16238403,1021.5234375]
[-241.21305847,1147.50576782,1058.38623047]
[-166.00259399,1108.05932617,1097.76733398]
[-154.06715393,1101.96505737,1017.00610352]
[-88.98397064,1035.74858093,1030.48706055]
[-24.05148697,1023.53381348,1102.17138672]
[-74.88233185,1028.95330811,1061.34960938]
[-108.83675385,1082.45269775,1064.85864258]
[-138.20698547,1109.32366943,1071.93261719]
[121.49552917,1134.60745239,1023.42102051]
[195.10774231,1133.871521,1056.53442383]
[230.90881348,1152.25372314,1085.62036133]
[203.03128052,1211.26370239,956.25976562]
[192.52348328,1261.72854614,957.26989746]
[212.6683197,1273.6065979,929.19763184]
[248.14297485,1283.93313599,984.3203125]
[261.6078186,1296.14117432,973.95471191]
[321.54742432,1308.23580933,982.94067383]
[402.78588867,1322.83294678,1019.08349609]
[456.97729492,1376.24169922,1003.64904785]
[479.42941284,1402.82354736,990.71044922]
[529.85205078,1406.50817871,995.61291504]
[592.48730469,1386.90576172,1011.80932617]
[596.88555908,1367.65423584,1019.20532227]
[569.7989502,1380.24029541,1020.99938965]
[552.4041748,1351.68164062,1041.82885742]
[493.30715942,1314.59741211,1068.25561523]
[459.07159424,1283.66159058,1110.8671875]
[347.86621094,1227.01040649,1086.96972656]
[270.12158203,1204.64068604,1105.59765625]
[229.15486145,1180.7935791,1121.70288086]
[195.94018555,1165.68948364,1118.83764648]
[172.78443909,1143.62203979,1120.34790039]
[123.47674561,1133.25164795,1126.88769531]
[92.3449707,1149.89257812,1127.41308594]
[-28.96863174,1361.51708984,1071.35546875]
[-75.99267578,1403.13140869,1013.16931152]
[-86.93762207,1399.12774658,964.37438965]
[-77.60484314,1360.69506836,904.62902832]
[-48.77094269,1307.04760742,856.51330566]
[13.44329071,1229.62457275,897.56481934]
[28.27870941,1183.08929443,857.97595215]
[21.77003098,1159.87927246,854.10339355]
[8.37346935,1126.27078247,850.76733398]
[-18.08212662,1103.01727295,881.71655273]
[-34.42052078,1091.13113403,896.37426758]
[-63.0710144,1081.13092041,923.48010254]
[-92.17123413,1121.16088867,897.26745605]
[-99.93751526,1119.31918335,850.44091797]
[-121.04083252,1099.62133789,822.38061523]
[-126.31034851,1133.93902588,828.00341797]
[-151.53611755,1179.67541504,829.33813477]
[-182.37677002,1206.45669556,840.76062012]
[-203.33454895,1208.91247559,833.49084473]
[-235.81028748,1194.90640259,838.43859863]
[-280.22473145,1160.15411377,810.53210449]
[-326.72796631,1165.59780884,729.21643066]
[-352.04214478,1209.54696655,683.93139648]
[-362.20684814,1214.23849487,603.97094727]
[-350.11068726,1239.52841187,571.93701172]
[-336.0296936,1305.48077393,491.91210938]
[-327.66030884,1332.3338623,450.92163086]
[-287.19122314,1340.86090088,396.57714844]
[-279.67910767,1378.02630615,339.48510742]
[-262.18811035,1384.97351074,301.75476074]
[-224.20373535,1402.15057373,245.30432129]
[-199.03549194,1404.19519043,220.88269043]
[-186.29832458,1385.94787598,202.02575684]
[-185.52786255,1373.24755859,198.88525391]
[-193.20489502,1339.88726807,218.34814453]
[-206.8782196,1298.59713745,243.54150391]
[-218.74105835,1271.60070801,266.70776367]
[-198.23612976,1205.43731689,315.22729492]
[-226.02703857,1128.89385986,353.68481445]
[-246.61236572,1071.86233521,394.21008301]
[-278.17410278,1005.07473755,432.79406738]
[-294.00286865,972.44151306,485.25427246]
[-360.26422119,1005.55877686,477.87561035]
[-375.26507568,1003.93266296,496.34436035]
[-389.97686768,1009.92709351,521.12939453]
[-403.24533081,1022.17424011,533.08093262]
[-422.19265747,1039.21936035,541.10974121]
[-437.33618164,1054.06771851,545.27819824]
[-452.27786255,1065.34075928,538.63476562]
[-465.03811646,1052.88963318,522.22424316]
[-492.08441162,1059.10894775,463.47766113]
[-509.09643555,1034.50210571,415.63354492]
[-510.68527222,1034.04177856,384.58093262]
[-515.60784912,1046.20846558,268.03417969]
[-486.62234497,1034.82489014,190.57043457]
[-451.3727417,1050.46826172,140.17480469]
[-375.57189941,1100.73721313,112.46203613]
[-358.20709229,1148.69171143,104.13183594]
[-338.16546631,1180.44403076,90.69091797]
[-325.7555542,1208.21334839,77.15112305]
[-315.1852417,1235.32363892,66.69104004]
[-315.2328186,1249.38705444,64.6763916]
[-312.11120605,1252.35742188,76.9798584]
[-332.77325439,1227.24435425,102.91796875]
[-368.36572266,1213.07510376,125.77697754]
[-390.97122192,1213.35452271,142.93408203]
[-421.77874756,1203.42190552,201.76379395]
[-429.45199585,1186.73309326,246.8527832]
[-438.95553589,1138.83154297,302.33007812]
[-432.42062378,1105.32141113,354.59863281]
[-419.07241821,1031.55734253,417.83496094]
[-396.54989624,1005.07589722,465.80493164]
[-359.65264893,969.39154053,521.09875488]
[-356.64251709,954.84831238,546.65588379]
[-341.68164062,939.49771118,577.48364258]
[-338.97521973,942.57937622,600.60388184]
[-337.22607422,967.17990112,626.69067383]
[-331.7520752,987.53981018,654.13952637]
[-324.97103882,995.63796997,684.20361328]
[-327.26226807,1016.03140259,708.30444336]
[-329.13711548,1028.34506226,734.5324707]
[-329.74871826,1040.23217773,762.94567871]
[-333.5647583,1041.87046814,788.71875]
[-328.05636597,1037.65394592,814.15148926]
[-319.18811035,1025.49734497,846.05334473]
[-303.93081665,1016.44187927,863.9786377]
[-298.15335083,999.92414856,888.68310547]
[-266.24465942,987.14950562,899.33862305]
[-260.85708618,969.68904114,918.55664062]
[-237.9911499,965.72898865,928.65246582]
[-210.10818481,957.05116272,969.43225098]
[-192.63464355,960.90893555,1015.68127441]
[-173.74717712,998.7394104,1038.57727051]
[-154.38392639,1036.41433716,1074.26147461]
[-143.28103638,1070.00845337,1089.50537109]
[-141.28312683,1078.25137329,1112.63452148]
[-141.88459778,1078.16567993,1134.33203125]
[-138.05152893,1063.48779297,1140.39526367]
[-141.61026001,1015.59315491,1181.77514648]
[-139.11190796,1015.38160706,1178.85253906]
[-137.41984558,1003.37483215,1162.52319336]
[-129.18322754,990.67921448,1147.44946289]
[-127.412323,998.82365417,1124.74243164]
[-128.05421448,1013.63702393,1096.30859375]
[-124.55288696,1046.4801178,1049.9206543]
[-112.72306824,1095.36633301,1007.93334961]
[-131.13716125,1104.86233521,996.9888916]
[-116.70002747,1206.30596924,940.47424316]
[-134.10212708,1317.54699707,922.82592773]
[-139.31071472,1336.76300049,894.83740234]
[-150.49465942,1360.64007568,871.68896484]
[-162.0218811,1382.3215332,848.95788574]
[-152.97010803,1368.18884277,826.69030762]
[-146.90867615,1343.87799072,808.73571777]
[-143.89653015,1328.29296875,798.39538574]
[-134.32315063,1295.16647339,785.89648438]
[-136.58786011,1276.35998535,806.48327637]
[-123.14321899,1235.3444519,801.43054199]
[-135.71447754,1197.7059021,812.22753906]
[-138.84403992,1148.9213562,832.28100586]
[-132.04953003,1111.16885376,876.59777832]
[-78.9473877,1096.18603516,933.89941406]
[-92.0426178,1040.06570435,904.74621582]
[-132.4103241,850.42996979,1152.20385742]
[-114.20359039,832.02998734,1185.92285156]
[-96.73708344,831.74735641,1192.25537109]
[-99.90113068,806.22490025,1165.05004883]
[-104.72968292,770.20304108,1172.70385742]
[-103.43425751,732.13987732,1177.24560547]
[-116.60772705,700.85101318,1185.47485352]
[-121.55058289,657.70793152,1175.00292969]
[-133.75796509,638.06390381,1167.0612793]
[-126.85708618,625.79141235,1146.2409668]
[-123.70391083,616.77868652,1106.3293457]
[-112.85110474,629.84208679,1064.4284668]
[-91.27711487,656.57214355,984.81091309]
[-76.52075958,719.71491241,893.53552246]
[-69.82693481,793.73544741,829.0703125]
[-39.98919678,901.16291046,781.02111816]
[-15.48662758,1007.33518982,754.21984863]
[4.50280285,1082.58602905,737.90612793]
[-2.46959925,1149.06826782,699.72888184]
[-6.23926520e-01,1.21905911e+03,6.65536499e+02]
[-6.61253929,1300.46963501,664.51611328]
[-12.10823631,1380.76690674,677.34130859]
[-23.39251328,1424.55340576,678.65771484]
[-50.19094849,1441.16265869,632.95471191]
[-95.20820618,1477.45428467,660.63427734]
[-111.68299103,1478.95489502,688.24523926]
[-129.56031799,1462.08258057,674.93164062]
[-135.07823181,1444.47357178,690.64282227]
[-126.22570801,1419.23895264,719.20544434]
[-142.58183289,1402.86047363,781.25268555]
[-139.88108826,1351.19622803,797.00610352]
[-130.33917236,1293.15487671,824.3092041]
[-126.78459167,1238.86523438,845.51025391]
[-117.60364532,1139.04589844,892.65393066]
[-87.77588654,1069.60397339,937.40393066]
[-118.63751984,982.10437012,1044.16271973]
[-138.93048096,986.61607361,1018.37915039]
[-143.40103149,997.53355408,996.31542969]
[-154.70089722,981.93249512,979.61901855]
[-183.87672424,980.08624268,964.45031738]
[-175.1479187,960.3044281,967.43908691]
[-197.12609863,959.21095276,926.36132812]
[-184.51298523,949.10206604,823.46630859]
[-186.50117493,963.79199219,762.17004395]
[-179.17102051,978.52848816,699.08117676]
[-181.52392578,982.77557373,660.60205078]
[-175.48880005,1020.54319763,574.02868652]
[-155.55093384,1042.62728882,517.69372559]
[-130.23309326,1078.60797119,479.80224609]
[-112.71163177,1136.4704895,453.83496094]
[-93.45157623,1188.33584595,424.38549805]
[-92.53826904,1233.1362915,437.49951172]
[-92.70855713,1273.01422119,429.9041748]
[-96.99852753,1302.42471313,445.95092773]
[-128.82479858,1320.87017822,467.58093262]
[-153.1254425,1313.496521,485.38256836]
[-155.91767883,1317.40649414,498.68908691]
[-136.6302948,1283.64337158,492.77185059]
[-138.80514526,1266.71182251,506.57373047]
[-144.36981201,1186.8465271,482.86169434]
[-164.05065918,1135.95776367,505.07629395]
[-188.0927887,1109.22793579,530.43652344]
[-223.36712646,1113.66299438,558.3996582]
[-265.19976807,1151.98034668,571.40625]
[-299.95477295,1187.97363281,582.11352539]
[-330.28448486,1242.48638916,584.86767578]
[-339.7958374,1270.10284424,580.30126953]
[-364.83099365,1329.14703369,554.57128906]
[-368.87942505,1355.13317871,535.30505371]
[-372.82467651,1366.33374023,508.82397461]
[-375.56011963,1382.52587891,471.69213867]
[-378.41345215,1379.5947876,441.61633301]
[-356.18231201,1378.60327148,407.37438965]
[-335.50518799,1369.82293701,386.46704102]
[-299.46582031,1353.57006836,353.80187988]
[-280.36178589,1311.61257935,355.31945801]
[-230.69798279,1289.4708252,343.48461914]
[-196.73416138,1227.2689209,415.05029297]
[-178.55186462,1236.40802002,428.88903809]
[-231.23706055,1211.4352417,481.05859375]
[-155.07209778,1070.31988525,437.06591797]
[-211.72657776,1119.54803467,526.95263672]
[-142.78060913,1002.71867371,545.77209473]
[-225.05375671,1121.06668091,592.00976562]
[-256.21469116,1178.60940552,596.03430176]
[-281.92300415,1177.50067139,620.78527832]
[-263.86508179,1145.61984253,647.95996094]
[-201.9397583,1080.28811646,590.38586426]
[-251.21244812,1137.31912231,669.60717773]
[-202.56428528,1090.21710205,553.48632812]
[-272.2230835,1154.48388672,642.88708496]
[-210.61349487,1212.95230103,526.50805664]
[-62.78887558,1053.5284729,498.75720215]
[-84.37355042,1030.32366943,483.48950195]
[-79.99835968,990.01141357,401.85351562]
[-111.59526825,991.26799011,395.90698242]
[-116.34391785,1005.68075562,394.78442383]
[-105.57831573,1036.26383972,404.48608398]
[-94.72196198,1092.42047119,420.81518555]
[-79.94879913,1147.29122925,445.34008789]
[-42.3909874,1199.07614136,486.72790527]
[-29.58981705,1221.47039795,499.24121094]
[6.61089993,1309.49859619,481.45568848]
[57.39118195,1333.84692383,517.44946289]
[68.00854492,1341.20629883,517.49963379]
[219.98828125,1344.27099609,509.78356934]
[202.63383484,1345.58612061,485.90661621]
[216.11186218,1350.35998535,464.765625]
[214.53933716,1350.88684082,437.90197754]
[213.39065552,1348.01153564,419.54846191]
[204.16163635,1340.8548584,400.87817383]
[195.67216492,1316.76782227,395.36877441]
[181.08303833,1288.71038818,395.49487305]
[184.41990662,1252.37802124,412.23791504]
[178.06175232,1197.53161621,430.37963867]
[177.97491455,1158.38809204,448.20898438]
[169.42077637,1142.64767456,477.35827637]
[149.01333618,1146.88220215,503.95007324]
[124.9657135,1170.08081055,523.06628418]
[107.26976013,1184.74829102,541.36315918]
[96.66584778,1204.16650391,559.32629395]
[97.10186768,1213.89596558,577.03894043]
[95.19602203,1223.57571411,587.05224609]
[85.91653442,1223.51858521,588.28210449]
[68.39226532,1224.38412476,583.91210938]
[44.99930191,1223.37652588,579.82177734]
[15.71214199,1211.66790771,585.11096191]
[-30.26673126,1215.88400269,593.01391602]
[-76.96172333,1224.36907959,610.35083008]
[-93.39710999,1224.62524414,647.93823242]
[-114.8631134,1197.74862671,667.13549805]
[-119.4252243,1197.26403809,708.44042969]
[-130.45207214,1232.9524231,767.66687012]
[-160.20269775,1318.73156738,785.01513672]
[-145.04344177,1347.33770752,825.24853516]
[-154.43943787,1340.76483154,826.71325684]
[-164.57723999,1369.14257812,844.16821289]
[-177.55079651,1380.97320557,856.54760742]
[-192.58924866,1391.94378662,873.78222656]
[-189.75813293,1399.39221191,887.89428711]
[-186.78408813,1398.6842041,901.29870605]
[-180.37789917,1401.09313965,914.27587891]
[-172.96682739,1403.1708374,920.05493164]
[-173.82589722,1400.56744385,923.24584961]
[-189.11367798,1391.90570068,916.14013672]
[-184.3147583,1390.44995117,903.96789551]
[-191.31408691,1378.13238525,881.16125488]
[-191.19508362,1359.96508789,861.15905762]
[-206.43136597,1308.58407593,818.35461426]
[-211.03811646,1281.17669678,797.75]
[-204.80760193,1265.06845093,795.17773438]
[-155.06738281,1217.87225342,806.31799316]
[-173.31619263,1157.97332764,814.79626465]
[-145.14770508,1111.32113647,847.26086426]
[-125.65024567,1073.71154785,889.45837402]
[-107.33509064,1048.13070679,918.7434082]
[-114.46836853,1027.02104187,978.57128906]
[-115.95965576,1021.24636841,1019.47094727]
[-87.42806244,1019.2102356,1088.12329102]
[-73.22924805,1016.36830139,1158.97460938]
[-67.76275635,1030.79904175,1224.8125]
[-52.21670151,1041.02778625,1299.66259766]
[-34.92730331,1037.54849243,1374.44799805]
[-25.37605476,1042.71818542,1434.50268555]
[-10.82365608,1053.8993988,1474.58154297]
[-3.57195735,1060.400177,1506.62475586]
[31.70630264,1054.5519104,1543.18310547]
[63.52174377,1033.54255676,1451.02319336]
[69.28370667,1053.0291748,1405.45629883]
[70.94143677,1079.11837769,1414.70800781]
[91.03158569,1098.86657715,1381.39575195]
[89.31185913,1095.24923706,1384.52685547]
[75.17958832,1094.07202148,1354.51586914]
[53.57334518,1092.92614746,1365.09741211]
[4.87493706,1072.415802,1397.2890625]
[6.79803658,1045.37435913,1441.92529297]
[-9.70611,1044.04655457,1422.7956543]
[-40.23315811,1064.03396606,1406.93115234]
[-45.79298401,1059.26037598,1361.6953125]
[-54.03579712,1041.37077332,1292.12304688]
[-55.36228943,1025.78034973,1251.72265625]
[-85.85740662,1013.37939453,1186.89233398]
[-114.81861115,1005.41764832,1103.82861328]
[-145.99208069,1011.18130493,1007.86047363]
[-180.970047,1004.9664917,909.30041504]
[-198.28483582,1019.2901001,834.64245605]
[-212.13244629,1015.19248962,757.06774902]
[-202.11404419,1016.32090759,693.70483398]
[-171.50268555,1053.26759338,623.1607666]
[-150.07781982,1079.31707764,545.56066895]
[-125.70462799,1124.60037231,509.11560059]
[-93.17701721,1120.88626099,464.29162598]
[-81.33937836,1146.00518799,421.30505371]
[2.12455535,1166.37637329,382.20617676]
[28.85822868,1180.63851929,365.6048584]
[73.87070465,1188.16320801,371.17407227]
[107.91269684,1189.19113159,383.70898438]
[140.28593445,1175.59191895,400.98242188]
[139.66941833,1175.08602905,391.6973877]
[171.55780029,1156.42614746,433.65283203]
[185.70431519,1159.79937744,479.81311035]
[184.65467834,1155.13723755,513.03601074]
[182.30360413,1144.34591675,524.68212891]
[146.06019592,1110.63973999,578.31103516]
[113.28125,1097.25445557,590.41931152]
[85.17907715,1086.57632446,583.1809082]
[0,0,0]
[0,0,0]
[0,0,0]
[0,0,0]
[0,0,0]
[0,0,0]
[0,0,0]
[0,0,0]
[0,0,0]
[0,0,0]
[0,0,0]
[0,0,0]
[0,0,0]
[0,0,0]
[0,0,0]
[0,0,0]
[0,0,0]
[0,0,0]
[0,0,0]
[0,0,0]
[0,0,0]
[0,0,0]
[0,0,0]
[0,0,0]
[0,0,0]
[0,0,0]
[0,0,0]
[0,0,0]
[0,0,0]
[0,0,0]
[0,0,0]
[0,0,0]
[0,0,0]
[0,0,0]
[0,0,0]
[0,0,0]
[0,0,0]
[0,0,0]
[0,0,0]
[0,0,0]
[0,0,0]
[0,0,0]
[0,0,0]
[0,0,0]
[0,0,0]
[0,0,0]
[0,0,0]
[0,0,0]
[0,0,0]
[0,0,0]
[0,0,0]
[0,0,0]
[0,0,0]
[0,0,0]
[0,0,0]
[0,0,0]
[0,0,0]
[0,0,0]
[0,0,0]
[0,0,0]
[0,0,0]
[0,0,0]
[0,0,0]
[0,0,0]
[0,0,0]
[0,0,0]
[0,0,0]
[0,0,0]
[0,0,0]
[0,0,0]
[0,0,0]
[0,0,0]
[0,0,0]
[0,0,0]
[0,0,0]
[0,0,0]
[0,0,0]
[0,0,0]
[0,0,0]
[0,0,0]
[0,0,0]
[0,0,0]
[0,0,0]
[0,0,0]
[0,0,0]
[0,0,0]
[0,0,0]
[0,0,0]
[0,0,0]
[0,0,0]
[0,0,0]
[0,0,0]
[0,0,0]
[0,0,0]
[0,0,0]
[0,0,0]
[0,0,0]
[0,0,0]
[0,0,0]
[0,0,0]
[0,0,0]
[0,0,0]
[0,0,0]
[0,0,0]
[0,0,0]
[0,0,0]
[0,0,0]
[0,0,0]
[0,0,0]
[0,0,0]
[0,0,0]
[0,0,0]
[0,0,0]
[0,0,0]
[0,0,0]
[0,0,0]
[0,0,0]
[0,0,0]
[0,0,0]
[0,0,0]
[0,0,0]
[0,0,0]
[0,0,0]
[0,0,0]
[0,0,0]
[0,0,0]
[0,0,0]
[0,0,0]
[0,0,0]
[0,0,0]
[0,0,0]
[0,0,0]
[0,0,0]
[0,0,0]
[0,0,0]
[0,0,0]
[0,0,0]
[0,0,0]
[0,0,0]
[0,0,0]
[0,0,0]
[0,0,0]
[0,0,0]
[0,0,0]
[0,0,0]
[0,0,0]
[0,0,0]
[0,0,0]
[0,0,0]
[0,0,0]
[0,0,0]
[0,0,0]
[0,0,0]
[0,0,0]
[0,0,0]
[0,0,0]
[0,0,0]
[0,0,0]
[0,0,0]
[0,0,0]
[0,0,0]
[0,0,0]
[0,0,0]
[0,0,0]
[0,0,0]
[0,0,0]
[0,0,0]
[0,0,0]
[0,0,0]
[0,0,0]
[0,0,0]
[0,0,0]
[0,0,0]
[0,0,0]
[0,0,0]
[0,0,0]
[0,0,0]
[0,0,0]
[0,0,0]
[0,0,0]
[0,0,0]
[0,0,0]
[0,0,0]
[0,0,0]
[0,0,0]
[0,0,0]
[0,0,0]
[0,0,0]
[0,0,0]
[0,0,0]
[0,0,0]
[0,0,0]
[0,0,0]
[0,0,0]
[0,0,0]
[0,0,0]
[0,0,0]
[0,0,0]
[0,0,0]
[0,0,0]
[0,0,0]
[0,0,0]
[0,0,0]
[0,0,0]
[0,0,0]
[0,0,0]
[0,0,0]
[0,0,0]
[0,0,0]
[0,0,0]
[0,0,0]
[0,0,0]
[0,0,0]
[0,0,0]
[0,0,0]
[0,0,0]
[0,0,0]
[0,0,0]
[0,0,0]
[0,0,0]
[0,0,0]
[0,0,0]
[0,0,0]
[0,0,0]
[0,0,0]
[0,0,0]
[0,0,0]
[0,0,0]
[0,0,0]
[0,0,0]
[0,0,0]
[0,0,0]
[0,0,0]
[0,0,0]
[0,0,0]
[0,0,0]
[0,0,0]
[0,0,0]
[0,0,0]
[0,0,0]
[0,0,0]
[0,0,0]
[0,0,0]
[0,0,0]
[0,0,0]
[0,0,0]
[0,0,0]
[0,0,0]
[0,0,0]
[0,0,0]
[0,0,0]
[0,0,0]
[0,0,0]
[0,0,0]
[0,0,0]
[0,0,0]
[0,0,0]
[0,0,0]
[0,0,0]
[0,0,0]
[0,0,0]
[0,0,0]
[0,0,0]
[0,0,0]
[0,0,0]
[0,0,0]
[0,0,0]
[0,0,0]
[0,0,0]
[0,0,0]
[0,0,0]
[0,0,0]
[0,0,0]
[0,0,0]
[0,0,0]
[0,0,0]
[0,0,0]
[0,0,0]
[0,0,0]
[0,0,0]
[0,0,0]
[0,0,0]
[0,0,0]
[0,0,0]
[0,0,0]
[0,0,0]
[0,0,0]
[0,0,0]
[0,0,0]
[0,0,0]
[0,0,0]
[0,0,0]
[0,0,0]
[0,0,0]
[0,0,0]
[0,0,0]
[0,0,0]
[0,0,0]
[0,0,0]
[0,0,0]
[0,0,0]
[0,0,0]
[0,0,0]
[0,0,0]
[0,0,0]
[0,0,0]
[0,0,0]
[0,0,0]
[0,0,0]
[0,0,0]
[0,0,0]
[0,0,0]
[0,0,0]
[0,0,0]
[0,0,0]
[0,0,0]
[0,0,0]
[0,0,0]
[0,0,0]
[0,0,0]
[0,0,0]
[0,0,0]
[0,0,0]
[0,0,0]
[0,0,0]
[0,0,0]
[0,0,0]
[0,0,0]
[0,0,0]
[0,0,0]
[0,0,0]
[0,0,0]
[0,0,0]
[0,0,0]
[0,0,0]
[0,0,0]
[0,0,0]
[0,0,0]
[0,0,0]
[0,0,0]
[0,0,0]
[0,0,0]
[0,0,0]
[0,0,0]
[0,0,0]
[0,0,0]
[0,0,0]
[0,0,0]
[0,0,0]
[0,0,0]
[0,0,0]
[0,0,0]
[0,0,0]
[0,0,0]
[0,0,0]
[0,0,0]
[0,0,0]
[0,0,0]
[0,0,0]
[0,0,0]
[0,0,0]
[0,0,0]
[0,0,0]
[0,0,0]
[0,0,0]
[0,0,0]
[0,0,0]
[0,0,0]
[0,0,0]
[0,0,0]
[0,0,0]
[0,0,0]
[0,0,0]
[0,0,0]
[0,0,0]
[0,0,0]
[0,0,0]
[0,0,0]
[0,0,0]
[0,0,0]
[0,0,0]
[0,0,0]
[0,0,0]
[0,0,0]
[0,0,0]
[0,0,0]
[0,0,0]
[0,0,0]
[0,0,0]
[0,0,0]
[0,0,0]
[0,0,0]
[0,0,0]
[0,0,0]
[0,0,0]
[0,0,0]
[0,0,0]
[0,0,0]
[0,0,0]
[0,0,0]
[0,0,0]
[0,0,0]
[0,0,0]
[0,0,0]
[0,0,0]
[0,0,0]
[0,0,0]
[0,0,0]
[0,0,0]
[0,0,0]
[0,0,0]
[0,0,0]
[0,0,0]
[0,0,0]
[0,0,0]
[0,0,0]
[0,0,0]
[0,0,0]
[0,0,0]
[0,0,0]
[0,0,0]
[0,0,0]
[0,0,0]
[0,0,0]
[0,0,0]
[0,0,0]
[0,0,0]
[0,0,0]
[0,0,0]
[0,0,0]
[0,0,0]
[0,0,0]
[0,0,0]
[0,0,0]
[0,0,0]
[0,0,0]
[0,0,0]
[0,0,0]
[0,0,0]
[0,0,0]
[0,0,0]
[0,0,0]
[0,0,0]
[0,0,0]
[0,0,0]
[0,0,0]
[0,0,0]
[0,0,0]
[0,0,0]
[0,0,0]
[0,0,0]
[0,0,0]
