452
30
[-160.1533660888672, -97.8079605102539, 2019.509765625]
[-159.17593383789062, -90.28585815429688, 2012.308837890625]
[-154.60594177246094, -81.76789093017578, 2021.982666015625]
[-145.076416015625, -81.93431091308594, 2021.678955078125]
[-139.07264709472656, -85.6158447265625, 2018.5477294921875]
[-131.59136962890625, -85.90587615966797, 2018.542724609375]
[-135.46002197265625, -88.5842056274414, 2013.1151123046875]
[-132.49349975585938, -83.8025894165039, 2023.83642578125]
[-127.763671875, -82.39453887939453, 2017.9853515625]
[-123.08134460449219, -78.27482604980469, 2019.6810302734375]
[-123.59471130371094, -77.38955688476562, 2019.17431640625]
[-119.29430389404297, -75.88600158691406, 2018.0123291015625]
[-120.35691833496094, -76.77136993408203, 2018.861328125]
[-119.19872283935547, -77.34503936767578, 2018.038330078125]
[-115.29637145996094, -74.38237762451172, 2019.4063720703125]
[-113.58104705810547, -74.0987319946289, 2028.471435546875]
[-109.6467056274414, -75.15898132324219, 2016.6385498046875]
[-106.61749267578125, -76.1925277709961, 2016.7989501953125]
[-105.7509536743164, -76.00934600830078, 2016.0382080078125]
[-99.42700958251953, -71.03155517578125, 2024.1954345703125]
[-95.51002502441406, -74.57379913330078, 2012.4439697265625]
[-95.73761749267578, -72.67608642578125, 2012.247314453125]
[-96.53340148925781, -73.15974426269531, 2011.41259765625]
[-100.1022720336914, -74.31845092773438, 2010.8685302734375]
[-100.08765411376953, -72.62761688232422, 2011.7764892578125]
[-101.33153533935547, -73.16973114013672, 2010.5941162109375]
[-104.96507263183594, -73.85034942626953, 2010.9107666015625]
[-108.45540618896484, -74.0986328125, 2011.443359375]
[-112.67243194580078, -73.83361053466797, 2017.6451416015625]
[-118.4231948852539, -74.87760925292969, 2012.2523193359375]
[-120.33523559570312, -75.29096221923828, 2012.084716796875]
[-120.54309844970703, -75.52806091308594, 2010.793701171875]
[-121.01213836669922, -75.84896850585938, 2008.5211181640625]
[-117.52294921875, -78.95542907714844, 2007.99365234375]
[-120.18150329589844, -76.3220443725586, 2004.203125]
[-123.92098236083984, -87.039794921875, 1990.27978515625]
[-124.23373413085938, -86.94493103027344, 1990.588623046875]
[-127.38796997070312, -86.47871398925781, 1993.181884765625]
[-138.18899536132812, -114.68278503417969, 1970.1668701171875]
[-144.8909149169922, -120.0782470703125, 2007.5538330078125]
[-164.74356079101562, -340.9619445800781, 1777.9229736328125]
[-218.30245971679688, -363.79656982421875, 1774.649169921875]
[-256.2118225097656, -541.5374755859375, 1670.0089111328125]
[-241.24058532714844, -578.1804809570312, 1628.6513671875]
[-232.66432189941406, -661.1563110351562, 1659.9747314453125]
[-239.70986938476562, -775.4098510742188, 1681.8272705078125]
[-257.5692443847656, -749.7528076171875, 1562.64306640625]
[-250.1754150390625, -776.0471801757812, 1529.319580078125]
[-251.8465576171875, -797.95751953125, 1528.58349609375]
[-239.79843139648438, -819.68310546875, 1534.4471435546875]
[-262.9108581542969, -846.5221557617188, 1559.295166015625]
[-264.0494384765625, -837.4354248046875, 1568.5162353515625]
[-260.922607421875, -817.0341186523438, 1572.029296875]
[-249.56625366210938, -781.638671875, 1563.1622314453125]
[-235.81504821777344, -733.4736328125, 1514.7808837890625]
[-214.1549530029297, -681.4614868164062, 1439.138427734375]
[-208.3094024658203, -650.3848876953125, 1350.8238525390625]
[-158.07623291015625, -642.6233520507812, 1282.2393798828125]
[-115.84524536132812, -653.16259765625, 1261.8670654296875]
[-66.00459289550781, -669.63134765625, 1253.8365478515625]
[-61.210533142089844, -694.722900390625, 1291.5970458984375]
[-55.59413528442383, -703.822509765625, 1303.04833984375]
[-21.692380905151367, -703.8883056640625, 1330.7301025390625]
[15.353128433227539, -689.6360473632812, 1388.1778564453125]
[11.701896667480469, -673.1070556640625, 1427.3983154296875]
[3.8641281127929688, -638.1834716796875, 1487.179931640625]
[-53.35934066772461, -597.3841552734375, 1492.10400390625]
[-26.244003295898438, -553.0491943359375, 1557.70654296875]
[-38.958065032958984, -479.1734619140625, 1643.73681640625]
[-52.9806022644043, -442.0146789550781, 1677.470947265625]
[-121.37456512451172, -253.8375244140625, 1703.25244140625]
[-170.66232299804688, -223.90391540527344, 1786.0123291015625]
[-168.28379821777344, -199.24339294433594, 1819.375]
[-151.81600952148438, -95.57835388183594, 1954.636474609375]
[-91.56230163574219, -232.10092163085938, 1981.52978515625]
[-188.32254028320312, -384.4100646972656, 1936.3988037109375]
[-235.7436981201172, -436.52850341796875, 1912.696533203125]
[-244.57864379882812, -520.5896606445312, 1900.3944091796875]
[-227.63462829589844, -582.7652587890625, 1883.617919921875]
[-219.91094970703125, -630.0018310546875, 1865.336181640625]
[-221.3501434326172, -646.4365844726562, 1852.8040771484375]
[-232.5169219970703, -659.2197265625, 1840.362060546875]
[-236.82530212402344, -664.6306762695312, 1833.84375]
[-247.83169555664062, -667.8811645507812, 1829.86572265625]
[-264.4516296386719, -653.1143188476562, 1839.5301513671875]
[-307.0953369140625, -620.4884033203125, 1862.01416015625]
[-333.114013671875, -562.6192016601562, 1908.5784912109375]
[-358.5138854980469, -492.7576599121094, 1934.0831298828125]
[-351.34259033203125, -429.0035095214844, 1982.656494140625]
[-335.3442077636719, -376.9516906738281, 2013.3106689453125]
[-271.4033203125, -323.087890625, 2082.539794921875]
[-249.3942108154297, -324.14373779296875, 2064.944091796875]
[-158.45594787597656, -200.93673706054688, 2108.060791015625]
[-81.68207550048828, -195.4710235595703, 2191.401123046875]
[-139.3046875, -199.85076904296875, 2146.236328125]
[-172.69622802734375, -209.8375244140625, 2120.154541015625]
[-197.14044189453125, -220.3219451904297, 2101.559326171875]
[28.268701553344727, -277.18182373046875, 2037.821044921875]
[104.22306060791016, -354.2720947265625, 1999.369873046875]
[151.74462890625, -340.0192565917969, 2011.0306396484375]
[160.99932861328125, -407.8414001464844, 1856.4742431640625]
[134.8584747314453, -446.7643127441406, 1867.2015380859375]
[152.5950164794922, -487.9615173339844, 1839.69970703125]
[169.01974487304688, -523.79150390625, 1920.8807373046875]
[184.7451934814453, -543.715576171875, 1912.4486083984375]
[240.93624877929688, -565.301513671875, 1935.62060546875]
[309.883544921875, -580.4517822265625, 2003.5478515625]
[353.4038391113281, -617.2857666015625, 2000.4312744140625]
[372.90960693359375, -635.51611328125, 1990.673828125]
[427.1775207519531, -648.8506469726562, 2012.256103515625]
[578.7427978515625, -686.2216186523438, 2061.44873046875]
[602.304931640625, -662.1641845703125, 2075.869873046875]
[509.5204772949219, -671.100830078125, 2017.030029296875]
[514.0729370117188, -652.0789184570312, 2035.859130859375]
[458.77423095703125, -617.7137451171875, 2060.01123046875]
[425.6294860839844, -587.9323120117188, 2110.59521484375]
[371.0144348144531, -529.6561889648438, 2118.054931640625]
[278.5527038574219, -499.3299255371094, 2158.994140625]
[224.85023498535156, -473.42205810546875, 2179.43798828125]
[187.9264373779297, -451.4245300292969, 2185.790283203125]
[157.0734100341797, -425.50628662109375, 2191.28955078125]
[104.20500946044922, -403.92755126953125, 2208.46435546875]
[69.41466522216797, -406.60943603515625, 2218.723388671875]
[-83.83692169189453, -654.3719482421875, 2088.840087890625]
[-120.4542236328125, -696.7630615234375, 2047.7774658203125]
[-100.82009887695312, -702.74609375, 1997.617431640625]
[-80.90589904785156, -663.243408203125, 1944.1943359375]
[-104.23788452148438, -594.1232299804688, 1895.5218505859375]
[-53.540958404541016, -510.485595703125, 1933.5677490234375]
[-63.58576583862305, -409.65997314453125, 1908.480224609375]
[-73.7095947265625, -337.1303405761719, 1900.7236328125]
[-79.42720794677734, -286.76763916015625, 1896.5228271484375]
[-110.35330963134766, -269.6090393066406, 1925.877685546875]
[-107.20560455322266, -233.16883850097656, 1948.762451171875]
[-145.1212158203125, -235.9693145751953, 1974.427001953125]
[-123.72505950927734, -238.54202270507812, 1957.779541015625]
[-135.4137725830078, -225.7765350341797, 1892.7962646484375]
[-168.98861694335938, -206.79315185546875, 1787.5736083984375]
[-160.1139373779297, -261.7476501464844, 1750.0208740234375]
[-175.50860595703125, -314.9288024902344, 1742.0562744140625]
[-194.44100952148438, -353.19287109375, 1744.1204833984375]
[-223.96206665039062, -354.02880859375, 1739.5848388671875]
[-252.52020263671875, -354.64862060546875, 1737.1451416015625]
[-263.50616455078125, -340.2871398925781, 1703.966064453125]
[-319.0085144042969, -371.6699523925781, 1621.580810546875]
[-356.82537841796875, -384.7737731933594, 1578.9639892578125]
[-355.57977294921875, -391.2584533691406, 1498.759521484375]
[-343.9880065917969, -412.61566162109375, 1466.7176513671875]
[-300.0843505859375, -465.6313781738281, 1397.259521484375]
[-305.0555114746094, -489.7167053222656, 1352.90283203125]
[-265.878662109375, -551.7579956054688, 1289.616455078125]
[-240.18548583984375, -566.5150146484375, 1238.159423828125]
[-228.5009002685547, -554.9946899414062, 1202.8865966796875]
[-217.30755615234375, -547.2623291015625, 1150.4847412109375]
[-195.14144897460938, -550.9956665039062, 1127.4761962890625]
[-183.6836395263672, -534.56494140625, 1106.4810791015625]
[-194.9542236328125, -520.8114013671875, 1103.5794677734375]
[-193.5916748046875, -495.6190185546875, 1118.126708984375]
[-190.77413940429688, -449.07183837890625, 1147.612548828125]
[-206.73011779785156, -422.77020263671875, 1169.196044921875]
[-227.74464416503906, -363.35498046875, 1219.036376953125]
[-245.6597137451172, -313.8465270996094, 1247.4893798828125]
[-252.8908233642578, -256.57781982421875, 1286.9031982421875]
[-268.64923095703125, -205.3053436279297, 1325.4298095703125]
[-280.46337890625, -135.64244079589844, 1385.3314208984375]
[-303.9532775878906, -115.37881469726562, 1461.0533447265625]
[-321.4644470214844, -137.10247802734375, 1429.75146484375]
[-339.0846252441406, -133.4524383544922, 1463.140625]
[-352.860595703125, -132.085205078125, 1500.8631591796875]
[-380.9676208496094, -157.9879608154297, 1483.9005126953125]
[-407.781005859375, -171.70924377441406, 1483.9759521484375]
[-416.1061706542969, -197.50582885742188, 1465.5909423828125]
[-443.5088806152344, -206.11953735351562, 1429.5172119140625]
[-462.9281311035156, -195.5603790283203, 1385.412109375]
[-469.96417236328125, -180.9710693359375, 1336.74951171875]
[-477.06683349609375, -182.76199340820312, 1301.4874267578125]
[-470.54522705078125, -187.92283630371094, 1193.8839111328125]
[-411.281005859375, -192.8885040283203, 1131.692138671875]
[-359.93927001953125, -251.20956420898438, 1089.6827392578125]
[-278.66925048828125, -328.66845703125, 1085.71484375]
[-319.5888977050781, -339.29327392578125, 1007.2645874023438]
[-302.43927001953125, -372.4964904785156, 992.9256591796875]
[-286.6255187988281, -391.4598388671875, 980.6461181640625]
[-284.8187561035156, -398.01239013671875, 974.1184692382812]
[-284.1712341308594, -401.4264831542969, 977.996337890625]
[-282.7754211425781, -408.4444580078125, 989.21533203125]
[-301.3102722167969, -398.0320739746094, 1006.7904052734375]
[-344.4058837890625, -381.34564208984375, 1028.76025390625]
[-351.42034912109375, -361.0135803222656, 1061.74755859375]
[-400.7693176269531, -354.1025390625, 1112.4931640625]
[-404.5141296386719, -346.9857177734375, 1154.218505859375]
[-401.3511657714844, -320.2191162109375, 1205.8577880859375]
[-396.37762451171875, -285.79449462890625, 1255.1142578125]
[-383.9686279296875, -242.3006591796875, 1317.8094482421875]
[-373.6114501953125, -194.54351806640625, 1363.455078125]
[-345.9836730957031, -157.1562042236328, 1417.0614013671875]
[-340.28338623046875, -137.1239013671875, 1443.984619140625]
[-329.21234130859375, -117.04202270507812, 1475.63427734375]
[-329.40411376953125, -119.10053253173828, 1498.0770263671875]
[-325.7712097167969, -138.37388610839844, 1525.85498046875]
[-317.7252197265625, -150.53074645996094, 1555.0692138671875]
[-317.75238037109375, -172.7047576904297, 1579.5462646484375]
[-318.9288024902344, -189.26010131835938, 1603.9451904296875]
[-320.5694274902344, -202.1681671142578, 1629.3211669921875]
[-319.1747131347656, -210.63124084472656, 1658.26513671875]
[-314.64630126953125, -209.7716522216797, 1686.0318603515625]
[-312.70074462890625, -201.5886993408203, 1713.005859375]
[-309.7718505859375, -190.7998046875, 1744.073974609375]
[-291.8854064941406, -181.7373504638672, 1762.6683349609375]
[-284.5828552246094, -162.73394775390625, 1789.63134765625]
[-239.7024383544922, -152.3188018798828, 1801.4892578125]
[-216.4864959716797, -128.12672424316406, 1831.4542236328125]
[-191.41392517089844, -100.13320922851562, 1858.5574951171875]
[-171.33847045898438, -95.99337768554688, 1888.2958984375]
[-149.449951171875, -111.16221618652344, 1928.7056884765625]
[-146.23870849609375, -158.20652770996094, 1939.3900146484375]
[-129.8379364013672, -193.14866638183594, 1974.864990234375]
[-128.24258422851562, -228.66705322265625, 1988.8504638671875]
[-124.2094497680664, -231.10336303710938, 2013.5142822265625]
[-118.80154418945312, -225.21263122558594, 2039.0491943359375]
[-129.78732299804688, -213.9102783203125, 2041.3482666015625]
[-134.77268981933594, -145.9050750732422, 2095.4609375]
[-135.90867614746094, -150.11306762695312, 2091.3984375]
[-133.77468872070312, -143.2851104736328, 2074.0068359375]
[-132.697509765625, -141.09963989257812, 2052.732177734375]
[-128.91773986816406, -159.49046325683594, 2026.328125]
[-123.15938568115234, -178.15664672851562, 1996.207275390625]
[-131.6719207763672, -230.38877868652344, 1945.1920166015625]
[-126.56971740722656, -300.2497253417969, 1903.0921630859375]
[-123.19111633300781, -345.0251159667969, 1898.614990234375]
[-95.16998291015625, -415.81732177734375, 1835.4869384765625]
[-146.8250274658203, -493.1429443359375, 1818.3453369140625]
[-144.77989196777344, -495.09039306640625, 1793.717041015625]
[-128.917724609375, -530.2348022460938, 1767.92724609375]
[-120.14006042480469, -534.00634765625, 1757.424560546875]
[-83.84241485595703, -544.8262329101562, 1741.9547119140625]
[-48.70499038696289, -554.5936889648438, 1755.16455078125]
[-45.276611328125, -540.5932006835938, 1747.50048828125]
[-30.869796752929688, -523.1569213867188, 1753.024169921875]
[-43.981746673583984, -492.2404479980469, 1746.490478515625]
[-31.66441535949707, -484.29351806640625, 1762.3076171875]
[-45.074180603027344, -440.0377502441406, 1769.2271728515625]
[-51.8685188293457, -389.6188659667969, 1781.4613037109375]
[-60.61439895629883, -337.18377685546875, 1800.4326171875]
[-79.07261657714844, -302.8426208496094, 1826.171875]
[-73.12662506103516, -304.7172546386719, 1821.3382568359375]
[-65.92893981933594, -42.55863952636719, 2069.874755859375]
[-114.00760650634766, -12.43736743927002, 2081.73876953125]
[-97.0816421508789, -4.297327041625977, 2092.17724609375]
[-122.99601745605469, 14.043988227844238, 2068.280029296875]
[-123.55492401123047, 49.66965103149414, 2075.5087890625]
[-122.69644927978516, 111.58907318115234, 2089.050048828125]
[-133.32342529296875, 150.76564025878906, 2101.798828125]
[-139.01084899902344, 211.91030883789062, 2102.92236328125]
[-134.56060791015625, 240.7230682373047, 2102.86181640625]
[-131.43992614746094, 255.34457397460938, 2085.16748046875]
[-123.0767593383789, 260.84906005859375, 2039.3297119140625]
[-110.39593505859375, 228.265869140625, 1980.42138671875]
[-87.67870330810547, 187.1887664794922, 1891.06884765625]
[-51.23004913330078, 130.50242614746094, 1806.1119384765625]
[-24.743854522705078, 15.811603546142578, 1734.943359375]
[10.237991333007812, -107.67952728271484, 1689.115234375]
[10.782849311828613, -198.73196411132812, 1650.5435791015625]
[26.84847640991211, -311.39373779296875, 1634.7242431640625]
[30.916501998901367, -420.1800537109375, 1622.4451904296875]
[54.50828552246094, -504.96466064453125, 1619.19189453125]
[43.921119689941406, -587.201904296875, 1614.057373046875]
[50.11424255371094, -654.0650024414062, 1622.7105712890625]
[22.713701248168945, -706.6152954101562, 1618.93408203125]
[4.304505825042725, -736.3829345703125, 1609.1551513671875]
[-39.75542449951172, -745.552734375, 1590.8544921875]
[-65.27678680419922, -739.2265014648438, 1605.726806640625]
[-79.9170150756836, -745.0576171875, 1617.5887451171875]
[-98.42799377441406, -737.3596801757812, 1641.4652099609375]
[-120.12478637695312, -708.2225341796875, 1653.4600830078125]
[-132.4572296142578, -651.6604614257812, 1685.5712890625]
[-154.19227600097656, -625.168212890625, 1721.2587890625]
[-134.87039184570312, -547.5270385742188, 1733.550048828125]
[-145.45606994628906, -484.8934631347656, 1751.875244140625]
[-129.72286987304688, -383.18682861328125, 1797.3924560546875]
[-111.85086822509766, -308.2945556640625, 1842.4285888671875]
[-111.09463500976562, -154.69815063476562, 1941.537109375]
[-104.97832489013672, -137.21043395996094, 1928.4847412109375]
[-109.76066589355469, -130.2808074951172, 1917.7103271484375]
[-102.45035552978516, -104.93562316894531, 1924.435791015625]
[-130.855712890625, -107.86627960205078, 1903.6121826171875]
[-177.96957397460938, -149.2538299560547, 1858.794189453125]
[-189.4588623046875, -147.55604553222656, 1818.2860107421875]
[-163.89527893066406, -70.72822570800781, 1751.5423583984375]
[-178.27076721191406, -111.31413269042969, 1668.7442626953125]
[-173.47991943359375, -125.94193267822266, 1607.0538330078125]
[-144.92059326171875, -128.13731384277344, 1577.215087890625]
[-134.8183135986328, -170.64744567871094, 1489.6373291015625]
[-85.86611938476562, -203.42213439941406, 1445.8846435546875]
[-43.84431076049805, -256.1455383300781, 1419.4241943359375]
[-12.896709442138672, -304.1471862792969, 1430.902099609375]
[11.797383308410645, -376.06304931640625, 1408.4935302734375]
[8.755773544311523, -427.8100280761719, 1404.68310546875]
[13.07512092590332, -492.7202453613281, 1435.5885009765625]
[-10.415315628051758, -562.18115234375, 1475.2557373046875]
[-27.50835609436035, -554.4722290039062, 1443.9501953125]
[-58.07654571533203, -544.4816284179688, 1440.6910400390625]
[-68.38251495361328, -554.9644775390625, 1444.92041015625]
[-102.67699432373047, -586.1859130859375, 1474.7061767578125]
[-165.95205688476562, -572.3737182617188, 1504.2694091796875]
[-226.07752990722656, -441.7844543457031, 1439.872314453125]
[-258.8056945800781, -367.4432678222656, 1468.1903076171875]
[-279.4737548828125, -339.69830322265625, 1484.0587158203125]
[-293.1680908203125, -354.6840515136719, 1488.689697265625]
[-339.09063720703125, -388.7607421875, 1503.643310546875]
[-375.5500183105469, -435.60589599609375, 1523.8118896484375]
[-389.8103942871094, -505.8863830566406, 1524.1324462890625]
[-401.7760925292969, -545.567138671875, 1538.72802734375]
[-419.4251708984375, -599.2835083007812, 1495.6680908203125]
[-417.5050354003906, -629.3353271484375, 1473.810791015625]
[-411.29736328125, -641.7996215820312, 1442.2037353515625]
[-401.6130676269531, -660.6539306640625, 1403.5859375]
[-380.75225830078125, -657.5733642578125, 1369.7215576171875]
[-361.9725341796875, -643.4659423828125, 1323.603515625]
[-330.11810302734375, -622.1617431640625, 1294.3126220703125]
[-290.0342712402344, -613.9418334960938, 1264.2264404296875]
[-239.1243133544922, -571.5274047851562, 1274.7305908203125]
[-207.9534454345703, -492.52117919921875, 1235.2354736328125]
[-174.83984375, -456.4622497558594, 1313.1444091796875]
[-156.32791137695312, -425.35498046875, 1326.5653076171875]
[-188.25131225585938, -396.7649230957031, 1380.896240234375]
[-149.83480834960938, -352.5592346191406, 1365.2908935546875]
[-198.75379943847656, -332.0914001464844, 1419.29736328125]
[-136.82833862304688, -168.33998107910156, 1442.827880859375]
[-212.91360473632812, -241.09046936035156, 1518.4222412109375]
[-262.8132019042969, -291.12799072265625, 1528.9072265625]
[-290.4242248535156, -304.4571533203125, 1537.1142578125]
[-248.2522735595703, -274.23052978515625, 1564.736328125]
[-199.7367706298828, -247.85382080078125, 1483.39990234375]
[-254.79147338867188, -297.3887634277344, 1565.9849853515625]
[-226.70948791503906, -231.09539794921875, 1463.257568359375]
[-256.71539306640625, -296.6259765625, 1550.1156005859375]
[-194.44052124023438, -337.5000305175781, 1448.88232421875]
[-57.70020294189453, -192.10536193847656, 1411.1158447265625]
[-34.58797073364258, -137.09864807128906, 1460.7060546875]
[-37.589664459228516, -91.554443359375, 1428.41845703125]
[-76.03955841064453, -86.73149108886719, 1408.6983642578125]
[-86.4505386352539, -100.3731460571289, 1402.41845703125]
[-82.62915802001953, -129.0963592529297, 1401.494384765625]
[-84.23250579833984, -184.7590789794922, 1402.31787109375]
[-86.7825927734375, -244.04812622070312, 1406.408935546875]
[-65.02930450439453, -305.1535339355469, 1434.905517578125]
[-60.73752212524414, -337.3199157714844, 1436.3341064453125]
[-59.157901763916016, -432.6945495605469, 1437.974853515625]
[-17.759092330932617, -474.0753173828125, 1465.7901611328125]
[-10.646790504455566, -480.5173034667969, 1473.4727783203125]
[215.42422485351562, -575.7061767578125, 1611.6676025390625]
[237.10595703125, -576.6502685546875, 1582.2960205078125]
[256.8025207519531, -601.9771118164062, 1549.9246826171875]
[251.21849060058594, -615.3201293945312, 1515.0460205078125]
[249.02317810058594, -619.1361694335938, 1490.9608154296875]
[234.93295288085938, -615.3585205078125, 1472.72900390625]
[239.14608764648438, -591.4186401367188, 1460.828125]
[242.86007690429688, -554.166748046875, 1453.0379638671875]
[244.52435302734375, -522.9072265625, 1467.5924072265625]
[243.56985473632812, -462.9732971191406, 1486.6712646484375]
[241.1748809814453, -412.3477478027344, 1518.300537109375]
[232.7890625, -383.76043701171875, 1554.898681640625]
[218.71348571777344, -380.80352783203125, 1580.1590576171875]
[185.9550018310547, -396.28411865234375, 1608.41455078125]
[165.50982666015625, -412.6745910644531, 1627.7392578125]
[156.3519287109375, -433.0721740722656, 1644.012451171875]
[155.99737548828125, -451.0863952636719, 1658.515625]
[158.6965789794922, -462.0155334472656, 1665.1375732421875]
[155.76136779785156, -464.4501953125, 1659.12109375]
[141.5489044189453, -473.5717468261719, 1644.269287109375]
[132.6999053955078, -470.21044921875, 1621.7432861328125]
[111.88053894042969, -451.4642639160156, 1613.2203369140625]
[60.087181091308594, -436.2845764160156, 1648.1475830078125]
[22.35435676574707, -436.4275207519531, 1647.7213134765625]
[10.677345275878906, -436.70709228515625, 1668.860107421875]
[-30.93651008605957, -442.5917053222656, 1619.1068115234375]
[-56.949317932128906, -450.26898193359375, 1638.7147216796875]
[-83.83544921875, -459.3421936035156, 1673.16748046875]
[-97.33204650878906, -515.3568725585938, 1695.9217529296875]
[-113.49969482421875, -557.953125, 1720.89306640625]
[-123.4327392578125, -602.6387329101562, 1744.43212890625]
[-138.51829528808594, -627.7249755859375, 1756.426513671875]
[-150.853759765625, -643.7477416992188, 1773.0789794921875]
[-165.4404754638672, -645.570068359375, 1784.6925048828125]
[-167.62808227539062, -652.812744140625, 1797.2398681640625]
[-167.7516632080078, -653.346435546875, 1810.7867431640625]
[-161.24737548828125, -654.2628784179688, 1822.6685791015625]
[-158.08847045898438, -657.0099487304688, 1826.85693359375]
[-155.40621948242188, -656.0022583007812, 1830.1160888671875]
[-159.43231201171875, -651.450439453125, 1827.787109375]
[-170.41592407226562, -648.3421020507812, 1810.6077880859375]
[-173.56163024902344, -634.9137573242188, 1787.7884521484375]
[-187.00735473632812, -602.4500732421875, 1760.3477783203125]
[-181.139892578125, -578.120849609375, 1737.885986328125]
[-170.38720703125, -531.7975463867188, 1711.77490234375]
[-175.32086181640625, -486.2888488769531, 1694.77197265625]
[-228.28533935546875, -394.40081787109375, 1733.9271240234375]
[-201.66860961914062, -325.4270324707031, 1718.567138671875]
[-206.27378845214844, -299.18133544921875, 1761.8670654296875]
[-189.16883850097656, -271.4662170410156, 1804.9166259765625]
[-183.1182861328125, -256.2283935546875, 1844.851806640625]
[-161.01626586914062, -229.47300720214844, 1883.43115234375]
[-125.80011749267578, -227.69015502929688, 1914.0435791015625]
[-100.58953094482422, -196.32827758789062, 1984.7021484375]
[-89.14273834228516, -197.30154418945312, 2054.46142578125]
[-68.746826171875, -196.83937072753906, 2123.013427734375]
[-44.46070098876953, -214.4895782470703, 2196.23974609375]
[-33.535343170166016, -213.88690185546875, 2269.438720703125]
[-22.08051109313965, -210.83848571777344, 2332.234130859375]
[-8.971233367919922, -197.01370239257812, 2385.006103515625]
[13.559103012084961, -195.10684204101562, 2425.196533203125]
[32.20541000366211, -201.8157196044922, 2452.357177734375]
[55.94783401489258, -202.82383728027344, 2350.586181640625]
[66.42717742919922, -204.46937561035156, 2312.83447265625]
[83.3270263671875, -229.17457580566406, 2321.825927734375]
[99.76130676269531, -235.8297576904297, 2297.206298828125]
[96.28034973144531, -241.1448974609375, 2293.324951171875]
[90.8841781616211, -235.1026611328125, 2267.685302734375]
[70.09563446044922, -238.77491760253906, 2274.3486328125]
[19.890371322631836, -253.78524780273438, 2292.980224609375]
[12.80951976776123, -251.91342163085938, 2335.02978515625]
[-15.304134368896484, -254.198486328125, 2317.00830078125]
[-38.49480438232422, -280.5440673828125, 2302.01123046875]
[-45.686973571777344, -274.6588134765625, 2257.1953125]
[-75.27696990966797, -271.2364196777344, 2192.711181640625]
[-74.26382446289062, -265.104736328125, 2155.287841796875]
[-93.4708251953125, -256.2530212402344, 2089.98046875]
[-119.14144134521484, -252.4671630859375, 2008.94189453125]
[-153.50576782226562, -245.804931640625, 1908.2047119140625]
[-181.3226776123047, -217.55775451660156, 1803.9219970703125]
[-187.68161010742188, -211.109130859375, 1729.2171630859375]
[-216.48106384277344, -212.31874084472656, 1651.496826171875]
[-216.3094482421875, -191.0431671142578, 1592.0927734375]
[-181.0666961669922, -238.23011779785156, 1519.6773681640625]
[-156.21038818359375, -263.4494323730469, 1441.613525390625]
[-129.20306396484375, -303.3813781738281, 1405.1552734375]
[-105.02437591552734, -311.0675354003906, 1359.461181640625]
[-86.15033721923828, -325.6417541503906, 1316.93994140625]
[-31.92655372619629, -360.83673095703125, 1280.6669921875]
[17.118141174316406, -362.3464660644531, 1258.8182373046875]
[75.37871551513672, -397.443359375, 1262.9375]
[125.99362182617188, -404.0375671386719, 1278.2674560546875]
[178.20338439941406, -415.4491882324219, 1307.107177734375]
[232.16921997070312, -429.1146545410156, 1371.730224609375]
[262.9515686035156, -412.2550354003906, 1446.0029296875]
[276.1358642578125, -401.6968994140625, 1521.150146484375]
[256.7569580078125, -374.16058349609375, 1589.2496337890625]
[239.93666076660156, -350.19873046875, 1614.3585205078125]
[208.1469268798828, -328.277587890625, 1661.9876708984375]
[179.4149627685547, -315.0585632324219, 1669.8431396484375]
[144.4228973388672, -300.0371398925781, 1669.0516357421875]
[0,0,0]
[0,0,0]
[0,0,0]
[0,0,0]
[0,0,0]
[0,0,0]
[0,0,0]
[0,0,0]
[0,0,0]
[0,0,0]
[0,0,0]
[0,0,0]
[0,0,0]
[0,0,0]
[0,0,0]
[0,0,0]
[0,0,0]
[0,0,0]
[0,0,0]
[0,0,0]
[0,0,0]
[0,0,0]
[0,0,0]
[0,0,0]
[0,0,0]
[0,0,0]
[0,0,0]
[0,0,0]
[0,0,0]
[0,0,0]
[0,0,0]
[0,0,0]
[0,0,0]
[0,0,0]
[0,0,0]
[0,0,0]
[0,0,0]
[0,0,0]
[0,0,0]
[0,0,0]
[0,0,0]
[0,0,0]
[0,0,0]
[0,0,0]
[0,0,0]
[0,0,0]
[0,0,0]
[0,0,0]
[0,0,0]
[0,0,0]
[0,0,0]
[0,0,0]
[0,0,0]
[0,0,0]
[0,0,0]
[0,0,0]
[0,0,0]
[0,0,0]
[0,0,0]
[0,0,0]
[0,0,0]
[0,0,0]
[0,0,0]
[0,0,0]
[0,0,0]
[0,0,0]
[0,0,0]
[0,0,0]
[0,0,0]
[0,0,0]
[0,0,0]
[0,0,0]
[0,0,0]
[0,0,0]
[0,0,0]
[0,0,0]
[0,0,0]
[0,0,0]
[0,0,0]
[0,0,0]
[0,0,0]
[0,0,0]
[0,0,0]
[0,0,0]
[0,0,0]
[0,0,0]
[0,0,0]
[0,0,0]
[0,0,0]
[0,0,0]
[0,0,0]
[0,0,0]
[0,0,0]
[0,0,0]
[0,0,0]
[0,0,0]
[0,0,0]
[0,0,0]
[0,0,0]
[0,0,0]
[0,0,0]
[0,0,0]
[0,0,0]
[0,0,0]
[0,0,0]
[0,0,0]
[0,0,0]
[0,0,0]
[0,0,0]
[0,0,0]
[0,0,0]
[0,0,0]
[0,0,0]
[0,0,0]
[0,0,0]
[0,0,0]
[0,0,0]
[0,0,0]
[0,0,0]
[0,0,0]
[0,0,0]
[0,0,0]
[0,0,0]
[0,0,0]
[0,0,0]
[0,0,0]
[0,0,0]
[0,0,0]
[0,0,0]
[0,0,0]
[0,0,0]
[0,0,0]
[0,0,0]
[0,0,0]
[0,0,0]
[0,0,0]
[0,0,0]
[0,0,0]
[0,0,0]
[0,0,0]
[0,0,0]
[0,0,0]
[0,0,0]
[0,0,0]
[0,0,0]
[0,0,0]
[0,0,0]
[0,0,0]
[0,0,0]
[0,0,0]
[0,0,0]
[0,0,0]
[0,0,0]
[0,0,0]
[0,0,0]
[0,0,0]
[0,0,0]
[0,0,0]
[0,0,0]
[0,0,0]
[0,0,0]
[0,0,0]
[0,0,0]
[0,0,0]
[0,0,0]
[0,0,0]
[0,0,0]
[0,0,0]
[0,0,0]
[0,0,0]
[0,0,0]
[0,0,0]
[0,0,0]
[0,0,0]
[0,0,0]
[0,0,0]
[0,0,0]
[0,0,0]
[0,0,0]
[0,0,0]
[0,0,0]
[0,0,0]
[0,0,0]
[0,0,0]
[0,0,0]
[0,0,0]
[0,0,0]
[0,0,0]
[0,0,0]
[0,0,0]
[0,0,0]
[0,0,0]
[0,0,0]
[0,0,0]
[0,0,0]
[0,0,0]
[0,0,0]
[0,0,0]
[0,0,0]
[0,0,0]
[0,0,0]
[0,0,0]
[0,0,0]
[0,0,0]
[0,0,0]
[0,0,0]
[0,0,0]
[0,0,0]
[0,0,0]
[0,0,0]
[0,0,0]
[0,0,0]
[0,0,0]
[0,0,0]
[0,0,0]
[0,0,0]
[0,0,0]
[0,0,0]
[0,0,0]
[0,0,0]
[0,0,0]
[0,0,0]
[0,0,0]
[0,0,0]
[0,0,0]
[0,0,0]
[0,0,0]
[0,0,0]
[0,0,0]
[0,0,0]
[0,0,0]
[0,0,0]
[0,0,0]
[0,0,0]
[0,0,0]
[0,0,0]
[0,0,0]
[0,0,0]
[0,0,0]
[0,0,0]
[0,0,0]
[0,0,0]
[0,0,0]
[0,0,0]
[0,0,0]
[0,0,0]
[0,0,0]
[0,0,0]
[0,0,0]
[0,0,0]
[0,0,0]
[0,0,0]
[0,0,0]
[0,0,0]
[0,0,0]
[0,0,0]
[0,0,0]
[0,0,0]
[0,0,0]
[0,0,0]
[0,0,0]
[0,0,0]
[0,0,0]
[0,0,0]
[0,0,0]
[0,0,0]
[0,0,0]
[0,0,0]
[0,0,0]
[0,0,0]
[0,0,0]
[0,0,0]
[0,0,0]
[0,0,0]
[0,0,0]
[0,0,0]
[0,0,0]
[0,0,0]
[0,0,0]
[0,0,0]
[0,0,0]
[0,0,0]
[0,0,0]
[0,0,0]
[0,0,0]
[0,0,0]
[0,0,0]
[0,0,0]
[0,0,0]
[0,0,0]
[0,0,0]
[0,0,0]
[0,0,0]
[0,0,0]
[0,0,0]
[0,0,0]
[0,0,0]
[0,0,0]
[0,0,0]
[0,0,0]
[0,0,0]
[0,0,0]
[0,0,0]
[0,0,0]
[0,0,0]
[0,0,0]
[0,0,0]
[0,0,0]
[0,0,0]
[0,0,0]
[0,0,0]
[0,0,0]
[0,0,0]
[0,0,0]
[0,0,0]
[0,0,0]
[0,0,0]
[0,0,0]
[0,0,0]
[0,0,0]
[0,0,0]
[0,0,0]
[0,0,0]
[0,0,0]
[0,0,0]
[0,0,0]
[0,0,0]
[0,0,0]
[0,0,0]
[0,0,0]
[0,0,0]
[0,0,0]
[0,0,0]
[0,0,0]
[0,0,0]
[0,0,0]
[0,0,0]
[0,0,0]
[0,0,0]
[0,0,0]
[0,0,0]
[0,0,0]
[0,0,0]
[0,0,0]
[0,0,0]
[0,0,0]
[0,0,0]
[0,0,0]
[0,0,0]
[0,0,0]
[0,0,0]
[0,0,0]
[0,0,0]
[0,0,0]
[0,0,0]
[0,0,0]
[0,0,0]
[0,0,0]
[0,0,0]
[0,0,0]
[0,0,0]
[0,0,0]
[0,0,0]
[0,0,0]
[0,0,0]
[0,0,0]
[0,0,0]
[0,0,0]
[0,0,0]
[0,0,0]
[0,0,0]
[0,0,0]
[0,0,0]
[0,0,0]
[0,0,0]
[0,0,0]
[0,0,0]
[0,0,0]
[0,0,0]
[0,0,0]
[0,0,0]
[0,0,0]
[0,0,0]
[0,0,0]
[0,0,0]
[0,0,0]
[0,0,0]
[0,0,0]
[0,0,0]
[0,0,0]
[0,0,0]
[0,0,0]
[0,0,0]
[0,0,0]
[0,0,0]
[0,0,0]
[0,0,0]
[0,0,0]
[0,0,0]
[0,0,0]
[0,0,0]
[0,0,0]
[0,0,0]
[0,0,0]
[0,0,0]
[0,0,0]
[0,0,0]
[0,0,0]
[0,0,0]
[0,0,0]
[0,0,0]
[0,0,0]
[0,0,0]
[0,0,0]
[0,0,0]
[0,0,0]
[0,0,0]
[0,0,0]
[0,0,0]
[0,0,0]
[0,0,0]
[0,0,0]
[0,0,0]
[0,0,0]
[0,0,0]
[0,0,0]
[0,0,0]
[0,0,0]
[0,0,0]
[0,0,0]
[0,0,0]
[0,0,0]
[0,0,0]
[0,0,0]
[0,0,0]
[0,0,0]
[0,0,0]
[0,0,0]
[0,0,0]
[0,0,0]
[0,0,0]
[0,0,0]
[0,0,0]
[0,0,0]
[0,0,0]
[0,0,0]
[0,0,0]
[0,0,0]
[0,0,0]
[0,0,0]
[0,0,0]
[0,0,0]
