452
30
[-160.15336609, 897.80796051, 1019.50976562]
[-159.17593384, 890.28585815, 1012.30883789]
[-154.60594177, 881.76789093, 1021.98266602]
[-145.07641602, 881.93431091, 1021.67895508]
[-139.07264709, 885.61584473, 1018.54772949]
[-131.59136963, 885.90587616, 1018.54272461]
[-135.46002197, 888.58420563, 1013.1151123]
[-132.49349976, 883.80258942, 1023.83642578]
[-127.76367188, 882.39453888, 1017.98535156]
[-123.0813446, 878.27482605, 1019.68103027]
[-123.5947113, 877.38955688, 1019.17431641]
[-119.29430389, 875.88600159, 1018.0123291]
[-120.35691833, 876.77136993, 1018.86132812]
[-119.19872284, 877.34503937, 1018.03833008]
[-115.29637146, 874.38237762, 1019.40637207]
[-113.58104706, 874.09873199, 1028.47143555]
[-109.64670563, 875.15898132, 1016.6385498]
[-106.61749268, 876.19252777, 1016.7989502]
[-105.75095367, 876.00934601, 1016.03820801]
[-99.42700958, 871.03155518, 1024.19543457]
[-95.51002502, 874.57379913, 1012.44396973]
[-95.73761749, 872.67608643, 1012.24731445]
[-96.53340149, 873.15974426, 1011.41259766]
[-100.10227203, 874.31845093, 1010.86853027]
[-100.08765411, 872.62761688, 1011.77648926]
[-101.33153534, 873.16973114, 1010.59411621]
[-104.96507263, 873.85034943, 1010.9107666]
[-108.45540619, 874.09863281, 1011.44335938]
[-112.67243195, 873.83361053, 1017.6451416]
[-118.42319489, 874.87760925, 1012.25231934]
[-120.3352356, 875.29096222, 1012.0847168]
[-120.54309845, 875.52806091, 1010.79370117]
[-121.01213837, 875.84896851, 1008.52111816]
[-117.52294922, 878.95542908, 1007.99365234]
[-120.1815033, 876.32204437, 1004.203125]
[-123.92098236, 887.03979492, 990.27978516]
[-124.23373413, 886.94493103, 990.58862305]
[-127.38796997, 886.47871399, 993.18188477]
[-138.18899536, 914.68278503, 970.16687012]
[-144.89091492, 920.07824707, 1007.55383301]
[-164.74356079, 1140.96194458, 777.92297363]
[-218.30245972, 1163.79656982, 774.64916992]
[-256.21182251, 1341.53747559, 670.00891113]
[-241.24058533, 1378.18048096, 628.65136719]
[-232.6643219, 1461.15631104, 659.97473145]
[-239.70986938, 1575.40985107, 681.82727051]
[-257.56924438, 1549.75280762, 562.64306641]
[-250.17541504, 1576.04718018, 529.31958008]
[-251.84655762, 1597.95751953, 528.58349609]
[-239.7984314, 1619.68310547, 534.44714355]
[-262.91085815, 1646.52215576, 559.29516602]
[-264.04943848, 1637.4354248, 568.51623535]
[-260.92260742, 1617.03411865, 572.02929688]
[-249.56625366, 1581.63867188, 563.16223145]
[-235.81504822, 1533.47363281, 514.78088379]
[-214.154953, 1481.46148682, 439.13842773]
[-208.30940247, 1450.3848877, 350.82385254]
[-158.07623291, 1442.62335205, 282.23937988]
[-115.84524536, 1453.16259766, 261.86706543]
[-66.0045929, 1469.63134766, 253.83654785]
[-61.21053314, 1494.72290039, 291.5970459]
[-55.59413528, 1503.82250977, 303.04833984]
[-21.69238091, 1503.88830566, 330.73010254]
[15.35312843, 1489.63604736, 388.17785645]
[11.70189667, 1473.10705566, 427.39831543]
[3.86412811, 1438.18347168, 487.17993164]
[-53.35934067, 1397.38415527, 492.10400391]
[-26.2440033, 1353.04919434, 557.70654297]
[-38.95806503, 1279.17346191, 643.73681641]
[-52.98060226, 1242.01467896, 677.47094727]
[-121.37456512, 1053.83752441, 703.25244141]
[-170.662323, 1023.90391541, 786.0123291]
[-168.28379822, 999.24339294, 819.375]
[-151.81600952, 895.57835388, 954.63647461]
[-91.56230164, 1032.10092163, 981.52978516]
[-188.32254028, 1184.4100647, 936.39880371]
[-235.74369812, 1236.52850342, 912.6965332]
[-244.5786438, 1320.58966064, 900.39440918]
[-227.6346283, 1382.76525879, 883.61791992]
[-219.91094971, 1430.00183105, 865.33618164]
[-221.35014343, 1446.43658447, 852.80407715]
[-232.516922, 1459.21972656, 840.36206055]
[-236.82530212, 1464.63067627, 833.84375]
[-247.83169556, 1467.88116455, 829.86572266]
[-264.45162964, 1453.11431885, 839.53015137]
[-307.09533691, 1420.48840332, 862.01416016]
[-333.11401367, 1362.61920166, 908.57849121]
[-358.5138855, 1292.75765991, 934.08312988]
[-351.34259033, 1229.00350952, 982.65649414]
[-335.34420776, 1176.95169067, 1013.31066895]
[-271.40332031, 1123.08789062, 1082.53979492]
[-249.39421082, 1124.14373779, 1064.9440918]
[-158.45594788, 1000.93673706, 1108.06079102]
[-81.6820755, 995.47102356, 1191.40112305]
[-139.3046875, 999.85076904, 1146.23632812]
[-172.69622803, 1009.83752441, 1120.15454102]
[-197.14044189, 1020.32194519, 1101.55932617]
[28.26870155, 1077.18182373, 1037.82104492]
[104.22306061, 1154.27209473, 999.36987305]
[151.74462891, 1140.01925659, 1011.03063965]
[160.99932861, 1207.84140015, 856.47424316]
[134.85847473, 1246.76431274, 867.20153809]
[152.59501648, 1287.96151733, 839.69970703]
[169.01974487, 1323.79150391, 920.8807373]
[184.74519348, 1343.71557617, 912.4486084]
[240.93624878, 1365.30151367, 935.62060547]
[309.88354492, 1380.45178223, 1003.54785156]
[353.40383911, 1417.2857666, 1000.43127441]
[372.90960693, 1435.51611328, 990.67382812]
[427.17752075, 1448.85064697, 1012.25610352]
[578.74279785, 1486.22161865, 1061.44873047]
[602.30493164, 1462.16418457, 1075.86987305]
[509.52047729, 1471.10083008, 1017.0300293]
[514.07293701, 1452.07891846, 1035.85913086]
[458.77423096, 1417.71374512, 1060.01123047]
[425.62948608, 1387.93231201, 1110.59521484]
[371.01443481, 1329.65618896, 1118.05493164]
[278.55270386, 1299.32992554, 1158.99414062]
[224.85023499, 1273.42205811, 1179.43798828]
[187.92643738, 1251.42453003, 1185.7902832]
[157.07341003, 1225.50628662, 1191.28955078]
[104.20500946, 1203.92755127, 1208.46435547]
[69.41466522, 1206.60943604, 1218.72338867]
[-83.83692169, 1454.37194824, 1088.84008789]
[-120.45422363, 1496.76306152, 1047.77746582]
[-100.82009888, 1502.74609375, 997.61743164]
[-80.90589905, 1463.2434082, 944.19433594]
[-104.23788452, 1394.12322998, 895.52185059]
[-53.5409584, 1310.4855957, 933.56774902]
[-63.58576584, 1209.65997314, 908.48022461]
[-73.70959473, 1137.13034058, 900.72363281]
[-79.42720795, 1086.76763916, 896.52282715]
[-110.35330963, 1069.60903931, 925.87768555]
[-107.20560455, 1033.1688385, 948.76245117]
[-145.12121582, 1035.96931458, 974.42700195]
[-123.72505951, 1038.54202271, 957.77954102]
[-135.41377258, 1025.77653503, 892.79626465]
[-168.98861694, 1006.79315186, 787.5736084]
[-160.11393738, 1061.74765015, 750.02087402]
[-175.50860596, 1114.92880249, 742.05627441]
[-194.44100952, 1153.19287109, 744.1204834]
[-223.96206665, 1154.02880859, 739.58483887]
[-252.52020264, 1154.64862061, 737.1451416]
[-263.50616455, 1140.28713989, 703.96606445]
[-319.0085144, 1171.66995239, 621.58081055]
[-356.82537842, 1184.77377319, 578.96398926]
[-355.57977295, 1191.25845337, 498.75952148]
[-343.98800659, 1212.61566162, 466.71765137]
[-300.08435059, 1265.63137817, 397.25952148]
[-305.05551147, 1289.71670532, 352.90283203]
[-265.87866211, 1351.75799561, 289.61645508]
[-240.18548584, 1366.51501465, 238.15942383]
[-228.50090027, 1354.99468994, 202.88659668]
[-217.30755615, 1347.2623291, 150.48474121]
[-195.14144897, 1350.9956665, 127.47619629]
[-183.68363953, 1334.56494141, 106.4810791]
[-194.95422363, 1320.81140137, 103.57946777]
[-193.5916748, 1295.61901855, 118.12670898]
[-190.7741394, 1249.07183838, 147.61254883]
[-206.7301178, 1222.77020264, 169.19604492]
[-227.74464417, 1163.35498047, 219.03637695]
[-245.65971375, 1113.8465271, 247.48937988]
[-252.89082336, 1056.57781982, 286.90319824]
[-268.64923096, 1005.30534363, 325.42980957]
[-280.46337891, 935.6424408, 385.3314209]
[-303.95327759, 915.3788147, 461.05334473]
[-321.46444702, 937.10247803, 429.75146484]
[-339.08462524, 933.45243835, 463.140625]
[-352.8605957, 932.08520508, 500.86315918]
[-380.96762085, 957.98796082, 483.9005127]
[-407.78100586, 971.70924377, 483.97595215]
[-416.10617065, 997.50582886, 465.59094238]
[-443.50888062, 1006.11953735, 429.51721191]
[-462.9281311, 995.56037903, 385.41210938]
[-469.96417236, 980.97106934, 336.74951172]
[-477.0668335, 982.76199341, 301.48742676]
[-470.54522705, 987.9228363, 193.88391113]
[-411.28100586, 992.88850403, 131.69213867]
[-359.93927002, 1051.20956421, 89.68273926]
[-278.66925049, 1128.66845703, 85.71484375]
[-319.58889771, 1139.29327393, 7.2645874]
[-302.43927002, 1172.49649048, -7.07434082]
[-286.6255188, 1191.45983887, -19.35388184]
[-284.8187561, 1198.01239014, -25.88153076]
[-284.17123413, 1201.42648315, -22.00366211]
[-282.77542114, 1208.44445801, -10.78466797]
[-301.31027222, 1198.03207397, 6.79040527]
[-344.40588379, 1181.34564209, 28.76025391]
[-351.42034912, 1161.01358032, 61.74755859]
[-400.76931763, 1154.10253906, 112.49316406]
[-404.51412964, 1146.98571777, 154.21850586]
[-401.35116577, 1120.21911621, 205.85778809]
[-396.37762451, 1085.79449463, 255.11425781]
[-383.96862793, 1042.30065918, 317.80944824]
[-373.6114502, 994.54351807, 363.45507812]
[-345.9836731, 957.15620422, 417.06140137]
[-340.28338623, 937.12390137, 443.98461914]
[-329.21234131, 917.04202271, 475.63427734]
[-329.40411377, 919.10053253, 498.07702637]
[-325.77120972, 938.37388611, 525.85498047]
[-317.72521973, 950.53074646, 555.06921387]
[-317.75238037, 972.70475769, 579.54626465]
[-318.92880249, 989.26010132, 603.94519043]
[-320.56942749, 1002.16816711, 629.32116699]
[-319.17471313, 1010.63124084, 658.26513672]
[-314.64630127, 1009.77165222, 686.03186035]
[-312.70074463, 1001.58869934, 713.00585938]
[-309.77185059, 990.79980469, 744.07397461]
[-291.88540649, 981.73735046, 762.66833496]
[-284.58285522, 962.73394775, 789.63134766]
[-239.70243835, 952.31880188, 801.48925781]
[-216.48649597, 928.12672424, 831.45422363]
[-191.41392517, 900.13320923, 858.55749512]
[-171.33847046, 895.99337769, 888.29589844]
[-149.44995117, 911.16221619, 928.70568848]
[-146.2387085, 958.20652771, 939.39001465]
[-129.8379364, 993.14866638, 974.86499023]
[-128.24258423, 1028.66705322, 988.85046387]
[-124.20944977, 1031.10336304, 1013.51428223]
[-118.80154419, 1025.21263123, 1039.04919434]
[-129.787323, 1013.91027832, 1041.3482666]
[-134.77268982, 945.90507507, 1095.4609375]
[-135.90867615, 950.11306763, 1091.3984375]
[-133.77468872, 943.28511047, 1074.00683594]
[-132.69750977, 941.09963989, 1052.73217773]
[-128.91773987, 959.49046326, 1026.328125]
[-123.15938568, 978.15664673, 996.20727539]
[-131.67192078, 1030.38877869, 945.1920166]
[-126.56971741, 1100.24972534, 903.09216309]
[-123.19111633, 1145.02511597, 898.61499023]
[-95.16998291, 1215.81732178, 835.48693848]
[-146.82502747, 1293.14294434, 818.34533691]
[-144.77989197, 1295.09039307, 793.71704102]
[-128.91772461, 1330.23480225, 767.92724609]
[-120.14006042, 1334.00634766, 757.42456055]
[-83.84241486, 1344.82623291, 741.95471191]
[-48.70499039, 1354.59368896, 755.16455078]
[-45.27661133, 1340.59320068, 747.50048828]
[-30.86979675, 1323.15692139, 753.02416992]
[-43.98174667, 1292.240448, 746.49047852]
[-31.66441536, 1284.29351807, 762.30761719]
[-45.0741806, 1240.03775024, 769.22717285]
[-51.86851883, 1189.61886597, 781.46130371]
[-60.61439896, 1137.18377686, 800.43261719]
[-79.07261658, 1102.84262085, 826.171875]
[-73.12662506, 1104.71725464, 821.33825684]
[-65.92893982, 842.55863953, 1069.87475586]
[-114.00760651, 812.43736744, 1081.73876953]
[-97.08164215, 804.29732704, 1092.17724609]
[-122.99601746, 785.95601177, 1068.2800293]
[-123.55492401, 750.33034897, 1075.50878906]
[-122.69644928, 688.41092682, 1089.05004883]
[-133.32342529, 649.23435974, 1101.79882812]
[-139.010849, 588.08969116, 1102.92236328]
[-134.56060791, 559.27693176, 1102.86181641]
[-131.43992615, 544.65542603, 1085.16748047]
[-123.07675934, 539.15093994, 1039.32971191]
[-110.39593506, 571.73413086, 980.42138672]
[-87.67870331, 612.81123352, 891.06884766]
[-51.23004913, 669.49757385, 806.11193848]
[-24.74385452, 784.18839645, 734.94335938]
[10.23799133, 907.67952728, 689.11523438]
[10.78284931, 998.73196411, 650.5435791]
[26.84847641, 1111.39373779, 634.72424316]
[30.916502, 1220.18005371, 622.44519043]
[54.50828552, 1304.96466064, 619.19189453]
[43.92111969, 1387.2019043, 614.05737305]
[50.11424255, 1454.06500244, 622.71057129]
[22.71370125, 1506.61529541, 618.93408203]
[4.30450583, 1536.38293457, 609.15515137]
[-39.7554245, 1545.55273438, 590.85449219]
[-65.2767868, 1539.22650146, 605.72680664]
[-79.91701508, 1545.05761719, 617.58874512]
[-98.42799377, 1537.35968018, 641.46520996]
[-120.12478638, 1508.22253418, 653.46008301]
[-132.45722961, 1451.66046143, 685.57128906]
[-154.192276, 1425.16821289, 721.25878906]
[-134.87039185, 1347.52703857, 733.55004883]
[-145.45606995, 1284.89346313, 751.87524414]
[-129.72286987, 1183.18682861, 797.39245605]
[-111.85086823, 1108.29455566, 842.42858887]
[-111.09463501, 954.69815063, 941.53710938]
[-104.97832489, 937.21043396, 928.48474121]
[-109.76066589, 930.2808075, 917.71032715]
[-102.45035553, 904.93562317, 924.43579102]
[-130.85571289, 907.8662796, 903.61218262]
[-177.96957397, 949.25382996, 858.79418945]
[-189.4588623, 947.55604553, 818.28601074]
[-163.89527893, 870.72822571, 751.5423584]
[-178.27076721, 911.31413269, 668.7442627]
[-173.47991943, 925.94193268, 607.05383301]
[-144.92059326, 928.13731384, 577.21508789]
[-134.8183136, 970.64744568, 489.6373291]
[-85.86611938, 1003.4221344, 445.88464355]
[-43.84431076, 1056.14553833, 419.42419434]
[-12.89670944, 1104.14718628, 430.90209961]
[11.79738331, 1176.06304932, 408.49353027]
[8.75577354, 1227.81002808, 404.68310547]
[13.07512093, 1292.72024536, 435.58850098]
[-10.41531563, 1362.18115234, 475.2557373]
[-27.50835609, 1354.472229, 443.95019531]
[-58.07654572, 1344.48162842, 440.69104004]
[-68.38251495, 1354.96447754, 444.92041016]
[-102.67699432, 1386.18591309, 474.70617676]
[-165.95205688, 1372.37371826, 504.26940918]
[-226.07752991, 1241.78445435, 439.87231445]
[-258.80569458, 1167.44326782, 468.19030762]
[-279.47375488, 1139.69830322, 484.05871582]
[-293.16809082, 1154.68405151, 488.68969727]
[-339.09063721, 1188.76074219, 503.64331055]
[-375.55001831, 1235.605896, 523.81188965]
[-389.81039429, 1305.88638306, 524.13244629]
[-401.77609253, 1345.56713867, 538.72802734]
[-419.4251709, 1399.2835083, 495.66809082]
[-417.5050354, 1429.33532715, 473.81079102]
[-411.29736328, 1441.79962158, 442.20373535]
[-401.61306763, 1460.65393066, 403.5859375]
[-380.7522583, 1457.57336426, 369.72155762]
[-361.97253418, 1443.46594238, 323.60351562]
[-330.11810303, 1422.16174316, 294.31262207]
[-290.03427124, 1413.9418335, 264.22644043]
[-239.12431335, 1371.52740479, 274.73059082]
[-207.95344543, 1292.5211792, 235.23547363]
[-174.83984375, 1256.46224976, 313.14440918]
[-156.32791138, 1225.35498047, 326.56530762]
[-188.25131226, 1196.7649231, 380.89624023]
[-149.83480835, 1152.55923462, 365.29089355]
[-198.75379944, 1132.09140015, 419.29736328]
[-136.82833862, 968.33998108, 442.82788086]
[-212.91360474, 1041.09046936, 518.42224121]
[-262.8132019, 1091.12799072, 528.90722656]
[-290.42422485, 1104.45715332, 537.11425781]
[-248.25227356, 1074.23052979, 564.73632812]
[-199.73677063, 1047.8538208, 483.39990234]
[-254.79147339, 1097.38876343, 565.98498535]
[-226.70948792, 1031.09539795, 463.25756836]
[-256.71539307, 1096.62597656, 550.11560059]
[-194.44052124, 1137.50003052, 448.88232422]
[-57.70020294, 992.10536194, 411.11584473]
[-34.58797073, 937.09864807, 460.70605469]
[-37.58966446, 891.55444336, 428.41845703]
[-76.03955841, 886.73149109, 408.69836426]
[-86.45053864, 900.37314606, 402.41845703]
[-82.62915802, 929.09635925, 401.49438477]
[-84.2325058, 984.75907898, 402.31787109]
[-86.78259277, 1044.04812622, 406.40893555]
[-65.0293045, 1105.15353394, 434.90551758]
[-60.73752213, 1137.31991577, 436.33410645]
[-59.15790176, 1232.69454956, 437.97485352]
[-17.75909233, 1274.07531738, 465.79016113]
[-10.6467905, 1280.51730347, 473.47277832]
[215.42422485, 1375.70617676, 611.66760254]
[237.10595703, 1376.65026855, 582.29602051]
[256.80252075, 1401.97711182, 549.92468262]
[251.2184906, 1415.32012939, 515.04602051]
[249.0231781, 1419.13616943, 490.96081543]
[234.93295288, 1415.35852051, 472.72900391]
[239.14608765, 1391.41864014, 460.828125]
[242.8600769, 1354.16674805, 453.03796387]
[244.52435303, 1322.90722656, 467.59240723]
[243.56985474, 1262.97329712, 486.67126465]
[241.17488098, 1212.3477478, 518.30053711]
[232.7890625, 1183.76043701, 554.89868164]
[218.71348572, 1180.80352783, 580.15905762]
[185.95500183, 1196.28411865, 608.41455078]
[165.50982666, 1212.67459106, 627.73925781]
[156.35192871, 1233.07217407, 644.01245117]
[155.99737549, 1251.08639526, 658.515625]
[158.69657898, 1262.01553345, 665.13757324]
[155.7613678, 1264.45019531, 659.12109375]
[141.54890442, 1273.57174683, 644.26928711]
[132.6999054, 1270.21044922, 621.74328613]
[111.88053894, 1251.46426392, 613.22033691]
[60.08718109, 1236.28457642, 648.14758301]
[22.35435677, 1236.42752075, 647.72131348]
[10.67734528, 1236.70709229, 668.86010742]
[-30.93651009, 1242.59170532, 619.10681152]
[-56.94931793, 1250.26898193, 638.71472168]
[-83.83544922, 1259.3421936, 673.16748047]
[-97.33204651, 1315.35687256, 695.92175293]
[-113.49969482, 1357.953125, 720.89306641]
[-123.43273926, 1402.63873291, 744.43212891]
[-138.51829529, 1427.72497559, 756.42651367]
[-150.85375977, 1443.7477417, 773.07897949]
[-165.44047546, 1445.57006836, 784.69250488]
[-167.62808228, 1452.81274414, 797.23986816]
[-167.75166321, 1453.34643555, 810.78674316]
[-161.24737549, 1454.26287842, 822.6685791]
[-158.08847046, 1457.00994873, 826.85693359]
[-155.40621948, 1456.0022583, 830.11608887]
[-159.43231201, 1451.45043945, 827.78710938]
[-170.41592407, 1448.34210205, 810.60778809]
[-173.56163025, 1434.91375732, 787.78845215]
[-187.00735474, 1402.45007324, 760.34777832]
[-181.13989258, 1378.12084961, 737.88598633]
[-170.38720703, 1331.79754639, 711.77490234]
[-175.32086182, 1286.28884888, 694.77197266]
[-228.28533936, 1194.40081787, 733.92712402]
[-201.66860962, 1125.42703247, 718.56713867]
[-206.27378845, 1099.18133545, 761.86706543]
[-189.1688385, 1071.46621704, 804.91662598]
[-183.11828613, 1056.22839355, 844.85180664]
[-161.01626587, 1029.4730072, 883.43115234]
[-125.80011749, 1027.69015503, 914.0435791]
[-100.58953094, 996.32827759, 984.70214844]
[-89.14273834, 997.30154419, 1054.46142578]
[-68.74682617, 996.83937073, 1123.01342773]
[-44.46070099, 1014.48957825, 1196.23974609]
[-33.53534317, 1013.88690186, 1269.4387207]
[-22.08051109, 1010.83848572, 1332.23413086]
[-8.97123337, 997.01370239, 1385.00610352]
[13.55910301, 995.10684204, 1425.1965332]
[32.20541, 1001.8157196, 1452.35717773]
[55.94783401, 1002.82383728, 1350.58618164]
[66.42717743, 1004.46937561, 1312.83447266]
[83.32702637, 1029.17457581, 1321.82592773]
[99.76130676, 1035.82975769, 1297.20629883]
[96.28034973, 1041.14489746, 1293.32495117]
[90.88417816, 1035.10266113, 1267.68530273]
[70.09563446, 1038.7749176, 1274.34863281]
[19.89037132, 1053.7852478, 1292.98022461]
[12.80951977, 1051.91342163, 1335.02978516]
[-15.30413437, 1054.19848633, 1317.00830078]
[-38.49480438, 1080.54406738, 1302.01123047]
[-45.68697357, 1074.65881348, 1257.1953125]
[-75.27696991, 1071.23641968, 1192.71118164]
[-74.26382446, 1065.10473633, 1155.2878418]
[-93.4708252, 1056.25302124, 1089.98046875]
[-119.14144135, 1052.46716309, 1008.94189453]
[-153.50576782, 1045.80493164, 908.20471191]
[-181.32267761, 1017.55775452, 803.92199707]
[-187.68161011, 1011.10913086, 729.21716309]
[-216.48106384, 1012.31874084, 651.49682617]
[-216.30944824, 991.04316711, 592.09277344]
[-181.06669617, 1038.2301178, 519.67736816]
[-156.21038818, 1063.44943237, 441.61352539]
[-129.20306396, 1103.38137817, 405.15527344]
[-105.02437592, 1111.0675354, 359.46118164]
[-86.15033722, 1125.64175415, 316.93994141]
[-31.92655373, 1160.83673096, 280.66699219]
[17.11814117, 1162.34646606, 258.8182373]
[75.37871552, 1197.44335938, 262.9375]
[125.99362183, 1204.03756714, 278.26745605]
[178.2033844, 1215.44918823, 307.10717773]
[232.16921997, 1229.11465454, 371.73022461]
[262.9515686, 1212.2550354, 446.00292969]
[276.13586426, 1201.69689941, 521.15014648]
[256.75695801, 1174.1605835, 589.24963379]
[239.93666077, 1150.19873047, 614.35852051]
[208.14692688, 1128.27758789, 661.9876709]
[179.41496277, 1115.05856323, 669.84313965]
[144.42289734, 1100.03713989, 669.05163574]
[0, 0, 0]
[0, 0, 0]
[0, 0, 0]
[0, 0, 0]
[0, 0, 0]
[0, 0, 0]
[0, 0, 0]
[0, 0, 0]
[0, 0, 0]
[0, 0, 0]
[0, 0, 0]
[0, 0, 0]
[0, 0, 0]
[0, 0, 0]
[0, 0, 0]
[0, 0, 0]
[0, 0, 0]
[0, 0, 0]
[0, 0, 0]
[0, 0, 0]
[0, 0, 0]
[0, 0, 0]
[0, 0, 0]
[0, 0, 0]
[0, 0, 0]
[0, 0, 0]
[0, 0, 0]
[0, 0, 0]
[0, 0, 0]
[0, 0, 0]
[0, 0, 0]
[0, 0, 0]
[0, 0, 0]
[0, 0, 0]
[0, 0, 0]
[0, 0, 0]
[0, 0, 0]
[0, 0, 0]
[0, 0, 0]
[0, 0, 0]
[0, 0, 0]
[0, 0, 0]
[0, 0, 0]
[0, 0, 0]
[0, 0, 0]
[0, 0, 0]
[0, 0, 0]
[0, 0, 0]
[0, 0, 0]
[0, 0, 0]
[0, 0, 0]
[0, 0, 0]
[0, 0, 0]
[0, 0, 0]
[0, 0, 0]
[0, 0, 0]
[0, 0, 0]
[0, 0, 0]
[0, 0, 0]
[0, 0, 0]
[0, 0, 0]
[0, 0, 0]
[0, 0, 0]
[0, 0, 0]
[0, 0, 0]
[0, 0, 0]
[0, 0, 0]
[0, 0, 0]
[0, 0, 0]
[0, 0, 0]
[0, 0, 0]
[0, 0, 0]
[0, 0, 0]
[0, 0, 0]
[0, 0, 0]
[0, 0, 0]
[0, 0, 0]
[0, 0, 0]
[0, 0, 0]
[0, 0, 0]
[0, 0, 0]
[0, 0, 0]
[0, 0, 0]
[0, 0, 0]
[0, 0, 0]
[0, 0, 0]
[0, 0, 0]
[0, 0, 0]
[0, 0, 0]
[0, 0, 0]
[0, 0, 0]
[0, 0, 0]
[0, 0, 0]
[0, 0, 0]
[0, 0, 0]
[0, 0, 0]
[0, 0, 0]
[0, 0, 0]
[0, 0, 0]
[0, 0, 0]
[0, 0, 0]
[0, 0, 0]
[0, 0, 0]
[0, 0, 0]
[0, 0, 0]
[0, 0, 0]
[0, 0, 0]
[0, 0, 0]
[0, 0, 0]
[0, 0, 0]
[0, 0, 0]
[0, 0, 0]
[0, 0, 0]
[0, 0, 0]
[0, 0, 0]
[0, 0, 0]
[0, 0, 0]
[0, 0, 0]
[0, 0, 0]
[0, 0, 0]
[0, 0, 0]
[0, 0, 0]
[0, 0, 0]
[0, 0, 0]
[0, 0, 0]
[0, 0, 0]
[0, 0, 0]
[0, 0, 0]
[0, 0, 0]
[0, 0, 0]
[0, 0, 0]
[0, 0, 0]
[0, 0, 0]
[0, 0, 0]
[0, 0, 0]
[0, 0, 0]
[0, 0, 0]
[0, 0, 0]
[0, 0, 0]
[0, 0, 0]
[0, 0, 0]
[0, 0, 0]
[0, 0, 0]
[0, 0, 0]
[0, 0, 0]
[0, 0, 0]
[0, 0, 0]
[0, 0, 0]
[0, 0, 0]
[0, 0, 0]
[0, 0, 0]
[0, 0, 0]
[0, 0, 0]
[0, 0, 0]
[0, 0, 0]
[0, 0, 0]
[0, 0, 0]
[0, 0, 0]
[0, 0, 0]
[0, 0, 0]
[0, 0, 0]
[0, 0, 0]
[0, 0, 0]
[0, 0, 0]
[0, 0, 0]
[0, 0, 0]
[0, 0, 0]
[0, 0, 0]
[0, 0, 0]
[0, 0, 0]
[0, 0, 0]
[0, 0, 0]
[0, 0, 0]
[0, 0, 0]
[0, 0, 0]
[0, 0, 0]
[0, 0, 0]
[0, 0, 0]
[0, 0, 0]
[0, 0, 0]
[0, 0, 0]
[0, 0, 0]
[0, 0, 0]
[0, 0, 0]
[0, 0, 0]
[0, 0, 0]
[0, 0, 0]
[0, 0, 0]
[0, 0, 0]
[0, 0, 0]
[0, 0, 0]
[0, 0, 0]
[0, 0, 0]
[0, 0, 0]
[0, 0, 0]
[0, 0, 0]
[0, 0, 0]
[0, 0, 0]
[0, 0, 0]
[0, 0, 0]
[0, 0, 0]
[0, 0, 0]
[0, 0, 0]
[0, 0, 0]
[0, 0, 0]
[0, 0, 0]
[0, 0, 0]
[0, 0, 0]
[0, 0, 0]
[0, 0, 0]
[0, 0, 0]
[0, 0, 0]
[0, 0, 0]
[0, 0, 0]
[0, 0, 0]
[0, 0, 0]
[0, 0, 0]
[0, 0, 0]
[0, 0, 0]
[0, 0, 0]
[0, 0, 0]
[0, 0, 0]
[0, 0, 0]
[0, 0, 0]
[0, 0, 0]
[0, 0, 0]
[0, 0, 0]
[0, 0, 0]
[0, 0, 0]
[0, 0, 0]
[0, 0, 0]
[0, 0, 0]
[0, 0, 0]
[0, 0, 0]
[0, 0, 0]
[0, 0, 0]
[0, 0, 0]
[0, 0, 0]
[0, 0, 0]
[0, 0, 0]
[0, 0, 0]
[0, 0, 0]
[0, 0, 0]
[0, 0, 0]
[0, 0, 0]
[0, 0, 0]
[0, 0, 0]
[0, 0, 0]
[0, 0, 0]
[0, 0, 0]
[0, 0, 0]
[0, 0, 0]
[0, 0, 0]
[0, 0, 0]
[0, 0, 0]
[0, 0, 0]
[0, 0, 0]
[0, 0, 0]
[0, 0, 0]
[0, 0, 0]
[0, 0, 0]
[0, 0, 0]
[0, 0, 0]
[0, 0, 0]
[0, 0, 0]
[0, 0, 0]
[0, 0, 0]
[0, 0, 0]
[0, 0, 0]
[0, 0, 0]
[0, 0, 0]
[0, 0, 0]
[0, 0, 0]
[0, 0, 0]
[0, 0, 0]
[0, 0, 0]
[0, 0, 0]
[0, 0, 0]
[0, 0, 0]
[0, 0, 0]
[0, 0, 0]
[0, 0, 0]
[0, 0, 0]
[0, 0, 0]
[0, 0, 0]
[0, 0, 0]
[0, 0, 0]
[0, 0, 0]
[0, 0, 0]
[0, 0, 0]
[0, 0, 0]
[0, 0, 0]
[0, 0, 0]
[0, 0, 0]
[0, 0, 0]
[0, 0, 0]
[0, 0, 0]
[0, 0, 0]
[0, 0, 0]
[0, 0, 0]
[0, 0, 0]
[0, 0, 0]
[0, 0, 0]
[0, 0, 0]
[0, 0, 0]
[0, 0, 0]
[0, 0, 0]
[0, 0, 0]
[0, 0, 0]
[0, 0, 0]
[0, 0, 0]
[0, 0, 0]
[0, 0, 0]
[0, 0, 0]
[0, 0, 0]
[0, 0, 0]
[0, 0, 0]
[0, 0, 0]
[0, 0, 0]
[0, 0, 0]
[0, 0, 0]
[0, 0, 0]
[0, 0, 0]
[0, 0, 0]
[0, 0, 0]
[0, 0, 0]
[0, 0, 0]
[0, 0, 0]
[0, 0, 0]
[0, 0, 0]
[0, 0, 0]
[0, 0, 0]
[0, 0, 0]
[0, 0, 0]
[0, 0, 0]
[0, 0, 0]
[0, 0, 0]
[0, 0, 0]
[0, 0, 0]
[0, 0, 0]
[0, 0, 0]
[0, 0, 0]
[0, 0, 0]
[0, 0, 0]
[0, 0, 0]
[0, 0, 0]
[0, 0, 0]
[0, 0, 0]
[0, 0, 0]
[0, 0, 0]
[0, 0, 0]
[0, 0, 0]
[0, 0, 0]
[0, 0, 0]
[0, 0, 0]
[0, 0, 0]
[0, 0, 0]
[0, 0, 0]
[0, 0, 0]
[0, 0, 0]
[0, 0, 0]
[0, 0, 0]
[0, 0, 0]
[0, 0, 0]
[0, 0, 0]
[0, 0, 0]
[0, 0, 0]
[0, 0, 0]
[0, 0, 0]
[0, 0, 0]
[0, 0, 0]
[0, 0, 0]
[0, 0, 0]
[0, 0, 0]
[0, 0, 0]
[0, 0, 0]
[0, 0, 0]
[0, 0, 0]
[0, 0, 0]
[0, 0, 0]
[0, 0, 0]
[0, 0, 0]
[0, 0, 0]
[0, 0, 0]
[0, 0, 0]
[0, 0, 0]
[0, 0, 0]
[0, 0, 0]
[0, 0, 0]
[0, 0, 0]
[0, 0, 0]
[0, 0, 0]
[0, 0, 0]
[0, 0, 0]
[0, 0, 0]
[0, 0, 0]
[0, 0, 0]
[0, 0, 0]
[0, 0, 0]
[0, 0, 0]
[0, 0, 0]
[0, 0, 0]
[0, 0, 0]
[0, 0, 0]
[0, 0, 0]
[0, 0, 0]
[0, 0, 0]
[0, 0, 0]
[0, 0, 0]
[0, 0, 0]
[0, 0, 0]
[0, 0, 0]
[0, 0, 0]
[0, 0, 0]
[0, 0, 0]
[0, 0, 0]
[0, 0, 0]
[0, 0, 0]
[0, 0, 0]
[0, 0, 0]
[0, 0, 0]
[0, 0, 0]
[0, 0, 0]
[0, 0, 0]
[0, 0, 0]
[0, 0, 0]
[0, 0, 0]
[0, 0, 0]
[0, 0, 0]
[0, 0, 0]
[0, 0, 0]
[0, 0, 0]
[0, 0, 0]
[0, 0, 0]
[0, 0, 0]
[0, 0, 0]
[0, 0, 0]
[0, 0, 0]
[0, 0, 0]
[0, 0, 0]
[0, 0, 0]
[0, 0, 0]
[0, 0, 0]
[0, 0, 0]
[0, 0, 0]
[0, 0, 0]
[0, 0, 0]
[0, 0, 0]
[0, 0, 0]
[0, 0, 0]
[0, 0, 0]
[0, 0, 0]
