452
30
[-104.32122802734375, -6.687626361846924, 1990.958251953125]
[-105.28522491455078, 5.075603485107422, 1994.2462158203125]
[-111.13533020019531, 18.331117630004883, 2001.49609375]
[-102.6488037109375, 18.495582580566406, 2000.6043701171875]
[-94.2291488647461, 14.232881546020508, 1999.2579345703125]
[-82.93476867675781, 9.499117851257324, 1988.787841796875]
[-87.21188354492188, 9.295723915100098, 1991.88037109375]
[-99.56109619140625, 21.7824649810791, 2006.9447021484375]
[-98.89481353759766, 25.121726989746094, 2007.346435546875]
[-96.15436553955078, 29.721088409423828, 2010.1246337890625]
[-99.83261108398438, 31.33619499206543, 2010.163330078125]
[-99.5194320678711, 34.100181579589844, 2013.885009765625]
[-100.07205963134766, 33.108741760253906, 2015.6702880859375]
[-98.64054870605469, 32.5831413269043, 2014.945556640625]
[-99.72785186767578, 36.56974411010742, 2019.8531494140625]
[-100.96824645996094, 37.30475997924805, 2029.7613525390625]
[-96.26881408691406, 36.24098587036133, 2018.7335205078125]
[-90.54505920410156, 34.637733459472656, 2018.89013671875]
[-89.71112823486328, 34.81747817993164, 2018.066162109375]
[-75.95559692382812, 35.329742431640625, 1999.4332275390625]
[-46.55096435546875, 21.139719009399414, 1982.0631103515625]
[-52.397579193115234, 24.721004486083984, 1979.524658203125]
[-55.885982513427734, 24.769731521606445, 1977.279296875]
[-60.298011779785156, 24.702287673950195, 1978.330078125]
[-63.47771072387695, 28.66590118408203, 1982.5159912109375]
[-67.80876159667969, 29.557823181152344, 1982.4996337890625]
[-71.8585205078125, 28.960369110107422, 1983.8013916015625]
[-74.78013610839844, 28.43792724609375, 1984.021728515625]
[-82.88475799560547, 29.032983779907227, 1987.88916015625]
[-87.52130126953125, 29.746644973754883, 1990.10693359375]
[-90.42135620117188, 29.687009811401367, 1990.1597900390625]
[-90.6687240600586, 29.37702178955078, 1988.476806640625]
[-91.2666244506836, 28.950244903564453, 1985.62060546875]
[-93.07524871826172, 28.22028160095215, 1989.1583251953125]
[-93.429443359375, 28.214813232421875, 1974.22900390625]
[-106.06454467773438, 20.179689407348633, 1966.146240234375]
[-106.6966323852539, 20.30251121520996, 1966.3526611328125]
[-103.31956481933594, -6.749786376953125, 1918.6270751953125]
[-96.38264465332031, -40.673866271972656, 1899.010498046875]
[-135.7738037109375, -43.688453674316406, 1927.2742919921875]
[-119.20691680908203, -245.45816040039062, 1810.4049072265625]
[-143.64772033691406, -284.90447998046875, 1799.73828125]
[-299.32037353515625, -591.4111938476562, 1759.84326171875]
[-291.8526611328125, -620.1405639648438, 1718.1282958984375]
[-284.6826171875, -661.0989379882812, 1758.0286865234375]
[-293.08001708984375, -841.1420288085938, 1753.2314453125]
[-271.21051025390625, -801.620849609375, 1660.12646484375]
[-245.4668426513672, -850.1763305664062, 1611.817138671875]
[-220.92062377929688, -870.8135375976562, 1607.2548828125]
[-202.50469970703125, -890.7486572265625, 1610.9158935546875]
[-182.20323181152344, -913.0853881835938, 1595.773193359375]
[-195.31646728515625, -910.3225708007812, 1615.2730712890625]
[-207.7753448486328, -894.2232055664062, 1631.2550048828125]
[-222.67266845703125, -878.3397827148438, 1608.227294921875]
[-216.31044006347656, -822.9878540039062, 1574.8759765625]
[-167.24464416503906, -775.63525390625, 1470.5447998046875]
[-127.64322662353516, -721.8649291992188, 1369.652587890625]
[-102.81295776367188, -720.2759399414062, 1337.14013671875]
[-70.84913635253906, -710.0042114257812, 1343.6015625]
[-12.205057144165039, -722.8892822265625, 1333.716552734375]
[12.986470222473145, -743.8829956054688, 1357.2047119140625]
[5.4679436683654785, -754.9349365234375, 1380.674072265625]
[39.37760925292969, -758.1293334960938, 1407.136474609375]
[53.27959060668945, -769.6043090820312, 1456.2252197265625]
[87.3660659790039, -690.924560546875, 1505.08154296875]
[100.75679779052734, -659.2560424804688, 1533.34765625]
[7.956955432891846, -637.5697021484375, 1573.6632080078125]
[-7.780034065246582, -595.532470703125, 1656.950927734375]
[4.183598041534424, -516.9263916015625, 1738.1324462890625]
[-0.006128102540969849, -510.5738525390625, 1747.24462890625]
[-161.36846923828125, -299.7881164550781, 1796.907958984375]
[-200.24118041992188, -238.91717529296875, 1892.284423828125]
[-195.18479919433594, -222.63790893554688, 1925.395263671875]
[-179.85311889648438, -163.06317138671875, 2039.83447265625]
[-196.68099975585938, -192.2875213623047, 1992.594482421875]
[-291.270751953125, -352.21124267578125, 1903.7039794921875]
[-272.41571044921875, -500.98992919921875, 1998.2628173828125]
[-277.3540344238281, -570.9202270507812, 1995.693115234375]
[-274.7225036621094, -668.1937866210938, 1940.8199462890625]
[-250.24288940429688, -688.2323608398438, 1955.93505859375]
[-255.36614990234375, -711.65966796875, 1937.9755859375]
[-256.5281982421875, -730.1925659179688, 1922.22265625]
[-258.2619934082031, -734.3048706054688, 1917.4793701171875]
[-282.9790954589844, -736.7527465820312, 1908.092041015625]
[-318.1585693359375, -703.5020751953125, 1927.52294921875]
[-342.9583435058594, -687.8836059570312, 1945.2283935546875]
[-381.71734619140625, -597.96826171875, 2003.89697265625]
[-408.251220703125, -535.8590698242188, 2023.591064453125]
[-401.50421142578125, -476.6026306152344, 2068.9169921875]
[-377.3515930175781, -425.3780212402344, 2104.03369140625]
[-318.5279235839844, -372.4639587402344, 2169.02490234375]
[-307.9382629394531, -370.973388671875, 2147.669189453125]
[-234.16307067871094, -145.3551483154297, 2169.951904296875]
[-146.55023193359375, -180.31324768066406, 2282.116943359375]
[-209.6656036376953, -191.91258239746094, 2234.509033203125]
[-238.17918395996094, -205.3643798828125, 2213.5009765625]
[-260.2776184082031, -217.6654052734375, 2195.81982421875]
[-83.36763000488281, -279.76043701171875, 2055.970458984375]
[-1.5179067850112915, -355.6272277832031, 1962.6142578125]
[137.9414520263672, -315.281494140625, 1902.5430908203125]
[194.72091674804688, -363.01458740234375, 1760.7215576171875]
[153.8789520263672, -355.9559631347656, 1806.9559326171875]
[158.81260681152344, -408.7366943359375, 1761.638427734375]
[128.52272033691406, -465.6604919433594, 1834.6195068359375]
[137.92813110351562, -489.3108825683594, 1826.466552734375]
[192.62081909179688, -504.4795837402344, 1854.6727294921875]
[235.36773681640625, -530.218017578125, 1934.8577880859375]
[268.31475830078125, -551.0048828125, 1962.978515625]
[286.5251159667969, -566.2003784179688, 1963.077392578125]
[329.580322265625, -594.0843505859375, 1985.6041259765625]
[474.9139404296875, -646.8463745117188, 2033.093505859375]
[494.31329345703125, -645.5985107421875, 2046.9385986328125]
[441.853271484375, -615.3671264648438, 1947.6915283203125]
[447.0853576660156, -618.3739013671875, 1955.02978515625]
[399.6072998046875, -602.5856323242188, 1966.4625244140625]
[362.1783752441406, -587.4345703125, 2018.0921630859375]
[379.8037414550781, -583.1036987304688, 2019.5712890625]
[315.4393310546875, -555.3195190429688, 2069.662841796875]
[265.87646484375, -533.3372192382812, 2094.30126953125]
[234.59632873535156, -517.2708129882812, 2108.5166015625]
[200.76744079589844, -499.18194580078125, 2118.90673828125]
[152.45082092285156, -474.82568359375, 2135.93310546875]
[132.88107299804688, -465.8051452636719, 2146.99658203125]
[-153.17628479003906, -736.0737915039062, 2121.163330078125]
[-175.1857452392578, -773.86279296875, 2107.705322265625]
[-117.39533233642578, -794.3576049804688, 2060.558837890625]
[-59.37752914428711, -757.0264282226562, 2002.76953125]
[-140.34112548828125, -679.4862670898438, 1960.2657470703125]
[-99.95157623291016, -594.43603515625, 1994.6298828125]
[-138.6864776611328, -458.2903137207031, 1973.8133544921875]
[-162.1089324951172, -337.46136474609375, 1968.3695068359375]
[-164.371337890625, -270.3966064453125, 1963.1619873046875]
[-202.70941162109375, -263.450927734375, 1985.7501220703125]
[-186.64988708496094, -201.3624725341797, 2016.894287109375]
[-139.33111572265625, -126.90523529052734, 1973.8353271484375]
[-66.62288665771484, -203.15762329101562, 1870.95947265625]
[-105.54261016845703, -136.3096923828125, 1833.727294921875]
[-91.07628631591797, -125.35807800292969, 1792.536376953125]
[-111.45146179199219, -164.72720336914062, 1785.6409912109375]
[-153.46177673339844, -275.93255615234375, 1846.888916015625]
[-155.96234130859375, -310.6400451660156, 1842.2998046875]
[-159.5044708251953, -303.57623291015625, 1818.0780029296875]
[-163.16357421875, -303.4864196777344, 1783.607177734375]
[-224.88600158691406, -344.2852783203125, 1809.404541015625]
[-298.4918212890625, -352.62811279296875, 1728.7039794921875]
[-370.2626647949219, -363.2605285644531, 1686.607177734375]
[-377.6231689453125, -387.4504699707031, 1607.000244140625]
[-355.32806396484375, -409.4582824707031, 1577.52734375]
[-282.3548889160156, -515.8785400390625, 1495.16162109375]
[-278.3593444824219, -563.7827758789062, 1432.4384765625]
[-253.70120239257812, -610.2109375, 1384.7054443359375]
[-218.34825134277344, -617.4603271484375, 1335.512451171875]
[-213.84254455566406, -618.5830688476562, 1293.0718994140625]
[-204.65924072265625, -623.2781372070312, 1232.386474609375]
[-199.4666290283203, -630.1183471679688, 1204.0430908203125]
[-176.44354248046875, -611.2368774414062, 1186.6463623046875]
[-154.46173095703125, -569.6516723632812, 1195.6959228515625]
[-165.3968963623047, -552.7733154296875, 1210.5146484375]
[-164.45594787597656, -514.5322875976562, 1234.3607177734375]
[-180.6152801513672, -468.43701171875, 1268.5155029296875]
[-176.16458129882812, -422.4352111816406, 1298.6033935546875]
[-158.7173309326172, -361.58306884765625, 1298.859130859375]
[-219.2035369873047, -286.0212707519531, 1388.7279052734375]
[-248.11526489257812, -197.58352661132812, 1433.64453125]
[-289.6938781738281, -104.0829849243164, 1490.2598876953125]
[-323.9178466796875, -89.78904724121094, 1566.4345703125]
[-340.9501953125, -91.65225982666016, 1529.413818359375]
[-386.6522216796875, -108.84632873535156, 1560.6898193359375]
[-388.8817138671875, -131.29345703125, 1605.610595703125]
[-404.01318359375, -164.12075805664062, 1591.4820556640625]
[-432.50262451171875, -176.6190643310547, 1590.4791259765625]
[-440.6243591308594, -177.17352294921875, 1569.447998046875]
[-466.57257080078125, -187.99691772460938, 1534.1146240234375]
[-497.03289794921875, -166.73956298828125, 1483.041015625]
[-521.6632690429688, -148.96714782714844, 1423.0460205078125]
[-524.0187377929688, -160.3592987060547, 1393.60009765625]
[-490.4851379394531, -155.6642303466797, 1294.0216064453125]
[-462.843505859375, -191.09500122070312, 1225.3841552734375]
[-395.6861267089844, -261.35968017578125, 1190.022705078125]
[-356.3121643066406, -302.3814697265625, 1154.300048828125]
[-337.8258972167969, -327.8778076171875, 1112.3433837890625]
[-294.1435546875, -387.33306884765625, 1098.5045166015625]
[-238.76449584960938, -425.02484130859375, 1071.5157470703125]
[-225.10206604003906, -430.6735534667969, 1056.5120849609375]
[-231.7666473388672, -437.5216979980469, 1063.2122802734375]
[-253.23414611816406, -444.3140563964844, 1083.292236328125]
[-274.4101257324219, -434.70050048828125, 1104.5814208984375]
[-316.2509460449219, -405.70574951171875, 1129.50732421875]
[-329.1327209472656, -414.2596740722656, 1151.755126953125]
[-394.95892333984375, -394.3511047363281, 1211.1080322265625]
[-402.6488952636719, -377.387939453125, 1256.138427734375]
[-410.48016357421875, -345.4632263183594, 1310.2294921875]
[-397.4112548828125, -354.2708435058594, 1341.4815673828125]
[-446.68817138671875, -237.40171813964844, 1407.0050048828125]
[-424.5765686035156, -210.79151916503906, 1457.2635498046875]
[-388.137939453125, -173.03213500976562, 1515.461181640625]
[-385.2392883300781, -158.78741455078125, 1539.80859375]
[-370.0486755371094, -143.7527313232422, 1571.534912109375]
[-367.9045715332031, -147.21240234375, 1595.200927734375]
[-366.1282958984375, -171.56712341308594, 1620.448974609375]
[-360.68157958984375, -191.85232543945312, 1646.6705322265625]
[-354.4329833984375, -199.86172485351562, 1679.6351318359375]
[-356.81988525390625, -220.66664123535156, 1703.0999755859375]
[-358.8339538574219, -233.5694122314453, 1729.1314697265625]
[-359.4700622558594, -245.48483276367188, 1756.741455078125]
[-362.8171081542969, -246.45132446289062, 1780.1402587890625]
[-357.59039306640625, -242.70448303222656, 1805.9713134765625]
[-349.271728515625, -230.3549346923828, 1839.703857421875]
[-333.4188537597656, -221.6300506591797, 1856.8511962890625]
[-327.014404296875, -205.3711395263672, 1880.857177734375]
[-294.307373046875, -190.82957458496094, 1888.638671875]
[-286.6434631347656, -171.89129638671875, 1902.1859130859375]
[-262.3373718261719, -165.24359130859375, 1910.31103515625]
[-237.9555206298828, -155.74151611328125, 1954.5538330078125]
[-220.1992645263672, -158.2610626220703, 2001.290771484375]
[-203.80963134765625, -196.5900115966797, 2029.1368408203125]
[-184.6138916015625, -233.1648406982422, 2066.31201171875]
[-173.7946319580078, -266.9642333984375, 2084.354736328125]
[-172.01788330078125, -275.6407165527344, 2106.677978515625]
[-172.29554748535156, -275.5154724121094, 2126.43896484375]
[-169.25381469726562, -263.2176513671875, 2135.98974609375]
[-172.7756805419922, -215.86761474609375, 2176.85205078125]
[-169.96279907226562, -216.52210998535156, 2174.688720703125]
[-167.42953491210938, -205.24545288085938, 2157.991943359375]
[-159.29736328125, -194.11944580078125, 2144.864501953125]
[-157.31307983398438, -202.54310607910156, 2121.87841796875]
[-158.04116821289062, -217.28659057617188, 2091.671875]
[-154.70750427246094, -251.47459411621094, 2049.40087890625]
[-142.7921600341797, -300.2674865722656, 2010.3192138671875]
[-154.11004638671875, -324.87725830078125, 2001.34033203125]
[-89.94548797607422, -421.3191833496094, 1945.444091796875]
[-106.3179702758789, -529.3208618164062, 1914.7847900390625]
[-108.37032318115234, -532.6207885742188, 1892.964111328125]
[-119.98863220214844, -569.8565063476562, 1873.31884765625]
[-125.77772521972656, -586.6837158203125, 1858.7945556640625]
[-68.8738021850586, -599.3674926757812, 1841.5709228515625]
[-37.1236572265625, -594.9324340820312, 1862.3609619140625]
[-28.496004104614258, -581.470947265625, 1853.002685546875]
[-15.556229591369629, -549.6026611328125, 1863.7197265625]
[-20.304004669189453, -540.7898559570312, 1847.10546875]
[-5.779223442077637, -530.6484375, 1862.72412109375]
[-24.99846076965332, -486.5174255371094, 1868.619873046875]
[-32.48874282836914, -432.22161865234375, 1882.437255859375]
[-77.51905059814453, -353.4915466308594, 1908.141357421875]
[-67.89102172851562, -325.338134765625, 1933.8466796875]
[-54.0429573059082, -316.5650939941406, 1928.8450927734375]
[-82.25629425048828, 15.753071784973145, 2160.147216796875]
[-85.54029083251953, 35.459808349609375, 2174.952392578125]
[-92.91771697998047, 17.244077682495117, 2196.195556640625]
[-106.21562957763672, 56.710899353027344, 2161.63818359375]
[-162.75210571289062, 125.3328628540039, 2134.14697265625]
[-127.43721771240234, 188.5439453125, 2156.9775390625]
[-151.13433837890625, 247.1559600830078, 2073.01904296875]
[-134.03184509277344, 294.4167785644531, 2166.37451171875]
[-148.4446258544922, 308.60699462890625, 2180.57177734375]
[-151.39073181152344, 317.61492919921875, 2166.215576171875]
[-123.00592041015625, 312.61260986328125, 2130.737548828125]
[-97.1511001586914, 281.2871398925781, 2069.689208984375]
[-71.98621368408203, 253.23004150390625, 1972.537353515625]
[-47.35606002807617, 165.49684143066406, 1906.602294921875]
[-22.832399368286133, 68.68445587158203, 1828.3609619140625]
[-8.410942077636719, -67.8403549194336, 1787.2015380859375]
[4.360907077789307, -236.16371154785156, 1753.68994140625]
[76.30462646484375, -358.1897277832031, 1723.7828369140625]
[90.25000762939453, -436.11785888671875, 1717.153564453125]
[93.7934799194336, -533.8760375976562, 1723.15673828125]
[91.77449035644531, -642.1842041015625, 1703.1229248046875]
[86.37698364257812, -720.1751098632812, 1707.2520751953125]
[96.22664642333984, -742.5376586914062, 1698.596435546875]
[69.3325424194336, -762.6950073242188, 1700.284912109375]
[-2.917341947555542, -763.973876953125, 1698.123779296875]
[-28.069530487060547, -774.988525390625, 1708.4610595703125]
[-59.220680236816406, -771.3424682617188, 1727.7818603515625]
[-58.0343132019043, -768.8522338867188, 1743.337890625]
[-80.45600891113281, -738.071533203125, 1755.5364990234375]
[-104.81148529052734, -696.12255859375, 1588.244140625]
[-165.02899169921875, -676.3192749023438, 1625.1116943359375]
[-123.71873474121094, -578.4924926757812, 1630.1829833984375]
[-150.2952423095703, -506.5094299316406, 1645.57861328125]
[-134.78695678710938, -399.5260009765625, 1690.4852294921875]
[-135.08932495117188, -359.3153381347656, 1750.22314453125]
[-84.13402557373047, -104.56788635253906, 1848.4766845703125]
[-77.113525390625, -60.76980972290039, 1853.440185546875]
[-86.13522338867188, -39.39250946044922, 1857.718505859375]
[-72.69281005859375, -30.937164306640625, 1847.4901123046875]
[-82.1601333618164, -55.35735321044922, 1818.882568359375]
[-189.96969604492188, -51.49492645263672, 1805.667724609375]
[-200.37530517578125, -58.60398864746094, 1751.729248046875]
[-144.33465576171875, 38.532257080078125, 1751.7041015625]
[-163.65748596191406, -82.89543151855469, 1774.0977783203125]
[-158.94126892089844, -80.9630355834961, 1704.976318359375]
[-150.99732971191406, -88.0665512084961, 1678.1756591796875]
[-138.6560516357422, -128.28929138183594, 1589.7027587890625]
[-87.9542007446289, -197.4724884033203, 1555.7947998046875]
[-39.79485321044922, -269.82391357421875, 1528.89208984375]
[2.3224120140075684, -325.7926940917969, 1537.688232421875]
[33.00826644897461, -398.8162841796875, 1513.7550048828125]
[49.72795867919922, -464.99444580078125, 1498.84130859375]
[45.07781982421875, -532.8074951171875, 1533.3287353515625]
[47.261905670166016, -575.8046264648438, 1570.1402587890625]
[9.123106002807617, -610.9552001953125, 1533.4527587890625]
[-31.40789222717285, -628.8070068359375, 1509.698486328125]
[-65.17584228515625, -626.2315063476562, 1531.324951171875]
[-75.95777130126953, -635.30224609375, 1571.9700927734375]
[-109.84993743896484, -623.9508056640625, 1586.04443359375]
[-237.37367248535156, -544.41943359375, 1477.964111328125]
[-285.8040466308594, -392.3321838378906, 1570.8631591796875]
[-293.6310729980469, -355.27899169921875, 1591.53515625]
[-343.5592956542969, -379.9068603515625, 1582.512451171875]
[-376.1051025390625, -436.7788391113281, 1594.70361328125]
[-414.9538879394531, -501.4021301269531, 1601.677001953125]
[-427.7177429199219, -580.9834594726562, 1592.9139404296875]
[-455.7804260253906, -639.5662231445312, 1547.0267333984375]
[-434.724609375, -675.6732177734375, 1572.2275390625]
[-444.8658447265625, -718.580810546875, 1533.0906982421875]
[-444.7781677246094, -736.1026000976562, 1488.8206787109375]
[-436.5385437011719, -749.92138671875, 1456.471435546875]
[-419.417724609375, -738.8032836914062, 1430.693603515625]
[-403.4577331542969, -723.9010009765625, 1383.79931640625]
[-366.3656005859375, -675.572021484375, 1381.779541015625]
[-310.93951416015625, -661.516357421875, 1362.39892578125]
[-277.75091552734375, -629.1796264648438, 1361.628173828125]
[-216.8161163330078, -556.8623657226562, 1328.138427734375]
[-194.38912963867188, -517.2244262695312, 1403.813720703125]
[-187.84498596191406, -485.7197265625, 1410.210693359375]
[-174.74526977539062, -500.1058044433594, 1423.6883544921875]
[-179.51783752441406, -454.0956726074219, 1401.9180908203125]
[-159.34002685546875, -435.9421081542969, 1406.4371337890625]
[-131.38540649414062, -277.4039611816406, 1464.5958251953125]
[-110.1363754272461, -265.6385192871094, 1481.2252197265625]
[-157.50802612304688, -278.6613464355469, 1489.4012451171875]
[-184.9694061279297, -285.058349609375, 1498.071533203125]
[-164.3960418701172, -281.8114013671875, 1488.6910400390625]
[-211.69985961914062, -196.89401245117188, 1381.5157470703125]
[-245.98959350585938, -248.57052612304688, 1463.54541015625]
[-189.7848663330078, -203.14285278320312, 1359.92138671875]
[-253.49444580078125, -238.7038116455078, 1452.999267578125]
[-206.41329956054688, -249.9934844970703, 1379.8072509765625]
[-38.16682815551758, -109.59046173095703, 1341.4276123046875]
[32.84286117553711, -49.309207916259766, 1464.1754150390625]
[10.349761962890625, -5.575746536254883, 1484.1851806640625]
[-30.750993728637695, 8.88623332977295, 1450.7958984375]
[-46.089454650878906, -2.1020917892456055, 1439.162841796875]
[-51.86968994140625, -21.432458877563477, 1410.244140625]
[-66.32998657226562, -74.64781188964844, 1388.4248046875]
[-84.98300170898438, -135.97616577148438, 1372.6102294921875]
[-81.13108825683594, -207.4071502685547, 1381.9945068359375]
[-71.41592407226562, -237.66259765625, 1385.77392578125]
[-106.62879180908203, -334.2210388183594, 1410.35498046875]
[-72.49264526367188, -389.4674377441406, 1417.6043701171875]
[-67.57269287109375, -395.8619689941406, 1428.9267578125]
[208.09495544433594, -602.2811279296875, 1717.4598388671875]
[261.1358337402344, -630.8612060546875, 1674.4547119140625]
[293.5213623046875, -647.1864013671875, 1643.474609375]
[283.61541748046875, -662.6637573242188, 1608.44140625]
[281.8125, -667.7388916015625, 1583.4552001953125]
[268.0752258300781, -666.4391479492188, 1565.0789794921875]
[269.5910949707031, -650.05615234375, 1550.061767578125]
[292.4501647949219, -606.0035400390625, 1535.679443359375]
[288.3863220214844, -575.8695068359375, 1554.181396484375]
[307.0604553222656, -534.5162353515625, 1543.002685546875]
[284.7978515625, -455.84881591796875, 1611.075439453125]
[273.7218017578125, -416.0797119140625, 1652.7615966796875]
[265.1819152832031, -409.39599609375, 1677.2332763671875]
[221.31478881835938, -417.8367004394531, 1711.1435546875]
[197.67984008789062, -436.3642272949219, 1730.74951171875]
[190.14869689941406, -458.8827819824219, 1745.6627197265625]
[189.80821228027344, -483.81585693359375, 1757.7294921875]
[198.1847686767578, -495.6167907714844, 1762.565673828125]
[203.81103515625, -500.1895446777344, 1751.626953125]
[199.2118682861328, -511.8677673339844, 1729.04248046875]
[208.54563903808594, -509.92803955078125, 1691.6519775390625]
[200.3789520263672, -484.0290222167969, 1670.69970703125]
[137.42672729492188, -440.8458557128906, 1726.83349609375]
[113.34984588623047, -429.4457702636719, 1708.0543212890625]
[110.27357482910156, -429.2211608886719, 1713.621337890625]
[70.36463928222656, -473.6440734863281, 1592.71875]
[23.242443084716797, -495.8172607421875, 1578.375732421875]
[-79.00759887695312, -508.0946044921875, 1573.255615234375]
[-85.57976531982422, -559.862060546875, 1594.084716796875]
[-93.74828338623047, -603.6080322265625, 1620.3153076171875]
[-108.90804290771484, -645.2643432617188, 1643.9180908203125]
[-128.11300659179688, -664.5313720703125, 1651.880126953125]
[-119.00086975097656, -679.9127197265625, 1673.721923828125]
[-146.06503295898438, -673.1458740234375, 1679.8857421875]
[-149.37796020507812, -678.762451171875, 1691.758544921875]
[-157.6708984375, -682.2890625, 1705.0821533203125]
[-152.00669860839844, -681.67822265625, 1716.2723388671875]
[-153.40185546875, -684.6680297851562, 1719.1441650390625]
[-145.094970703125, -684.5113525390625, 1721.6571044921875]
[-141.46035766601562, -686.778564453125, 1721.64599609375]
[-165.88824462890625, -679.4329833984375, 1701.6158447265625]
[-162.9438934326172, -664.4938354492188, 1678.8138427734375]
[-155.12110900878906, -629.83349609375, 1656.372314453125]
[-155.3129119873047, -622.0796508789062, 1638.1810302734375]
[-152.63194274902344, -568.7843017578125, 1609.321533203125]
[-133.94317626953125, -513.958984375, 1597.37353515625]
[-145.09271240234375, -426.9412841796875, 1672.909423828125]
[-116.13426208496094, -376.46514892578125, 1676.7152099609375]
[-123.29190826416016, -294.9983825683594, 1692.4093017578125]
[-129.37356567382812, -227.9792938232422, 1725.7147216796875]
[-112.94666290283203, -219.9378662109375, 1770.1246337890625]
[-100.5970687866211, -145.54298400878906, 1850.5068359375]
[-102.6024169921875, -121.62815856933594, 1918.7178955078125]
[-63.75680160522461, -94.42221069335938, 1970.0726318359375]
[-33.37335968017578, -103.29957580566406, 2041.686767578125]
[-25.591806411743164, -95.86894226074219, 2117.653076171875]
[-29.683643341064453, -105.87217712402344, 2192.967041015625]
[-16.595800399780273, -104.95527648925781, 2272.298828125]
[8.57324504852295, -109.8845443725586, 2301.86962890625]
[5.346114635467529, -118.62432861328125, 2311.049560546875]
[22.065258026123047, -153.02786254882812, 2325.714111328125]
[25.74822235107422, -167.7659149169922, 2350.502197265625]
[45.199954986572266, -159.7161865234375, 2252.2880859375]
[57.55128479003906, -144.31639099121094, 2224.58251953125]
[89.7520523071289, -156.14053344726562, 2241.4736328125]
[102.66944885253906, -165.55966186523438, 2215.099853515625]
[99.22631072998047, -169.04080200195312, 2211.8154296875]
[100.34426879882812, -149.87075805664062, 2200.858154296875]
[82.82777404785156, -158.78260803222656, 2200.55908203125]
[44.26606750488281, -171.79360961914062, 2224.410888671875]
[37.85342788696289, -188.35418701171875, 2248.966796875]
[8.274368286132812, -166.33135986328125, 2256.940185546875]
[-15.835148811340332, -195.5292510986328, 2237.97900390625]
[-20.738786697387695, -180.43392944335938, 2210.20849609375]
[-52.92860412597656, -173.66697692871094, 2150.745361328125]
[-62.10456085205078, -181.45779418945312, 2087.37548828125]
[-80.79972839355469, -171.38525390625, 2023.02880859375]
[-124.36477661132812, -180.2288360595703, 1928.0396728515625]
[-166.81002807617188, -183.0244903564453, 1820.908203125]
[-79.8564224243164, -211.95037841796875, 1842.558837890625]
[-178.64297485351562, -196.01351928710938, 1836.6513671875]
[-223.76341247558594, -178.89381408691406, 1754.2293701171875]
[-254.71871948242188, -121.22962951660156, 1665.3577880859375]
[-176.288330078125, -211.9807891845703, 1623.884521484375]
[-165.57687377929688, -253.4532012939453, 1548.6402587890625]
[-139.0854034423828, -297.6866455078125, 1513.30712890625]
[-67.47943115234375, -304.5694274902344, 1461.0921630859375]
[-53.37458801269531, -356.8075256347656, 1416.1566162109375]
[16.637775421142578, -391.78179931640625, 1374.2208251953125]
[53.08278274536133, -403.69952392578125, 1356.074951171875]
[135.02178955078125, -439.1618957519531, 1347.1328125]
[195.93316650390625, -457.1241455078125, 1345.58544921875]
[253.4988555908203, -430.9569396972656, 1387.8150634765625]
[304.47344970703125, -404.336181640625, 1453.085205078125]
[308.399658203125, -428.5804443359375, 1545.32177734375]
[344.0885314941406, -384.9415283203125, 1606.6998291015625]
[316.6195983886719, -365.7257995605469, 1680.2222900390625]
[298.1251220703125, -346.4447021484375, 1706.88232421875]
[257.9947204589844, -323.3612976074219, 1757.957763671875]
[232.13467407226562, -296.92230224609375, 1761.6788330078125]
[207.39059448242188, -275.59820556640625, 1753.0108642578125]
