452
12
[-104.32122803,806.68762636,990.95825195]
[-105.28522491,794.92439651,994.24621582]
[-111.1353302,781.66888237,1001.49609375]
[-102.64880371,781.50441742,1000.60437012]
[-94.22914886,785.76711845,999.25793457]
[-82.93476868,790.50088215,988.7878418]
[-87.21188354,790.70427608,991.88037109]
[-99.56109619,778.21753502,1006.94470215]
[-98.89481354,774.87827301,1007.34643555]
[-96.15436554,770.27891159,1010.12463379]
[-99.83261108,768.66380501,1010.16333008]
[-99.51943207,765.89981842,1013.88500977]
[-100.07205963,766.89125824,1015.67028809]
[-98.64054871,767.41685867,1014.94555664]
[-99.72785187,763.43025589,1019.85314941]
[-100.96824646,762.69524002,1029.76135254]
[-96.26881409,763.75901413,1018.73352051]
[-90.5450592,765.36226654,1018.89013672]
[-89.71112823,765.18252182,1018.06616211]
[-75.95559692,764.67025757,999.43322754]
[-46.55096436,778.86028099,982.06311035]
[-52.39757919,775.27899551,979.5246582]
[-55.88598251,775.23026848,977.27929688]
[-60.29801178,775.29771233,978.33007812]
[-63.47771072,771.33409882,982.51599121]
[-67.8087616,770.44217682,982.49963379]
[-71.85852051,771.03963089,983.8013916]
[-74.78013611,771.56207275,984.02172852]
[-82.884758,770.96701622,987.88916016]
[-87.52130127,770.25335503,990.10693359]
[-90.4213562,770.31299019,990.15979004]
[-90.66872406,770.62297821,988.47680664]
[-91.26662445,771.0497551,985.62060547]
[-93.07524872,771.7797184,989.1583252]
[-93.42944336,771.78518677,974.22900391]
[-106.06454468,779.82031059,966.14624023]
[-106.69663239,779.69748878,966.35266113]
[-103.31956482,806.74978638,918.6270752]
[-96.38264465,840.67386627,899.01049805]
[-135.77380371,843.68845367,927.27429199]
[-119.20691681,1045.4581604,810.40490723]
[-143.64772034,1084.90447998,799.73828125]
[-299.32037354,1391.41119385,759.84326172]
[-291.85266113,1420.14056396,718.1282959]
[-284.68261719,1461.09893799,758.02868652]
[-293.08001709,1641.14202881,753.23144531]
[-271.21051025,1601.62084961,660.12646484]
[-245.46684265,1650.17633057,611.81713867]
[-220.92062378,1670.8135376,607.25488281]
[-202.50469971,1690.74865723,610.91589355]
[-182.20323181,1713.08538818,595.77319336]
[-195.31646729,1710.3225708,615.27307129]
[-207.77534485,1694.22320557,631.25500488]
[-222.67266846,1678.33978271,608.22729492]
[-216.31044006,1622.987854,574.87597656]
[-167.24464417,1575.63525391,470.5447998]
[-127.64322662,1521.8649292,369.65258789]
[-102.81295776,1520.27593994,337.14013672]
[-70.84913635,1510.00421143,343.6015625]
[-12.20505714,1522.88928223,333.71655273]
[12.98647022,1543.88299561,357.20471191]
[5.46794367,1554.93493652,380.67407227]
[39.37760925,1558.1293335,407.13647461]
[53.27959061,1569.60430908,456.22521973]
[87.36606598,1490.92456055,505.08154297]
[100.75679779,1459.25604248,533.34765625]
[7.95695543,1437.56970215,573.66320801]
[-7.78003407,1395.5324707,656.95092773]
[4.18359804,1316.9263916,738.13244629]
[-6.12810254e-03,1.31057385e+03,7.47244629e+02]
[-161.36846924,1099.78811646,796.90795898]
[-200.24118042,1038.91717529,892.28442383]
[-195.18479919,1022.63790894,925.39526367]
[-179.8531189,963.06317139,1039.83447266]
[-196.68099976,992.28752136,992.59448242]
[-291.27075195,1152.21124268,903.70397949]
[-272.41571045,1300.9899292,998.26281738]
[-277.35403442,1370.92022705,995.69311523]
[-274.72250366,1468.19378662,940.81994629]
[-250.2428894,1488.23236084,955.93505859]
[-255.3661499,1511.65966797,937.97558594]
[-256.52819824,1530.19256592,922.22265625]
[-258.26199341,1534.30487061,917.47937012]
[-282.97909546,1536.75274658,908.09204102]
[-318.15856934,1503.5020752,927.52294922]
[-342.95834351,1487.88360596,945.22839355]
[-381.71734619,1397.96826172,1003.89697266]
[-408.2512207,1335.85906982,1023.59106445]
[-401.50421143,1276.60263062,1068.91699219]
[-377.35159302,1225.37802124,1104.03369141]
[-318.52792358,1172.46395874,1169.02490234]
[-307.93826294,1170.97338867,1147.66918945]
[-234.16307068,945.35514832,1169.9519043]
[-146.55023193,980.31324768,1282.11694336]
[-209.66560364,991.9125824,1234.5090332]
[-238.17918396,1005.36437988,1213.50097656]
[-260.27761841,1017.66540527,1195.81982422]
[-83.36763,1079.76043701,1055.97045898]
[-1.51790679,1155.62722778,962.61425781]
[137.94145203,1115.28149414,902.54309082]
[194.72091675,1163.0145874,760.72155762]
[153.87895203,1155.95596313,806.95593262]
[158.81260681,1208.73669434,761.63842773]
[128.52272034,1265.66049194,834.61950684]
[137.9281311,1289.31088257,826.46655273]
[192.62081909,1304.47958374,854.67272949]
[235.36773682,1330.21801758,934.85778809]
[268.3147583,1351.00488281,962.97851562]
[286.52511597,1366.20037842,963.07739258]
[329.58032227,1394.08435059,985.60412598]
[474.91394043,1446.84637451,1033.09350586]
[494.31329346,1445.59851074,1046.93859863]
[441.85327148,1415.36712646,947.69152832]
[447.08535767,1418.37390137,955.02978516]
[399.6072998,1402.58563232,966.46252441]
[362.17837524,1387.43457031,1018.09216309]
[379.80374146,1383.10369873,1019.57128906]
[315.43933105,1355.31951904,1069.6628418]
[265.87646484,1333.33721924,1094.30126953]
[234.59632874,1317.27081299,1108.51660156]
[200.7674408,1299.1819458,1118.90673828]
[152.45082092,1274.82568359,1135.93310547]
[132.881073,1265.80514526,1146.99658203]
[-153.17628479,1536.0737915,1121.16333008]
[-175.18574524,1573.86279297,1107.70532227]
[-117.39533234,1594.35760498,1060.55883789]
[-59.37752914,1557.02642822,1002.76953125]
[-140.34112549,1479.48626709,960.26574707]
[-99.95157623,1394.43603516,994.62988281]
[-138.68647766,1258.29031372,973.81335449]
[-162.1089325,1137.46136475,968.36950684]
[-164.37133789,1070.39660645,963.1619873]
[-202.70941162,1063.45092773,985.75012207]
[-186.64988708,1001.36247253,1016.89428711]
[-139.33111572,926.90523529,973.83532715]
[-66.62288666,1003.15762329,870.95947266]
[-105.54261017,936.30969238,833.72729492]
[-91.07628632,925.358078,792.53637695]
[-111.45146179,964.72720337,785.64099121]
[-153.46177673,1075.93255615,846.88891602]
[-155.96234131,1110.64004517,842.29980469]
[-159.50447083,1103.57623291,818.07800293]
[-163.16357422,1103.48641968,783.60717773]
[-224.88600159,1144.28527832,809.40454102]
[-298.49182129,1152.62811279,728.70397949]
[-370.26266479,1163.26052856,686.60717773]
[-377.62316895,1187.45046997,607.00024414]
[-355.32806396,1209.45828247,577.52734375]
[-282.35488892,1315.87854004,495.16162109]
[-278.35934448,1363.78277588,432.43847656]
[-253.70120239,1410.2109375,384.70544434]
[-218.34825134,1417.46032715,335.51245117]
[-213.84254456,1418.58306885,293.07189941]
[-204.65924072,1423.27813721,232.38647461]
[-199.46662903,1430.11834717,204.04309082]
[-176.44354248,1411.23687744,186.6463623]
[-154.46173096,1369.65167236,195.69592285]
[-165.39689636,1352.77331543,210.51464844]
[-164.45594788,1314.5322876,234.36071777]
[-180.61528015,1268.43701172,268.51550293]
[-176.1645813,1222.43521118,298.60339355]
[-158.71733093,1161.58306885,298.85913086]
[-219.20353699,1086.02127075,388.72790527]
[-248.11526489,997.58352661,433.64453125]
[-289.69387817,904.08298492,490.2598877]
[-323.91784668,889.78904724,566.43457031]
[-340.95019531,891.65225983,529.41381836]
[-386.65222168,908.84632874,560.68981934]
[-388.88171387,931.29345703,605.6105957]
[-404.01318359,964.12075806,591.48205566]
[-432.50262451,976.61906433,590.47912598]
[-440.62435913,977.17352295,569.44799805]
[-466.5725708,987.99691772,534.11462402]
[-497.03289795,966.73956299,483.04101562]
[-521.66326904,948.96714783,423.04602051]
[-524.01873779,960.35929871,393.60009766]
[-490.48513794,955.66423035,294.02160645]
[-462.84350586,991.09500122,225.38415527]
[-395.68612671,1061.35968018,190.02270508]
[-356.31216431,1102.38146973,154.30004883]
[-337.82589722,1127.87780762,112.34338379]
[-294.14355469,1187.33306885,98.5045166]
[-238.76449585,1225.02484131,71.51574707]
[-225.10206604,1230.67355347,56.51208496]
[-231.76664734,1237.521698,63.21228027]
[-253.23414612,1244.3140564,83.29223633]
[-274.41012573,1234.70050049,104.5814209]
[-316.25094604,1205.70574951,129.50732422]
[-329.13272095,1214.25967407,151.75512695]
[-394.95892334,1194.35110474,211.10803223]
[-402.64889526,1177.38793945,256.13842773]
[-410.48016357,1145.46322632,310.22949219]
[-397.41125488,1154.27084351,341.48156738]
[-446.68817139,1037.40171814,407.00500488]
[-424.5765686,1010.79151917,457.2635498]
[-388.13793945,973.03213501,515.46118164]
[-385.23928833,958.78741455,539.80859375]
[-370.04867554,943.75273132,571.53491211]
[-367.90457153,947.21240234,595.20092773]
[-366.1282959,971.56712341,620.44897461]
[-360.68157959,991.85232544,646.67053223]
[-354.4329834,999.86172485,679.63513184]
[-356.81988525,1020.66664124,703.09997559]
[-358.83395386,1033.56941223,729.13146973]
[-359.47006226,1045.48483276,756.74145508]
[-362.81710815,1046.45132446,780.14025879]
[-357.59039307,1042.70448303,805.97131348]
[-349.27172852,1030.35493469,839.70385742]
[-333.41885376,1021.63005066,856.85119629]
[-327.0144043,1005.37113953,880.85717773]
[-294.30737305,990.82957458,888.63867188]
[-286.64346313,971.89129639,902.18591309]
[-262.33737183,965.24359131,910.31103516]
[-237.95552063,955.74151611,954.55383301]
[-220.19926453,958.26106262,1001.29077148]
[-203.80963135,996.5900116,1029.13684082]
[-184.6138916,1033.1648407,1066.31201172]
[-173.79463196,1066.9642334,1084.35473633]
[-172.0178833,1075.64071655,1106.67797852]
[-172.29554749,1075.51547241,1126.43896484]
[-169.2538147,1063.21765137,1135.98974609]
[-172.77568054,1015.86761475,1176.85205078]
[-169.96279907,1016.52210999,1174.6887207]
[-167.42953491,1005.24545288,1157.99194336]
[-159.29736328,994.1194458,1144.86450195]
[-157.31307983,1002.54310608,1121.87841797]
[-158.04116821,1017.28659058,1091.671875]
[-154.70750427,1051.47459412,1049.40087891]
[-142.79216003,1100.26748657,1010.31921387]
[-154.11004639,1124.8772583,1001.34033203]
[-89.94548798,1221.31918335,945.4440918]
[-106.31797028,1329.32086182,914.78479004]
[-108.37032318,1332.62078857,892.96411133]
[-119.9886322,1369.85650635,873.31884766]
[-125.77772522,1386.68371582,858.79455566]
[-68.87380219,1399.36749268,841.57092285]
[-37.12365723,1394.93243408,862.36096191]
[-28.4960041,1381.47094727,853.00268555]
[-15.55622959,1349.60266113,863.71972656]
[-20.30400467,1340.78985596,847.10546875]
[-5.77922344,1330.6484375,862.72412109]
[-24.99846077,1286.51742554,868.61987305]
[-32.48874283,1232.22161865,882.43725586]
[-77.5190506,1153.49154663,908.14135742]
[-67.89102173,1125.33813477,933.84667969]
[-54.04295731,1116.56509399,928.84509277]
[-82.25629425,784.24692822,1160.1472168]
[-85.54029083,764.54019165,1174.95239258]
[-92.91771698,782.75592232,1196.19555664]
[-106.21562958,743.28910065,1161.63818359]
[-162.75210571,674.66713715,1134.14697266]
[-127.43721771,611.45605469,1156.97753906]
[-151.13433838,552.84403992,1073.01904297]
[-134.03184509,505.58322144,1166.37451172]
[-148.44462585,491.39300537,1180.57177734]
[-151.39073181,482.3850708,1166.21557617]
[-123.00592041,487.38739014,1130.73754883]
[-97.15110016,518.71286011,1069.68920898]
[-71.98621368,546.7699585,972.53735352]
[-47.35606003,634.50315857,906.60229492]
[-22.83239937,731.31554413,828.36096191]
[-8.41094208,867.84035492,787.20153809]
[4.36090708,1036.16371155,753.68994141]
[76.30462646,1158.18972778,723.78283691]
[90.25000763,1236.11785889,717.15356445]
[93.79347992,1333.8760376,723.15673828]
[91.77449036,1442.1842041,703.1229248]
[86.37698364,1520.17510986,707.2520752]
[96.22664642,1542.53765869,698.59643555]
[69.33254242,1562.69500732,700.28491211]
[-2.91734195,1563.97387695,698.1237793]
[-28.06953049,1574.98852539,708.46105957]
[-59.22068024,1571.34246826,727.78186035]
[-58.0343132,1568.85223389,743.33789062]
[-80.45600891,1538.0715332,755.53649902]
[-104.81148529,1496.12255859,588.24414062]
[-165.0289917,1476.3192749,625.11169434]
[-123.71873474,1378.49249268,630.1829834]
[-150.29524231,1306.50942993,645.57861328]
[-134.78695679,1199.52600098,690.48522949]
[-135.08932495,1159.31533813,750.22314453]
[-84.13402557,904.56788635,848.47668457]
[-77.11352539,860.76980972,853.44018555]
[-86.13522339,839.39250946,857.71850586]
[-72.69281006,830.93716431,847.4901123]
[-82.16013336,855.35735321,818.88256836]
[-189.96969604,851.49492645,805.66772461]
[-200.37530518,858.60398865,751.72924805]
[-144.33465576,761.46774292,751.70410156]
[-163.65748596,882.89543152,774.09777832]
[-158.94126892,880.96303558,704.97631836]
[-150.99732971,888.06655121,678.17565918]
[-138.65605164,928.28929138,589.70275879]
[-87.95420074,997.4724884,555.7947998]
[-39.79485321,1069.82391357,528.89208984]
[2.32241201,1125.79269409,537.68823242]
[33.00826645,1198.81628418,513.75500488]
[49.72795868,1264.9944458,498.84130859]
[45.07781982,1332.80749512,533.32873535]
[47.26190567,1375.80462646,570.14025879]
[9.123106,1410.9552002,533.45275879]
[-31.40789223,1428.80700684,509.69848633]
[-65.17584229,1426.23150635,531.32495117]
[-75.9577713,1435.30224609,571.97009277]
[-109.84993744,1423.95080566,586.04443359]
[-237.37367249,1344.41943359,477.96411133]
[-285.80404663,1192.33218384,570.86315918]
[-293.631073,1155.2789917,591.53515625]
[-343.55929565,1179.90686035,582.51245117]
[-376.10510254,1236.77883911,594.70361328]
[-414.95388794,1301.40213013,601.67700195]
[-427.71774292,1380.98345947,592.91394043]
[-455.78042603,1439.56622314,547.0267334]
[-434.72460938,1475.67321777,572.22753906]
[-444.86584473,1518.58081055,533.09069824]
[-444.77816772,1536.1026001,488.82067871]
[-436.5385437,1549.92138672,456.47143555]
[-419.41772461,1538.80328369,430.69360352]
[-403.45773315,1523.90100098,383.79931641]
[-366.36560059,1475.57202148,381.77954102]
[-310.93951416,1461.51635742,362.39892578]
[-277.75091553,1429.17962646,361.62817383]
[-216.81611633,1356.86236572,328.13842773]
[-194.38912964,1317.22442627,403.8137207]
[-187.84498596,1285.71972656,410.21069336]
[-174.74526978,1300.10580444,423.68835449]
[-179.51783752,1254.09567261,401.91809082]
[-159.34002686,1235.94210815,406.43713379]
[-131.38540649,1077.40396118,464.5958252]
[-110.13637543,1065.63851929,481.22521973]
[-157.50802612,1078.66134644,489.40124512]
[-184.96940613,1085.05834961,498.0715332]
[-164.39604187,1081.81140137,488.69104004]
[-211.69985962,996.89401245,381.51574707]
[-245.98959351,1048.57052612,463.54541016]
[-189.78486633,1003.14285278,359.92138672]
[-253.4944458,1038.70381165,452.99926758]
[-206.41329956,1049.9934845,379.80725098]
[-38.16682816,909.59046173,341.4276123]
[32.84286118,849.30920792,464.17541504]
[10.34976196,805.57574654,484.18518066]
[-30.75099373,791.11376667,450.79589844]
[-46.08945465,802.10209179,439.1628418]
[-51.86968994,821.43245888,410.24414062]
[-66.32998657,874.64781189,388.42480469]
[-84.98300171,935.97616577,372.61022949]
[-81.13108826,1007.40715027,381.99450684]
[-71.41592407,1037.66259766,385.77392578]
[-106.62879181,1134.22103882,410.35498047]
[-72.49264526,1189.46743774,417.60437012]
[-67.57269287,1195.86196899,428.92675781]
[208.09495544,1402.28112793,717.45983887]
[261.13583374,1430.86120605,674.45471191]
[293.5213623,1447.18640137,643.47460938]
[283.61541748,1462.66375732,608.44140625]
[281.8125,1467.7388916,583.4552002]
[268.07522583,1466.43914795,565.07897949]
[269.59109497,1450.05615234,550.06176758]
[292.45016479,1406.00354004,535.67944336]
[288.38632202,1375.86950684,554.18139648]
[307.06045532,1334.51623535,543.00268555]
[284.79785156,1255.84881592,611.07543945]
[273.72180176,1216.07971191,652.76159668]
[265.18191528,1209.39599609,677.23327637]
[221.31478882,1217.83670044,711.14355469]
[197.67984009,1236.36422729,730.74951172]
[190.1486969,1258.88278198,745.66271973]
[189.80821228,1283.81585693,757.72949219]
[198.18476868,1295.61679077,762.56567383]
[203.81103516,1300.18954468,751.62695312]
[199.21186829,1311.86776733,729.04248047]
[208.54563904,1309.92803955,691.65197754]
[200.37895203,1284.02902222,670.69970703]
[137.42672729,1240.84585571,726.83349609]
[113.34984589,1229.44577026,708.05432129]
[110.27357483,1229.22116089,713.62133789]
[70.36463928,1273.64407349,592.71875]
[23.24244308,1295.81726074,578.37573242]
[-79.00759888,1308.09460449,573.25561523]
[-85.57976532,1359.86206055,594.0847168]
[-93.74828339,1403.60803223,620.31530762]
[-108.90804291,1445.26434326,643.91809082]
[-128.11300659,1464.53137207,651.88012695]
[-119.00086975,1479.91271973,673.72192383]
[-146.06503296,1473.14587402,679.88574219]
[-149.37796021,1478.76245117,691.75854492]
[-157.67089844,1482.2890625,705.08215332]
[-152.00669861,1481.67822266,716.27233887]
[-153.40185547,1484.66802979,719.14416504]
[-145.0949707,1484.51135254,721.65710449]
[-141.46035767,1486.77856445,721.64599609]
[-165.88824463,1479.4329834,701.61584473]
[-162.94389343,1464.49383545,678.81384277]
[-155.12110901,1429.83349609,656.37231445]
[-155.31291199,1422.07965088,638.18103027]
[-152.63194275,1368.78430176,609.3215332]
[-133.94317627,1313.95898438,597.37353516]
[-145.0927124,1226.94128418,672.90942383]
[-116.13426208,1176.46514893,676.71520996]
[-123.29190826,1094.99838257,692.40930176]
[-129.37356567,1027.97929382,725.71472168]
[-112.9466629,1019.93786621,770.12463379]
[-100.59706879,945.54298401,850.50683594]
[-102.60241699,921.62815857,918.71789551]
[-63.75680161,894.42221069,970.07263184]
[-33.37335968,903.29957581,1041.68676758]
[-25.59180641,895.86894226,1117.65307617]
[-29.68364334,905.87217712,1192.96704102]
[-16.5958004,904.95527649,1272.29882812]
[8.57324505,909.88454437,1301.86962891]
[5.34611464,918.62432861,1311.04956055]
[22.06525803,953.02786255,1325.71411133]
[25.74822235,967.76591492,1350.50219727]
[45.19995499,959.71618652,1252.28808594]
[57.55128479,944.31639099,1224.58251953]
[89.75205231,956.14053345,1241.47363281]
[102.66944885,965.55966187,1215.09985352]
[99.22631073,969.040802,1211.81542969]
[100.3442688,949.87075806,1200.8581543]
[82.82777405,958.78260803,1200.55908203]
[44.2660675,971.79360962,1224.41088867]
[37.85342789,988.35418701,1248.96679688]
[8.27436829,966.33135986,1256.94018555]
[-15.83514881,995.5292511,1237.97900391]
[-20.7387867,980.43392944,1210.20849609]
[-52.92860413,973.66697693,1150.74536133]
[-62.10456085,981.45779419,1087.37548828]
[-80.79972839,971.38525391,1023.02880859]
[-124.36477661,980.22883606,928.03967285]
[-166.81002808,983.02449036,820.90820312]
[-79.85642242,1011.95037842,842.55883789]
[-178.64297485,996.01351929,836.65136719]
[-223.76341248,978.89381409,754.22937012]
[-254.71871948,921.22962952,665.35778809]
[-176.28833008,1011.98078918,623.88452148]
[-165.57687378,1053.45320129,548.64025879]
[-139.08540344,1097.68664551,513.30712891]
[-67.47943115,1104.56942749,461.09216309]
[-53.37458801,1156.80752563,416.15661621]
[16.63777542,1191.78179932,374.2208252]
[53.08278275,1203.69952393,356.07495117]
[135.02178955,1239.16189575,347.1328125]
[195.9331665,1257.12414551,345.58544922]
[253.49885559,1230.9569397,387.81506348]
[304.47344971,1204.33618164,453.08520508]
[308.3996582,1228.58044434,545.32177734]
[344.08853149,1184.94152832,606.6998291]
[316.61959839,1165.72579956,680.22229004]
[298.12512207,1146.44470215,706.88232422]
[257.99472046,1123.36129761,757.95776367]
[232.13467407,1096.92230225,761.67883301]
[207.39059448,1075.59820557,753.01086426]
[0,0,0]
[0,0,0]
[0,0,0]
[0,0,0]
[0,0,0]
[0,0,0]
[0,0,0]
[0,0,0]
[0,0,0]
[0,0,0]
[0,0,0]
[0,0,0]
[0,0,0]
[0,0,0]
[0,0,0]
[0,0,0]
[0,0,0]
[0,0,0]
[0,0,0]
[0,0,0]
[0,0,0]
[0,0,0]
[0,0,0]
[0,0,0]
[0,0,0]
[0,0,0]
[0,0,0]
[0,0,0]
[0,0,0]
[0,0,0]
[0,0,0]
[0,0,0]
[0,0,0]
[0,0,0]
[0,0,0]
[0,0,0]
[0,0,0]
[0,0,0]
[0,0,0]
[0,0,0]
[0,0,0]
[0,0,0]
[0,0,0]
[0,0,0]
[0,0,0]
[0,0,0]
[0,0,0]
[0,0,0]
[0,0,0]
[0,0,0]
[0,0,0]
[0,0,0]
[0,0,0]
[0,0,0]
[0,0,0]
[0,0,0]
[0,0,0]
[0,0,0]
[0,0,0]
[0,0,0]
[0,0,0]
[0,0,0]
[0,0,0]
[0,0,0]
[0,0,0]
[0,0,0]
[0,0,0]
[0,0,0]
[0,0,0]
[0,0,0]
[0,0,0]
[0,0,0]
[0,0,0]
[0,0,0]
[0,0,0]
[0,0,0]
[0,0,0]
[0,0,0]
[0,0,0]
[0,0,0]
[0,0,0]
[0,0,0]
[0,0,0]
[0,0,0]
[0,0,0]
[0,0,0]
[0,0,0]
[0,0,0]
[0,0,0]
[0,0,0]
[0,0,0]
[0,0,0]
[0,0,0]
[0,0,0]
[0,0,0]
[0,0,0]
[0,0,0]
[0,0,0]
[0,0,0]
[0,0,0]
[0,0,0]
[0,0,0]
[0,0,0]
[0,0,0]
[0,0,0]
[0,0,0]
[0,0,0]
[0,0,0]
[0,0,0]
[0,0,0]
[0,0,0]
[0,0,0]
[0,0,0]
[0,0,0]
[0,0,0]
[0,0,0]
[0,0,0]
[0,0,0]
[0,0,0]
[0,0,0]
[0,0,0]
[0,0,0]
[0,0,0]
[0,0,0]
[0,0,0]
[0,0,0]
[0,0,0]
[0,0,0]
[0,0,0]
[0,0,0]
[0,0,0]
[0,0,0]
[0,0,0]
[0,0,0]
[0,0,0]
[0,0,0]
[0,0,0]
[0,0,0]
[0,0,0]
[0,0,0]
[0,0,0]
[0,0,0]
[0,0,0]
[0,0,0]
[0,0,0]
[0,0,0]
[0,0,0]
[0,0,0]
[0,0,0]
[0,0,0]
[0,0,0]
[0,0,0]
[0,0,0]
[0,0,0]
[0,0,0]
[0,0,0]
[0,0,0]
[0,0,0]
[0,0,0]
[0,0,0]
[0,0,0]
[0,0,0]
[0,0,0]
[0,0,0]
[0,0,0]
[0,0,0]
[0,0,0]
[0,0,0]
[0,0,0]
[0,0,0]
[0,0,0]
[0,0,0]
[0,0,0]
[0,0,0]
[0,0,0]
[0,0,0]
[0,0,0]
[0,0,0]
[0,0,0]
[0,0,0]
[0,0,0]
[0,0,0]
[0,0,0]
[0,0,0]
[0,0,0]
[0,0,0]
[0,0,0]
[0,0,0]
[0,0,0]
[0,0,0]
[0,0,0]
[0,0,0]
[0,0,0]
[0,0,0]
[0,0,0]
[0,0,0]
[0,0,0]
[0,0,0]
[0,0,0]
[0,0,0]
[0,0,0]
[0,0,0]
[0,0,0]
[0,0,0]
[0,0,0]
[0,0,0]
[0,0,0]
[0,0,0]
[0,0,0]
[0,0,0]
[0,0,0]
[0,0,0]
[0,0,0]
[0,0,0]
[0,0,0]
[0,0,0]
[0,0,0]
[0,0,0]
[0,0,0]
[0,0,0]
[0,0,0]
[0,0,0]
[0,0,0]
[0,0,0]
[0,0,0]
[0,0,0]
[0,0,0]
[0,0,0]
[0,0,0]
[0,0,0]
[0,0,0]
[0,0,0]
[0,0,0]
[0,0,0]
[0,0,0]
[0,0,0]
[0,0,0]
[0,0,0]
[0,0,0]
[0,0,0]
[0,0,0]
[0,0,0]
[0,0,0]
[0,0,0]
[0,0,0]
[0,0,0]
[0,0,0]
[0,0,0]
[0,0,0]
[0,0,0]
[0,0,0]
[0,0,0]
[0,0,0]
[0,0,0]
[0,0,0]
[0,0,0]
[0,0,0]
[0,0,0]
[0,0,0]
[0,0,0]
[0,0,0]
[0,0,0]
[0,0,0]
[0,0,0]
[0,0,0]
[0,0,0]
[0,0,0]
[0,0,0]
[0,0,0]
[0,0,0]
[0,0,0]
[0,0,0]
[0,0,0]
[0,0,0]
[0,0,0]
[0,0,0]
[0,0,0]
[0,0,0]
[0,0,0]
[0,0,0]
[0,0,0]
[0,0,0]
[0,0,0]
[0,0,0]
[0,0,0]
[0,0,0]
[0,0,0]
[0,0,0]
[0,0,0]
[0,0,0]
[0,0,0]
[0,0,0]
[0,0,0]
[0,0,0]
[0,0,0]
[0,0,0]
[0,0,0]
[0,0,0]
[0,0,0]
[0,0,0]
[0,0,0]
[0,0,0]
[0,0,0]
[0,0,0]
[0,0,0]
[0,0,0]
[0,0,0]
[0,0,0]
[0,0,0]
[0,0,0]
[0,0,0]
[0,0,0]
[0,0,0]
[0,0,0]
[0,0,0]
[0,0,0]
[0,0,0]
[0,0,0]
[0,0,0]
[0,0,0]
[0,0,0]
[0,0,0]
[0,0,0]
[0,0,0]
[0,0,0]
[0,0,0]
[0,0,0]
[0,0,0]
[0,0,0]
[0,0,0]
[0,0,0]
[0,0,0]
[0,0,0]
[0,0,0]
[0,0,0]
[0,0,0]
[0,0,0]
[0,0,0]
[0,0,0]
[0,0,0]
[0,0,0]
[0,0,0]
[0,0,0]
[0,0,0]
[0,0,0]
[0,0,0]
[0,0,0]
[0,0,0]
[0,0,0]
[0,0,0]
[0,0,0]
[0,0,0]
[0,0,0]
[0,0,0]
[0,0,0]
[0,0,0]
[0,0,0]
[0,0,0]
[0,0,0]
[0,0,0]
[0,0,0]
[0,0,0]
[0,0,0]
[0,0,0]
[0,0,0]
[0,0,0]
[0,0,0]
[0,0,0]
[0,0,0]
[0,0,0]
[0,0,0]
[0,0,0]
[0,0,0]
[0,0,0]
[0,0,0]
[0,0,0]
[0,0,0]
[0,0,0]
[0,0,0]
[0,0,0]
[0,0,0]
[0,0,0]
[0,0,0]
[0,0,0]
[0,0,0]
[0,0,0]
[0,0,0]
[0,0,0]
[0,0,0]
[0,0,0]
[0,0,0]
[0,0,0]
[0,0,0]
[0,0,0]
[0,0,0]
[0,0,0]
[0,0,0]
[0,0,0]
[0,0,0]
[0,0,0]
[0,0,0]
[0,0,0]
[0,0,0]
[0,0,0]
[0,0,0]
[0,0,0]
[0,0,0]
[0,0,0]
[0,0,0]
[0,0,0]
[0,0,0]
[0,0,0]
[0,0,0]
[0,0,0]
[0,0,0]
[0,0,0]
[0,0,0]
[0,0,0]
[0,0,0]
[0,0,0]
[0,0,0]
[0,0,0]
[0,0,0]
[0,0,0]
[0,0,0]
[0,0,0]
[0,0,0]
[0,0,0]
[0,0,0]
[0,0,0]
[0,0,0]
[0,0,0]
[0,0,0]
[0,0,0]
[0,0,0]
[0,0,0]
[0,0,0]
[0,0,0]
[0,0,0]
[0,0,0]
[0,0,0]
[0,0,0]
[0,0,0]
[0,0,0]
[0,0,0]
[0,0,0]
[0,0,0]
[0,0,0]
[0,0,0]
[0,0,0]
[0,0,0]
[0,0,0]
