452
30
[-126.13046264648438, -98.84011840820312, 2019.236083984375]
[-128.4789276123047, -86.4723129272461, 2023.5418701171875]
[-128.71905517578125, -75.50508880615234, 2020.3172607421875]
[-117.32209777832031, -76.64529418945312, 2017.92138671875]
[-102.55642700195312, -84.30709838867188, 2015.6610107421875]
[-87.93733215332031, -94.07408905029297, 2005.796142578125]
[-90.4896240234375, -93.20372772216797, 2013.24365234375]
[-95.77637481689453, -78.23854064941406, 2022.36083984375]
[-87.24911499023438, -76.4471206665039, 2020.8895263671875]
[-87.07344818115234, -70.60623168945312, 2017.4898681640625]
[-88.98265838623047, -68.41804504394531, 2016.1463623046875]
[-87.9859390258789, -65.9603042602539, 2014.4893798828125]
[-88.12136840820312, -66.38565826416016, 2008.49609375]
[-87.58155059814453, -66.86393737792969, 2007.67919921875]
[-87.18985748291016, -61.513057708740234, 2004.5030517578125]
[-87.83778381347656, -60.19578170776367, 2000.60009765625]
[-86.43988037109375, -60.829654693603516, 1996.9083251953125]
[-85.88096618652344, -62.097408294677734, 1996.6431884765625]
[-84.11248016357422, -61.984130859375, 1993.6171875]
[-76.46891021728516, -62.59062194824219, 2008.3341064453125]
[-72.51754760742188, -67.4587173461914, 2013.6243896484375]
[-76.38043975830078, -66.69053649902344, 2004.3511962890625]
[-76.14220428466797, -65.49059295654297, 2007.10205078125]
[-76.20381164550781, -66.91264343261719, 2008.1947021484375]
[-76.18521118164062, -64.4013900756836, 2009.1712646484375]
[-84.17454528808594, -64.67326354980469, 2002.473876953125]
[-83.63407135009766, -66.17186737060547, 2002.4383544921875]
[-85.22396087646484, -67.64675903320312, 2002.544921875]
[-92.19976043701172, -67.89859008789062, 2003.816162109375]
[-90.95268249511719, -70.40269470214844, 1998.161376953125]
[-92.68443298339844, -70.28628540039062, 1998.7476806640625]
[-92.92708587646484, -70.54300689697266, 1997.4560546875]
[-93.50479125976562, -70.84586334228516, 1995.2369384765625]
[-96.13975524902344, -71.82682800292969, 1986.1859130859375]
[-86.77105712890625, -71.46331024169922, 1989.1005859375]
[-97.67483520507812, -77.61494445800781, 1977.4105224609375]
[-98.09750366210938, -77.41854858398438, 1977.7969970703125]
[-119.3974838256836, -83.51687622070312, 1978.1976318359375]
[-103.03671264648438, -112.72887420654297, 1967.728515625]
[-126.6468734741211, -119.46379852294922, 1989.623046875]
[-123.5098876953125, -289.0606384277344, 1935.29931640625]
[-192.92132568359375, -419.2952575683594, 1873.5233154296875]
[-226.47689819335938, -636.4769897460938, 1747.7646484375]
[-194.65640258789062, -631.4625244140625, 1736.4298095703125]
[-322.4699401855469, -776.1953125, 1765.882568359375]
[-292.8382568359375, -827.4008178710938, 1761.634521484375]
[-227.5052032470703, -834.0478515625, 1653.8624267578125]
[-196.45518493652344, -834.0081176757812, 1613.6707763671875]
[-230.1916046142578, -799.0667114257812, 1525.894775390625]
[-222.72238159179688, -815.2151489257812, 1531.614990234375]
[-212.58346557617188, -825.0263061523438, 1558.0496826171875]
[-210.38221740722656, -819.6959228515625, 1564.3724365234375]
[-220.9698486328125, -807.3663940429688, 1570.6033935546875]
[-218.08465576171875, -782.8246459960938, 1565.23681640625]
[-201.5294189453125, -733.1781005859375, 1524.198974609375]
[-184.89407348632812, -704.60302734375, 1448.2862548828125]
[-147.36248779296875, -675.5023803710938, 1342.67431640625]
[-117.81767272949219, -652.1532592773438, 1276.504150390625]
[-76.1932144165039, -650.5968627929688, 1262.313232421875]
[-23.841827392578125, -655.4692993164062, 1276.8560791015625]
[-17.055734634399414, -671.8192138671875, 1324.3385009765625]
[-12.501687049865723, -678.6329956054688, 1332.25537109375]
[4.069704532623291, -679.181396484375, 1356.6392822265625]
[11.058770179748535, -691.0321044921875, 1365.1224365234375]
[48.35313034057617, -646.666259765625, 1449.3323974609375]
[64.6845474243164, -654.8060302734375, 1520.847900390625]
[11.710710525512695, -612.067626953125, 1510.2098388671875]
[15.7627534866333, -572.5162353515625, 1579.52392578125]
[-25.479167938232422, -474.1767272949219, 1642.6656494140625]
[-51.18263626098633, -451.2854309082031, 1658.7855224609375]
[-116.53585052490234, -256.29449462890625, 1689.1513671875]
[-169.94891357421875, -218.73464965820312, 1773.5020751953125]
[-164.92337036132812, -248.2687225341797, 1823.9576416015625]
[-143.83151245117188, -50.03602981567383, 1974.3489990234375]
[-187.60671997070312, -166.3138427734375, 1996.9329833984375]
[-217.0979766845703, -419.096923828125, 1898.86767578125]
[-235.22369384765625, -492.03521728515625, 1896.7349853515625]
[-238.46022033691406, -541.1024780273438, 1891.0225830078125]
[-221.7345428466797, -597.79931640625, 1874.188720703125]
[-217.45179748535156, -647.831298828125, 1856.742919921875]
[-221.88961791992188, -664.8309936523438, 1843.4075927734375]
[-219.37826538085938, -683.6550903320312, 1839.3310546875]
[-230.54222106933594, -689.12939453125, 1831.5675048828125]
[-243.8872833251953, -683.9036865234375, 1824.927978515625]
[-261.7672119140625, -657.8245849609375, 1828.7974853515625]
[-300.31500244140625, -662.2930908203125, 1891.314453125]
[-349.9245910644531, -552.1712646484375, 1886.8756103515625]
[-362.578369140625, -497.6015625, 1924.04931640625]
[-352.58026123046875, -442.3375549316406, 1977.862548828125]
[-320.1644592285156, -416.0664367675781, 2021.7783203125]
[-282.2323303222656, -319.38616943359375, 2075.458251953125]
[-264.21209716796875, -314.95916748046875, 2074.58740234375]
[-106.99964904785156, -152.28346252441406, 2130.312255859375]
[-86.74016571044922, -187.15065002441406, 2199.24365234375]
[-86.30524444580078, -188.3369598388672, 2197.482421875]
[-87.82201385498047, -196.28546142578125, 2190.09765625]
[-94.73571014404297, -209.64845275878906, 2180.228515625]
[-4.029758453369141, -306.0869445800781, 2099.488037109375]
[100.27217102050781, -425.49200439453125, 2080.017578125]
[153.72225952148438, -359.1036682128906, 1971.905029296875]
[212.12387084960938, -394.04510498046875, 1816.4527587890625]
[220.32177734375, -415.3871154785156, 1813.7308349609375]
[237.00999450683594, -437.2582702636719, 1781.0928955078125]
[172.14918518066406, -496.29156494140625, 1865.3245849609375]
[170.97119140625, -505.71466064453125, 1874.352294921875]
[231.65113830566406, -503.9408874511719, 1870.05322265625]
[285.8453063964844, -541.4674682617188, 1928.845703125]
[323.56768798828125, -551.1238403320312, 1936.5361328125]
[345.88226318359375, -608.7066650390625, 1916.391845703125]
[495.1263122558594, -608.3569946289062, 1847.9451904296875]
[520.7127685546875, -637.7364501953125, 1891.2059326171875]
[538.7117919921875, -639.4822387695312, 1905.04443359375]
[535.4207153320312, -566.2257080078125, 1877.1663818359375]
[519.2984619140625, -549.759033203125, 1899.8626708984375]
[475.7179870605469, -518.783935546875, 1922.3065185546875]
[446.44354248046875, -482.3190002441406, 1967.6258544921875]
[431.02685546875, -465.6762390136719, 1969.280517578125]
[384.2388610839844, -458.0064392089844, 2028.20068359375]
[347.6026916503906, -443.9720153808594, 2059.041259765625]
[321.26580810546875, -432.9827575683594, 2075.24365234375]
[297.1958312988281, -421.13616943359375, 2087.63427734375]
[252.9593963623047, -405.5789794921875, 2109.579833984375]
[229.98731994628906, -407.71051025390625, 2137.552734375]
[-86.72312927246094, -662.2847900390625, 2034.76806640625]
[-121.79759216308594, -677.3551635742188, 1933.7919921875]
[-93.39545440673828, -675.8549194335938, 1849.52783203125]
[-83.04042053222656, -613.9411010742188, 1767.900634765625]
[-70.17237091064453, -565.215087890625, 1719.7646484375]
[-25.583606719970703, -472.1326599121094, 1757.9625244140625]
[-37.503318786621094, -387.35919189453125, 1730.978759765625]
[-40.77141189575195, -322.1373291015625, 1725.893798828125]
[-47.21256637573242, -277.9964599609375, 1725.6011962890625]
[-63.361228942871094, -246.42799377441406, 1755.3902587890625]
[-82.24331665039062, -229.9775848388672, 1774.5577392578125]
[-91.77738952636719, -196.95822143554688, 1810.216552734375]
[-67.48246765136719, -211.64414978027344, 1813.4251708984375]
[-89.21646118164062, -193.11672973632812, 1859.3477783203125]
[-89.36128997802734, -166.2377471923828, 1812.2376708984375]
[-102.3096923828125, -193.83612060546875, 1808.9456787109375]
[-139.81747436523438, -229.77145385742188, 1813.9403076171875]
[-187.45660400390625, -277.27496337890625, 1813.903076171875]
[-203.95184326171875, -285.6746826171875, 1797.4476318359375]
[-258.2276916503906, -309.1474914550781, 1774.4725341796875]
[-263.7812805175781, -329.8030090332031, 1695.68115234375]
[-244.7425994873047, -334.95269775390625, 1617.883544921875]
[-300.86328125, -365.965576171875, 1569.3466796875]
[-312.12420654296875, -380.3710021972656, 1493.866943359375]
[-305.851318359375, -416.42333984375, 1456.5728759765625]
[-274.637451171875, -472.7226257324219, 1380.2952880859375]
[-253.66323852539062, -516.2582397460938, 1338.266357421875]
[-212.7676544189453, -560.53564453125, 1314.389404296875]
[-209.3118896484375, -554.9395751953125, 1247.8541259765625]
[-197.49940490722656, -556.8175659179688, 1199.351318359375]
[-190.0642547607422, -539.5289306640625, 1150.419921875]
[-182.54827880859375, -546.5106811523438, 1121.5894775390625]
[-160.96627807617188, -528.7598266601562, 1105.873046875]
[-158.6210174560547, -506.4221496582031, 1086.1536865234375]
[-152.02325439453125, -497.9866638183594, 1099.654052734375]
[-147.070556640625, -457.8619384765625, 1130.134033203125]
[-151.81134033203125, -416.6585693359375, 1157.4739990234375]
[-151.93919372558594, -377.55242919921875, 1197.5531005859375]
[-164.1885986328125, -336.6784973144531, 1234.1988525390625]
[-190.82745361328125, -267.4400329589844, 1272.6185302734375]
[-208.20838928222656, -206.4803466796875, 1310.53564453125]
[-224.66522216796875, -139.17486572265625, 1377.3170166015625]
[-285.30914306640625, -95.32749938964844, 1528.897216796875]
[-311.2119445800781, -87.6972427368164, 1463.572998046875]
[-315.97772216796875, -104.70689392089844, 1479.1439208984375]
[-331.671630859375, -132.8279266357422, 1490.9439697265625]
[-351.24176025390625, -167.61000061035156, 1469.8125]
[-389.4576110839844, -158.7353973388672, 1479.7205810546875]
[-398.6596374511719, -165.9905548095703, 1473.388671875]
[-423.72100830078125, -188.5931396484375, 1420.654296875]
[-434.2532043457031, -180.40341186523438, 1382.850341796875]
[-451.6534729003906, -161.2922821044922, 1334.412353515625]
[-460.48565673828125, -156.53836059570312, 1299.237548828125]
[-425.32476806640625, -176.0192413330078, 1200.7862548828125]
[-387.4342346191406, -205.5083465576172, 1127.1962890625]
[-352.634033203125, -224.7903594970703, 1101.425537109375]
[-268.8720703125, -301.25396728515625, 1090.7568359375]
[-286.8306579589844, -325.6625671386719, 999.0745849609375]
[-254.64999389648438, -365.21929931640625, 998.2774047851562]
[-233.5183563232422, -388.0137634277344, 994.1798095703125]
[-225.95770263671875, -389.9465026855469, 987.778076171875]
[-232.72569274902344, -389.6788024902344, 989.4063110351562]
[-238.9987335205078, -391.22210693359375, 998.7728881835938]
[-254.26968383789062, -381.9673767089844, 1021.2550048828125]
[-280.05816650390625, -365.1832275390625, 1040.7679443359375]
[-302.1314392089844, -361.0782470703125, 1063.383056640625]
[-325.8631896972656, -358.8263854980469, 1107.0869140625]
[-329.5637512207031, -339.4163818359375, 1160.6280517578125]
[-350.1260986328125, -311.4976806640625, 1215.8792724609375]
[-366.6200866699219, -306.6914978027344, 1246.1390380859375]
[-381.17236328125, -223.46945190429688, 1299.5093994140625]
[-366.50347900390625, -191.52003479003906, 1354.374755859375]
[-337.8321838378906, -138.3624267578125, 1408.218994140625]
[-332.2165832519531, -117.17156219482422, 1436.463134765625]
[-322.4919128417969, -106.80712890625, 1466.9365234375]
[-322.5645751953125, -100.71052551269531, 1490.6195068359375]
[-319.0208435058594, -124.56462860107422, 1518.3212890625]
[-310.87548828125, -133.00289916992188, 1549.63623046875]
[-310.5347595214844, -144.57904052734375, 1573.90087890625]
[-312.1476135253906, -161.4400634765625, 1599.04296875]
[-313.91357421875, -183.00146484375, 1621.93212890625]
[-312.5584716796875, -196.1766815185547, 1650.36376953125]
[-307.3695373535156, -198.62503051757812, 1678.2694091796875]
[-306.3572998046875, -200.07479858398438, 1703.5465087890625]
[-303.200927734375, -172.27432250976562, 1738.007568359375]
[-285.3177795410156, -166.74488830566406, 1755.8641357421875]
[-278.1912536621094, -147.917724609375, 1783.350830078125]
[-234.32728576660156, -131.6575469970703, 1795.37841796875]
[-217.95765686035156, -113.00582122802734, 1816.79638671875]
[-192.74807739257812, -96.90145874023438, 1838.91748046875]
[-162.8177032470703, -90.03755950927734, 1882.3692626953125]
[-156.8382110595703, -87.7253646850586, 1912.84814453125]
[-138.78775024414062, -154.99288940429688, 1930.4991455078125]
[-124.0146484375, -190.87939453125, 1964.7021484375]
[-120.77299499511719, -222.5858612060547, 1980.102294921875]
[-115.60913848876953, -221.82981872558594, 2006.26416015625]
[-113.9179916381836, -228.39825439453125, 2027.58984375]
[-122.89251708984375, -207.105224609375, 2032.777099609375]
[-125.38856506347656, -118.84583282470703, 2102.137939453125]
[-129.23016357421875, -138.38096618652344, 2086.012939453125]
[-127.28375244140625, -130.2613067626953, 2069.1142578125]
[-128.28004455566406, -128.81607055664062, 2045.359619140625]
[-121.99111938476562, -124.39767456054688, 2028.289794921875]
[-115.72236633300781, -149.48687744140625, 1994.2835693359375]
[-127.35906219482422, -224.99014282226562, 1934.447998046875]
[-128.83865356445312, -207.9844970703125, 1913.9385986328125]
[-115.34379577636719, -351.08502197265625, 1892.07470703125]
[-19.354835510253906, -400.8120422363281, 1869.489990234375]
[-117.00907135009766, -498.1833190917969, 1794.8353271484375]
[-118.00509643554688, -485.16009521484375, 1775.168701171875]
[-85.42120361328125, -541.763916015625, 1751.5201416015625]
[-67.04194641113281, -542.392333984375, 1750.82421875]
[-38.54566955566406, -548.5781860351562, 1764.1640625]
[-38.4303092956543, -545.9813232421875, 1753.4327392578125]
[-35.56685256958008, -534.4273681640625, 1743.375732421875]
[-19.495920181274414, -514.7218627929688, 1752.5023193359375]
[-35.25845718383789, -488.3321533203125, 1739.5704345703125]
[-21.604732513427734, -484.0407409667969, 1756.2747802734375]
[-38.41420364379883, -441.63531494140625, 1758.180908203125]
[-42.52073287963867, -391.4476013183594, 1774.3812255859375]
[-52.13663864135742, -332.5511474609375, 1793.610595703125]
[-19.56706428527832, -319.7506103515625, 1838.229736328125]
[-25.848962783813477, -317.26947021484375, 1844.470947265625]
[-86.74266815185547, -10.129406929016113, 2061.876953125]
[-82.58818817138672, 8.889579772949219, 2063.147705078125]
[-92.13267517089844, -5.243367671966553, 2079.021240234375]
[-96.85816955566406, 49.36289978027344, 2046.680908203125]
[-100.06743621826172, 83.83132934570312, 2057.1181640625]
[-104.4814682006836, 162.09901428222656, 2086.78515625]
[-108.88465118408203, 214.10198974609375, 2118.008544921875]
[-103.93356323242188, 253.3982696533203, 2104.104736328125]
[-105.11650848388672, 275.94873046875, 2111.3447265625]
[-96.51851654052734, 272.1594543457031, 2077.398681640625]
[-88.8025894165039, 272.05511474609375, 2026.7681884765625]
[-74.05989837646484, 240.9935302734375, 1966.604736328125]
[-48.722381591796875, 205.25526428222656, 1877.444580078125]
[-22.63062858581543, 117.57050323486328, 1791.375244140625]
[-1.527236819267273, -5.9744977951049805, 1728.0025634765625]
[34.967533111572266, -115.04497528076172, 1681.84130859375]
[67.4970932006836, -200.53367614746094, 1680.3238525390625]
[64.85811614990234, -321.9367370605469, 1636.128173828125]
[72.41426849365234, -407.42352294921875, 1630.068115234375]
[77.33061981201172, -496.4098205566406, 1620.7818603515625]
[70.46430206298828, -577.5686645507812, 1619.29541015625]
[63.15567398071289, -653.5530395507812, 1619.32080078125]
[56.229820251464844, -684.1799926757812, 1621.8717041015625]
[38.57991409301758, -711.1642456054688, 1612.527099609375]
[-9.237580299377441, -725.3897705078125, 1599.48388671875]
[-37.62274932861328, -726.726318359375, 1610.6639404296875]
[-50.60516357421875, -733.8851318359375, 1626.6214599609375]
[-55.66892623901367, -716.602294921875, 1656.944580078125]
[-81.68534851074219, -704.189453125, 1657.3125]
[-84.80774688720703, -662.3211669921875, 1676.6717529296875]
[-120.29713439941406, -660.8801879882812, 1751.958984375]
[-121.47891998291016, -605.0053100585938, 1788.25537109375]
[-125.36280059814453, -546.4539794921875, 1796.3792724609375]
[-87.39088439941406, -403.6046447753906, 1813.712890625]
[-75.02509307861328, -343.9540100097656, 1864.7034912109375]
[-84.27635955810547, -205.39578247070312, 1946.9432373046875]
[-78.6725845336914, -148.0789031982422, 1922.2197265625]
[-98.24308776855469, -127.02474212646484, 1906.99072265625]
[-96.27590942382812, -104.73281860351562, 1907.0440673828125]
[-118.07405853271484, -96.66621398925781, 1899.6351318359375]
[-156.54393005371094, -91.70423126220703, 1843.4356689453125]
[-175.834228515625, -98.41311645507812, 1803.0213623046875]
[-143.1756134033203, -15.141144752502441, 1805.5565185546875]
[-159.9583740234375, -97.31684875488281, 1655.96630859375]
[-145.87327575683594, -107.67206573486328, 1594.736083984375]
[-113.7640609741211, -124.86797332763672, 1569.16845703125]
[-84.74542236328125, -161.73309326171875, 1491.8759765625]
[-41.54039001464844, -211.47821044921875, 1450.3885498046875]
[-29.076229095458984, -259.4814453125, 1411.540283203125]
[-2.764105796813965, -304.82049560546875, 1419.3837890625]
[28.391822814941406, -379.6230163574219, 1409.927490234375]
[17.1070499420166, -428.916259765625, 1392.92236328125]
[24.114757537841797, -498.9454345703125, 1423.0152587890625]
[6.2055439949035645, -525.2371215820312, 1481.98974609375]
[-18.735952377319336, -558.4205932617188, 1432.847900390625]
[-51.50946807861328, -551.9339599609375, 1424.215087890625]
[-71.04061889648438, -557.678955078125, 1420.5543212890625]
[-64.68060302734375, -565.4756469726562, 1553.0556640625]
[-105.64250946044922, -575.5437622070312, 1593.5230712890625]
[-234.47824096679688, -479.22760009765625, 1568.63037109375]
[-221.5770721435547, -415.28857421875, 1564.143310546875]
[-256.1243591308594, -388.4940490722656, 1581.301513671875]
[-303.35821533203125, -402.9587097167969, 1559.87841796875]
[-344.6856384277344, -388.1129455566406, 1492.1788330078125]
[-382.3597412109375, -436.07598876953125, 1513.1376953125]
[-399.57098388671875, -504.0047912597656, 1511.6451416015625]
[-415.4188537597656, -544.3728637695312, 1527.272705078125]
[-417.7567138671875, -607.338623046875, 1487.198974609375]
[-419.24072265625, -634.98828125, 1463.9295654296875]
[-408.5860290527344, -649.5267944335938, 1433.9207763671875]
[-405.649658203125, -663.3544921875, 1390.5931396484375]
[-389.0617370605469, -655.5426025390625, 1350.225341796875]
[-360.23150634765625, -645.9168090820312, 1312.0078125]
[-335.4620666503906, -616.9957885742188, 1277.5072021484375]
[-279.1110534667969, -619.020263671875, 1258.556640625]
[-238.88088989257812, -570.975341796875, 1258.6810302734375]
[-187.702880859375, -517.8352661132812, 1226.8350830078125]
[-163.51473999023438, -469.229736328125, 1306.5831298828125]
[-139.32437133789062, -453.1957092285156, 1318.837646484375]
[-172.8407440185547, -451.322509765625, 1359.6474609375]
[-182.1591796875, -397.7213134765625, 1385.32666015625]
[-191.62985229492188, -391.0332946777344, 1408.4345703125]
[-177.76612854003906, -324.9958801269531, 1475.549560546875]
[-164.41204833984375, -326.3575439453125, 1447.0084228515625]
[-178.76852416992188, -337.61407470703125, 1467.2459716796875]
[-197.3905029296875, -349.111083984375, 1492.5150146484375]
[-204.47215270996094, -350.9683532714844, 1505.278076171875]
[-190.93869018554688, -255.02011108398438, 1462.1727294921875]
[-215.73036193847656, -294.76202392578125, 1542.27880859375]
[-217.38360595703125, -236.91326904296875, 1431.390625]
[-240.21286010742188, -261.0448303222656, 1565.853515625]
[-165.25137329101562, -362.2899475097656, 1398.9266357421875]
[-76.74427795410156, -249.3824462890625, 1364.668701171875]
[-65.38700103759766, -201.25613403320312, 1372.0496826171875]
[-18.832406997680664, -131.1570587158203, 1318.9451904296875]
[-63.09711837768555, -118.73467254638672, 1308.271240234375]
[-54.678470611572266, -114.76818084716797, 1374.103271484375]
[-57.34706115722656, -132.9793701171875, 1377.25927734375]
[-66.2255630493164, -183.70956420898438, 1382.384521484375]
[-65.92631530761719, -245.4062042236328, 1393.3115234375]
[-64.92827606201172, -306.0926513671875, 1409.1820068359375]
[-53.37508010864258, -338.1178283691406, 1418.9666748046875]
[-46.92646789550781, -432.2348327636719, 1413.88671875]
[4.200541973114014, -510.4744567871094, 1426.0653076171875]
[4.157957553863525, -519.1925048828125, 1433.32177734375]
[187.78834533691406, -568.3208618164062, 1614.1209716796875]
[185.63052368164062, -615.7467041015625, 1575.8389892578125]
[205.65658569335938, -625.5452270507812, 1540.1331787109375]
[206.9007568359375, -634.7582397460938, 1505.311767578125]
[199.6430206298828, -636.50830078125, 1478.111083984375]
[183.4617156982422, -625.1531982421875, 1465.54638671875]
[214.0481719970703, -612.7196044921875, 1451.057861328125]
[224.10104370117188, -577.8218994140625, 1447.8087158203125]
[233.79385375976562, -540.0714721679688, 1467.907470703125]
[227.09713745117188, -487.8608093261719, 1477.5364990234375]
[240.44168090820312, -442.13623046875, 1506.066162109375]
[231.23394775390625, -425.4134521484375, 1530.341064453125]
[208.5836944580078, -421.48895263671875, 1559.068115234375]
[186.44921875, -440.36175537109375, 1584.4801025390625]
[163.54412841796875, -442.4264831542969, 1620.108642578125]
[152.1747589111328, -469.8496398925781, 1627.3502197265625]
[149.90457153320312, -486.4323425292969, 1640.6322021484375]
[160.80433654785156, -499.4763488769531, 1642.8138427734375]
[179.1289825439453, -495.64593505859375, 1632.0321044921875]
[175.05169677734375, -486.94500732421875, 1629.980712890625]
[169.23536682128906, -468.6802062988281, 1604.8817138671875]
[137.3344268798828, -455.4239807128906, 1598.0845947265625]
[108.55956268310547, -442.0920715332031, 1609.4647216796875]
[66.1791000366211, -422.0618591308594, 1571.75439453125]
[40.73692321777344, -454.694580078125, 1615.8392333984375]
[-20.085952758789062, -441.36492919921875, 1595.0697021484375]
[-45.53312683105469, -449.75164794921875, 1630.9981689453125]
[-74.44511413574219, -460.1645812988281, 1665.5556640625]
[-99.8668212890625, -522.6172485351562, 1671.35302734375]
[-115.1590805053711, -568.5592651367188, 1704.007080078125]
[-117.57837677001953, -607.1082153320312, 1734.8673095703125]
[-123.61615753173828, -639.4287109375, 1750.9027099609375]
[-129.6510467529297, -648.4970703125, 1777.576416015625]
[-137.72201538085938, -667.272705078125, 1792.409423828125]
[-137.46047973632812, -679.962158203125, 1810.639892578125]
[-140.1219024658203, -678.6476440429688, 1817.0408935546875]
[-140.36212158203125, -669.6822509765625, 1821.08984375]
[-140.2005157470703, -669.7493896484375, 1822.4598388671875]
[-131.8375244140625, -669.2762451171875, 1830.156005859375]
[-132.87220764160156, -664.734619140625, 1830.9337158203125]
[-135.9947509765625, -659.6954956054688, 1816.013427734375]
[-144.2733154296875, -641.865234375, 1790.90673828125]
[-179.4077606201172, -646.8663330078125, 1796.5948486328125]
[-162.21554565429688, -588.12890625, 1740.2979736328125]
[-144.80691528320312, -536.3755493164062, 1709.3758544921875]
[-154.19935607910156, -506.62750244140625, 1688.07861328125]
[-158.64434814453125, -412.86212158203125, 1673.3267822265625]
[-165.04673767089844, -354.3743591308594, 1680.871826171875]
[-123.96598815917969, -306.3195495605469, 1710.135498046875]
[-118.17170715332031, -266.9995422363281, 1745.2867431640625]
[-101.72578430175781, -251.73321533203125, 1773.166015625]
[-92.54845428466797, -195.5838623046875, 1837.8782958984375]
[-86.89668273925781, -156.21212768554688, 1896.2760009765625]
[-70.1329116821289, -169.97918701171875, 1963.68505859375]
[-51.1370735168457, -167.0447235107422, 2032.447998046875]
[-39.795711517333984, -169.6328887939453, 2108.91650390625]
[-32.57268524169922, -179.88511657714844, 2185.9541015625]
[-16.995656967163086, -181.070556640625, 2255.80908203125]
[-3.190251111984253, -175.08482360839844, 2323.824462890625]
[11.21022891998291, -175.72816467285156, 2375.7998046875]
[24.130605697631836, -189.4157257080078, 2413.131103515625]
[44.93259811401367, -189.92811584472656, 2439.27734375]
[84.49404907226562, -180.06246948242188, 2332.19287109375]
[82.23467254638672, -170.60765075683594, 2306.052978515625]
[87.89750671386719, -184.00186157226562, 2326.55810546875]
[128.86412048339844, -207.35641479492188, 2293.951904296875]
[128.39601135253906, -205.9806671142578, 2290.182373046875]
[117.40251922607422, -225.72332763671875, 2256.52294921875]
[85.29154205322266, -232.02456665039062, 2261.7900390625]
[78.22001647949219, -233.3920135498047, 2282.87255859375]
[36.2326545715332, -215.1609649658203, 2315.00146484375]
[25.622177124023438, -212.5396728515625, 2291.084228515625]
[-10.84163761138916, -257.4085693359375, 2276.672119140625]
[-19.13074493408203, -245.29025268554688, 2231.59130859375]
[-30.617895126342773, -212.1502685546875, 2153.644287109375]
[-37.84467315673828, -196.5803985595703, 2113.725341796875]
[-74.2192153930664, -198.62046813964844, 2050.69970703125]
[-65.54712677001953, -230.68417358398438, 1973.17431640625]
[-129.7479248046875, -220.70835876464844, 1873.8189697265625]
[-145.9104766845703, -222.92381286621094, 1785.7996826171875]
[-165.08010864257812, -242.845703125, 1717.7630615234375]
[-187.58103942871094, -213.787353515625, 1637.8236083984375]
[-195.22137451171875, -189.90963745117188, 1576.944580078125]
[-150.61968994140625, -215.06976318359375, 1498.96435546875]
[-140.0747833251953, -260.52099609375, 1428.515869140625]
[-89.89158630371094, -295.8366394042969, 1394.9095458984375]
[-62.81998062133789, -314.5791931152344, 1331.4029541015625]
[-42.2806282043457, -339.48065185546875, 1293.66455078125]
[7.001487731933594, -367.3647155761719, 1263.1888427734375]
[37.78668975830078, -369.84222412109375, 1238.89599609375]
[99.41016387939453, -383.0903015136719, 1259.5645751953125]
[119.15523529052734, -404.54925537109375, 1265.47021484375]
[195.97023010253906, -397.1468505859375, 1303.0211181640625]
[247.55824279785156, -391.42425537109375, 1367.996826171875]
[275.1054992675781, -409.4483642578125, 1445.0694580078125]
[289.3924865722656, -355.5728759765625, 1512.9620361328125]
[264.492919921875, -322.8819580078125, 1575.853271484375]
[252.83798217773438, -317.15093994140625, 1603.594970703125]
[216.6825408935547, -284.2977600097656, 1654.50390625]
[195.1727294921875, -281.52520751953125, 1658.415283203125]
[175.32369995117188, -269.9951171875, 1633.6268310546875]
