452
12
[-126.13046265,898.84011841,1019.23608398]
[-128.47892761,886.47231293,1023.54187012]
[-128.71905518,875.50508881,1020.31726074]
[-117.32209778,876.64529419,1017.92138672]
[-102.556427,884.30709839,1015.66101074]
[-87.93733215,894.07408905,1005.79614258]
[-90.48962402,893.20372772,1013.24365234]
[-95.77637482,878.23854065,1022.36083984]
[-87.24911499,876.44712067,1020.88952637]
[-87.07344818,870.60623169,1017.48986816]
[-88.98265839,868.41804504,1016.1463623]
[-87.98593903,865.96030426,1014.48937988]
[-88.12136841,866.38565826,1008.49609375]
[-87.5815506,866.86393738,1007.67919922]
[-87.18985748,861.51305771,1004.50305176]
[-87.83778381,860.19578171,1000.60009766]
[-86.43988037,860.82965469,996.9083252]
[-85.88096619,862.09740829,996.64318848]
[-84.11248016,861.98413086,993.6171875]
[-76.46891022,862.59062195,1008.33410645]
[-72.51754761,867.45871735,1013.62438965]
[-76.38043976,866.6905365,1004.35119629]
[-76.14220428,865.49059296,1007.10205078]
[-76.20381165,866.91264343,1008.19470215]
[-76.18521118,864.40139008,1009.17126465]
[-84.17454529,864.67326355,1002.47387695]
[-83.63407135,866.17186737,1002.43835449]
[-85.22396088,867.64675903,1002.54492188]
[-92.19976044,867.89859009,1003.81616211]
[-90.9526825,870.4026947,998.16137695]
[-92.68443298,870.2862854,998.74768066]
[-92.92708588,870.5430069,997.45605469]
[-93.50479126,870.84586334,995.23693848]
[-96.13975525,871.826828,986.18591309]
[-86.77105713,871.46331024,989.10058594]
[-97.67483521,877.61494446,977.41052246]
[-98.09750366,877.41854858,977.79699707]
[-119.39748383,883.51687622,978.19763184]
[-103.03671265,912.72887421,967.72851562]
[-126.64687347,919.46379852,989.62304688]
[-123.5098877,1089.06063843,935.29931641]
[-192.92132568,1219.29525757,873.52331543]
[-226.47689819,1436.47698975,747.76464844]
[-194.65640259,1431.46252441,736.42980957]
[-322.46994019,1576.1953125,765.88256836]
[-292.83825684,1627.40081787,761.63452148]
[-227.50520325,1634.04785156,653.86242676]
[-196.45518494,1634.00811768,613.67077637]
[-230.19160461,1599.06671143,525.89477539]
[-222.72238159,1615.21514893,531.61499023]
[-212.58346558,1625.02630615,558.04968262]
[-210.38221741,1619.69592285,564.37243652]
[-220.96984863,1607.36639404,570.60339355]
[-218.08465576,1582.824646,565.23681641]
[-201.52941895,1533.17810059,524.19897461]
[-184.89407349,1504.60302734,448.28625488]
[-147.36248779,1475.50238037,342.67431641]
[-117.81767273,1452.15325928,276.50415039]
[-76.19321442,1450.59686279,262.31323242]
[-23.84182739,1455.46929932,276.8560791]
[-17.05573463,1471.81921387,324.33850098]
[-12.50168705,1478.63299561,332.25537109]
[4.06970453,1479.18139648,356.63928223]
[11.05877018,1491.03210449,365.12243652]
[48.35313034,1446.66625977,449.33239746]
[64.68454742,1454.80603027,520.84790039]
[11.71071053,1412.06762695,510.20983887]
[15.76275349,1372.51623535,579.52392578]
[-25.47916794,1274.17672729,642.66564941]
[-51.18263626,1251.28543091,658.78552246]
[-116.53585052,1056.29449463,689.15136719]
[-169.94891357,1018.73464966,773.5020752]
[-164.92337036,1048.26872253,823.9576416]
[-143.83151245,850.03602982,974.34899902]
[-187.60671997,966.31384277,996.9329834]
[-217.09797668,1219.09692383,898.86767578]
[-235.22369385,1292.03521729,896.73498535]
[-238.46022034,1341.10247803,891.02258301]
[-221.73454285,1397.79931641,874.1887207]
[-217.45179749,1447.83129883,856.74291992]
[-221.88961792,1464.83099365,843.40759277]
[-219.37826538,1483.65509033,839.33105469]
[-230.54222107,1489.12939453,831.56750488]
[-243.88728333,1483.90368652,824.92797852]
[-261.76721191,1457.82458496,828.79748535]
[-300.31500244,1462.29309082,891.31445312]
[-349.92459106,1352.17126465,886.87561035]
[-362.57836914,1297.6015625,924.04931641]
[-352.58026123,1242.33755493,977.86254883]
[-320.16445923,1216.06643677,1021.77832031]
[-282.23233032,1119.38616943,1075.45825195]
[-264.21209717,1114.95916748,1074.58740234]
[-106.99964905,952.28346252,1130.31225586]
[-86.74016571,987.15065002,1199.24365234]
[-86.30524445,988.33695984,1197.48242188]
[-87.82201385,996.28546143,1190.09765625]
[-94.73571014,1009.64845276,1180.22851562]
[-4.02975845,1106.08694458,1099.48803711]
[100.27217102,1225.49200439,1080.01757812]
[153.72225952,1159.10366821,971.9050293]
[212.12387085,1194.04510498,816.45275879]
[220.32177734,1215.38711548,813.73083496]
[237.00999451,1237.25827026,781.09289551]
[172.14918518,1296.29156494,865.32458496]
[170.97119141,1305.71466064,874.35229492]
[231.65113831,1303.94088745,870.05322266]
[285.8453064,1341.46746826,928.84570312]
[323.56768799,1351.12384033,936.53613281]
[345.88226318,1408.70666504,916.3918457]
[495.12631226,1408.35699463,847.94519043]
[520.71276855,1437.7364502,891.20593262]
[538.71179199,1439.48223877,905.04443359]
[535.42071533,1366.22570801,877.16638184]
[519.29846191,1349.7590332,899.8626709]
[475.71798706,1318.78393555,922.30651855]
[446.44354248,1282.31900024,967.62585449]
[431.02685547,1265.67623901,969.28051758]
[384.23886108,1258.00643921,1028.20068359]
[347.60269165,1243.97201538,1059.04125977]
[321.26580811,1232.98275757,1075.24365234]
[297.1958313,1221.13616943,1087.63427734]
[252.95939636,1205.57897949,1109.57983398]
[229.98731995,1207.71051025,1137.55273438]
[-86.72312927,1462.28479004,1034.76806641]
[-121.79759216,1477.35516357,933.79199219]
[-93.39545441,1475.85491943,849.52783203]
[-83.04042053,1413.94110107,767.90063477]
[-70.17237091,1365.21508789,719.76464844]
[-25.58360672,1272.13265991,757.96252441]
[-37.50331879,1187.35919189,730.97875977]
[-40.7714119,1122.1373291,725.89379883]
[-47.21256638,1077.99645996,725.60119629]
[-63.36122894,1046.42799377,755.39025879]
[-82.24331665,1029.97758484,774.55773926]
[-91.77738953,996.95822144,810.21655273]
[-67.48246765,1011.64414978,813.4251709]
[-89.21646118,993.11672974,859.34777832]
[-89.36128998,966.23774719,812.2376709]
[-102.30969238,993.83612061,808.94567871]
[-139.81747437,1029.77145386,813.94030762]
[-187.456604,1077.27496338,813.90307617]
[-203.95184326,1085.67468262,797.44763184]
[-258.22769165,1109.14749146,774.47253418]
[-263.78128052,1129.80300903,695.68115234]
[-244.74259949,1134.95269775,617.88354492]
[-300.86328125,1165.96557617,569.34667969]
[-312.12420654,1180.3710022,493.86694336]
[-305.85131836,1216.42333984,456.57287598]
[-274.63745117,1272.72262573,380.29528809]
[-253.66323853,1316.25823975,338.26635742]
[-212.76765442,1360.53564453,314.3894043]
[-209.31188965,1354.9395752,247.85412598]
[-197.49940491,1356.81756592,199.35131836]
[-190.06425476,1339.52893066,150.41992188]
[-182.54827881,1346.51068115,121.58947754]
[-160.96627808,1328.75982666,105.87304688]
[-158.62101746,1306.42214966,86.15368652]
[-152.02325439,1297.98666382,99.65405273]
[-147.07055664,1257.86193848,130.1340332]
[-151.81134033,1216.65856934,157.47399902]
[-151.93919373,1177.5524292,197.55310059]
[-164.18859863,1136.67849731,234.19885254]
[-190.82745361,1067.44003296,272.61853027]
[-208.20838928,1006.48034668,310.53564453]
[-224.66522217,939.17486572,377.3170166]
[-285.30914307,895.32749939,528.8972168]
[-311.21194458,887.69724274,463.57299805]
[-315.97772217,904.70689392,479.1439209]
[-331.67163086,932.82792664,490.94396973]
[-351.24176025,967.61000061,469.8125]
[-389.45761108,958.73539734,479.72058105]
[-398.65963745,965.99055481,473.38867188]
[-423.7210083,988.59313965,420.65429688]
[-434.25320435,980.40341187,382.8503418]
[-451.6534729,961.2922821,334.41235352]
[-460.48565674,956.5383606,299.23754883]
[-425.32476807,976.01924133,200.78625488]
[-387.43423462,1005.50834656,127.19628906]
[-352.6340332,1024.7903595,101.42553711]
[-268.87207031,1101.25396729,90.75683594]
[-2.86830658e+02,1.12566257e+03,-9.25415039e-01]
[-254.6499939,1165.21929932,-1.72259521]
[-233.51835632,1188.01376343,-5.82019043]
[-225.95770264,1189.94650269,-12.22192383]
[-232.72569275,1189.67880249,-10.59368896]
[-238.99873352,1191.22210693,-1.22711182]
[-254.26968384,1181.96737671,21.25500488]
[-280.0581665,1165.18322754,40.76794434]
[-302.13143921,1161.07824707,63.38305664]
[-325.8631897,1158.8263855,107.08691406]
[-329.56375122,1139.41638184,160.62805176]
[-350.12609863,1111.49768066,215.87927246]
[-366.62008667,1106.6914978,246.13903809]
[-381.17236328,1023.4694519,299.50939941]
[-366.503479,991.52003479,354.37475586]
[-337.83218384,938.36242676,408.21899414]
[-332.21658325,917.17156219,436.46313477]
[-322.49191284,906.80712891,466.93652344]
[-322.5645752,900.71052551,490.61950684]
[-319.02084351,924.5646286,518.32128906]
[-310.87548828,933.00289917,549.63623047]
[-310.53475952,944.57904053,573.90087891]
[-312.14761353,961.44006348,599.04296875]
[-313.91357422,983.00146484,621.93212891]
[-312.55847168,996.17668152,650.36376953]
[-307.36953735,998.62503052,678.26940918]
[-306.3572998,1000.07479858,703.54650879]
[-303.20092773,972.27432251,738.00756836]
[-285.31777954,966.74488831,755.86413574]
[-278.19125366,947.91772461,783.35083008]
[-234.32728577,931.657547,795.37841797]
[-217.95765686,913.00582123,816.79638672]
[-192.74807739,896.90145874,838.91748047]
[-162.81770325,890.03755951,882.3692627]
[-156.83821106,887.72536469,912.84814453]
[-138.78775024,954.9928894,930.49914551]
[-124.01464844,990.87939453,964.70214844]
[-120.772995,1022.58586121,980.10229492]
[-115.60913849,1021.82981873,1006.26416016]
[-113.91799164,1028.39825439,1027.58984375]
[-122.89251709,1007.10522461,1032.77709961]
[-125.38856506,918.84583282,1102.13793945]
[-129.23016357,938.38096619,1086.01293945]
[-127.28375244,930.26130676,1069.11425781]
[-128.28004456,928.81607056,1045.35961914]
[-121.99111938,924.39767456,1028.28979492]
[-115.72236633,949.48687744,994.28356934]
[-127.35906219,1024.99014282,934.44799805]
[-128.83865356,1007.98449707,913.93859863]
[-115.34379578,1151.08502197,892.07470703]
[-19.35483551,1200.81204224,869.48999023]
[-117.00907135,1298.18331909,794.83532715]
[-118.00509644,1285.16009521,775.16870117]
[-85.42120361,1341.76391602,751.5201416]
[-67.04194641,1342.39233398,750.82421875]
[-38.54566956,1348.57818604,764.1640625]
[-38.4303093,1345.98132324,753.43273926]
[-35.56685257,1334.42736816,743.37573242]
[-19.49592018,1314.72186279,752.50231934]
[-35.25845718,1288.33215332,739.57043457]
[-21.60473251,1284.04074097,756.27478027]
[-38.41420364,1241.63531494,758.1809082]
[-42.52073288,1191.44760132,774.38122559]
[-52.13663864,1132.55114746,793.6105957]
[-19.56706429,1119.75061035,838.22973633]
[-25.84896278,1117.26947021,844.47094727]
[-86.74266815,810.12940693,1061.87695312]
[-82.58818817,791.11042023,1063.14770508]
[-92.13267517,805.24336767,1079.02124023]
[-96.85816956,750.63710022,1046.6809082]
[-100.06743622,716.16867065,1057.11816406]
[-104.4814682,637.90098572,1086.78515625]
[-108.88465118,585.89801025,1118.00854492]
[-103.93356323,546.60173035,1104.10473633]
[-105.11650848,524.05126953,1111.34472656]
[-96.51851654,527.84054565,1077.39868164]
[-88.80258942,527.94488525,1026.76818848]
[-74.05989838,559.00646973,966.60473633]
[-48.72238159,594.74473572,877.44458008]
[-22.63062859,682.42949677,791.37524414]
[-1.52723682,805.9744978,728.00256348]
[34.96753311,915.04497528,681.84130859]
[67.4970932,1000.53367615,680.32385254]
[64.85811615,1121.93673706,636.12817383]
[72.41426849,1207.42352295,630.06811523]
[77.33061981,1296.40982056,620.78186035]
[70.46430206,1377.56866455,619.29541016]
[63.15567398,1453.55303955,619.32080078]
[56.22982025,1484.17999268,621.8717041]
[38.57991409,1511.16424561,612.52709961]
[-9.2375803,1525.38977051,599.48388672]
[-37.62274933,1526.72631836,610.66394043]
[-50.60516357,1533.88513184,626.62145996]
[-55.66892624,1516.60229492,656.94458008]
[-81.68534851,1504.18945312,657.3125]
[-84.80774689,1462.32116699,676.67175293]
[-120.2971344,1460.88018799,751.95898438]
[-121.47891998,1405.00531006,788.25537109]
[-125.3628006,1346.45397949,796.37927246]
[-87.3908844,1203.60464478,813.71289062]
[-75.02509308,1143.95401001,864.70349121]
[-84.27635956,1005.39578247,946.9432373]
[-78.67258453,948.0789032,922.21972656]
[-98.24308777,927.02474213,906.99072266]
[-96.27590942,904.7328186,907.04406738]
[-118.07405853,896.66621399,899.63513184]
[-156.54393005,891.70423126,843.43566895]
[-175.83422852,898.41311646,803.0213623]
[-143.1756134,815.14114475,805.55651855]
[-159.95837402,897.31684875,655.96630859]
[-145.87327576,907.67206573,594.73608398]
[-113.76406097,924.86797333,569.16845703]
[-84.74542236,961.73309326,491.87597656]
[-41.54039001,1011.47821045,450.3885498]
[-29.0762291,1059.48144531,411.5402832]
[-2.7641058,1104.82049561,419.38378906]
[28.39182281,1179.62301636,409.92749023]
[17.10704994,1228.91625977,392.92236328]
[24.11475754,1298.94543457,423.01525879]
[6.20554399,1325.23712158,481.98974609]
[-18.73595238,1358.42059326,432.84790039]
[-51.50946808,1351.93395996,424.21508789]
[-71.0406189,1357.67895508,420.55432129]
[-64.68060303,1365.47564697,553.05566406]
[-105.64250946,1375.54376221,593.52307129]
[-234.47824097,1279.2276001,568.63037109]
[-221.57707214,1215.28857422,564.14331055]
[-256.12435913,1188.49404907,581.30151367]
[-303.35821533,1202.95870972,559.87841797]
[-344.68563843,1188.11294556,492.17883301]
[-382.35974121,1236.07598877,513.13769531]
[-399.57098389,1304.00479126,511.6451416]
[-415.41885376,1344.37286377,527.27270508]
[-417.75671387,1407.33862305,487.19897461]
[-419.24072266,1434.98828125,463.92956543]
[-408.58602905,1449.52679443,433.92077637]
[-405.6496582,1463.35449219,390.59313965]
[-389.06173706,1455.54260254,350.2253418]
[-360.23150635,1445.91680908,312.0078125]
[-335.46206665,1416.99578857,277.50720215]
[-279.11105347,1419.02026367,258.55664062]
[-238.88088989,1370.9753418,258.68103027]
[-187.70288086,1317.83526611,226.83508301]
[-163.51473999,1269.22973633,306.58312988]
[-139.32437134,1253.19570923,318.83764648]
[-172.84074402,1251.32250977,359.64746094]
[-182.15917969,1197.72131348,385.32666016]
[-191.62985229,1191.03329468,408.43457031]
[-177.76612854,1124.99588013,475.54956055]
[-164.41204834,1126.35754395,447.00842285]
[-178.76852417,1137.61407471,467.24597168]
[-197.39050293,1149.11108398,492.51501465]
[-204.47215271,1150.96835327,505.27807617]
[-190.93869019,1055.02011108,462.17272949]
[-215.73036194,1094.76202393,542.27880859]
[-217.38360596,1036.91326904,431.390625]
[-240.21286011,1061.04483032,565.85351562]
[-165.25137329,1162.28994751,398.92663574]
[-76.74427795,1049.38244629,364.66870117]
[-65.38700104,1001.25613403,372.04968262]
[-18.832407,931.15705872,318.94519043]
[-63.09711838,918.73467255,308.27124023]
[-54.67847061,914.76818085,374.10327148]
[-57.34706116,932.97937012,377.25927734]
[-66.22556305,983.70956421,382.38452148]
[-65.92631531,1045.40620422,393.31152344]
[-64.92827606,1106.09265137,409.18200684]
[-53.37508011,1138.11782837,418.9666748]
[-46.9264679,1232.23483276,413.88671875]
[4.20054197,1310.47445679,426.06530762]
[4.15795755,1319.19250488,433.32177734]
[187.78834534,1368.32086182,614.12097168]
[185.63052368,1415.7467041,575.83898926]
[205.65658569,1425.54522705,540.13317871]
[206.90075684,1434.75823975,505.31176758]
[199.64302063,1436.50830078,478.11108398]
[183.4617157,1425.15319824,465.54638672]
[214.048172,1412.71960449,451.05786133]
[224.1010437,1377.82189941,447.80871582]
[233.79385376,1340.07147217,467.9074707]
[227.09713745,1287.86080933,477.53649902]
[240.44168091,1242.13623047,506.06616211]
[231.23394775,1225.41345215,530.34106445]
[208.58369446,1221.48895264,559.06811523]
[186.44921875,1240.36175537,584.48010254]
[163.54412842,1242.42648315,620.10864258]
[152.17475891,1269.84963989,627.35021973]
[149.90457153,1286.43234253,640.63220215]
[160.80433655,1299.47634888,642.81384277]
[179.12898254,1295.64593506,632.03210449]
[175.05169678,1286.94500732,629.98071289]
[169.23536682,1268.6802063,604.88171387]
[137.33442688,1255.42398071,598.08459473]
[108.55956268,1242.09207153,609.46472168]
[66.17910004,1222.06185913,571.75439453]
[40.73692322,1254.69458008,615.8392334]
[-20.08595276,1241.3649292,595.06970215]
[-45.53312683,1249.75164795,630.99816895]
[-74.44511414,1260.1645813,665.55566406]
[-99.86682129,1322.61724854,671.35302734]
[-115.15908051,1368.55926514,704.00708008]
[-117.57837677,1407.10821533,734.86730957]
[-123.61615753,1439.42871094,750.90270996]
[-129.65104675,1448.49707031,777.57641602]
[-137.72201538,1467.27270508,792.40942383]
[-137.46047974,1479.9621582,810.63989258]
[-140.12190247,1478.64764404,817.04089355]
[-140.36212158,1469.68225098,821.08984375]
[-140.20051575,1469.74938965,822.45983887]
[-131.83752441,1469.27624512,830.15600586]
[-132.87220764,1464.73461914,830.93371582]
[-135.99475098,1459.69549561,816.01342773]
[-144.27331543,1441.86523438,790.90673828]
[-179.40776062,1446.86633301,796.59484863]
[-162.21554565,1388.12890625,740.29797363]
[-144.80691528,1336.37554932,709.37585449]
[-154.19935608,1306.62750244,688.07861328]
[-158.64434814,1212.86212158,673.32678223]
[-165.04673767,1154.37435913,680.87182617]
[-123.96598816,1106.31954956,710.13549805]
[-118.17170715,1066.99954224,745.28674316]
[-101.7257843,1051.73321533,773.16601562]
[-92.54845428,995.5838623,837.8782959]
[-86.89668274,956.21212769,896.27600098]
[-70.13291168,969.97918701,963.68505859]
[-51.13707352,967.04472351,1032.44799805]
[-39.79571152,969.63288879,1108.91650391]
[-32.57268524,979.88511658,1185.95410156]
[-16.99565697,981.07055664,1255.80908203]
[-3.19025111,975.08482361,1323.82446289]
[11.21022892,975.72816467,1375.79980469]
[24.1306057,989.41572571,1413.13110352]
[44.93259811,989.92811584,1439.27734375]
[84.49404907,980.06246948,1332.19287109]
[82.23467255,970.60765076,1306.05297852]
[87.89750671,984.00186157,1326.55810547]
[128.86412048,1007.35641479,1293.9519043]
[128.39601135,1005.98066711,1290.18237305]
[117.40251923,1025.72332764,1256.52294922]
[85.29154205,1032.02456665,1261.79003906]
[78.22001648,1033.39201355,1282.87255859]
[36.23265457,1015.16096497,1315.00146484]
[25.62217712,1012.53967285,1291.08422852]
[-10.84163761,1057.40856934,1276.67211914]
[-19.13074493,1045.29025269,1231.59130859]
[-30.61789513,1012.15026855,1153.64428711]
[-37.84467316,996.58039856,1113.7253418]
[-74.21921539,998.62046814,1050.69970703]
[-65.54712677,1030.68417358,973.17431641]
[-129.7479248,1020.70835876,873.81896973]
[-145.91047668,1022.92381287,785.79968262]
[-165.08010864,1042.84570312,717.76306152]
[-187.58103943,1013.78735352,637.8236084]
[-195.22137451,989.90963745,576.94458008]
[-150.61968994,1015.06976318,498.96435547]
[-140.07478333,1060.52099609,428.51586914]
[-89.8915863,1095.8366394,394.9095459]
[-62.81998062,1114.57919312,331.4029541]
[-42.2806282,1139.48065186,293.66455078]
[7.00148773,1167.36471558,263.18884277]
[37.78668976,1169.84222412,238.89599609]
[99.41016388,1183.09030151,259.5645752]
[119.15523529,1204.54925537,265.47021484]
[195.9702301,1197.14685059,303.02111816]
[247.5582428,1191.42425537,367.99682617]
[275.10549927,1209.44836426,445.06945801]
[289.39248657,1155.57287598,512.96203613]
[264.49291992,1122.88195801,575.85327148]
[252.83798218,1117.15093994,603.5949707]
[216.68254089,1084.29776001,654.50390625]
[195.17272949,1081.52520752,658.4152832]
[175.32369995,1069.99511719,633.62683105]
[0,0,0]
[0,0,0]
[0,0,0]
[0,0,0]
[0,0,0]
[0,0,0]
[0,0,0]
[0,0,0]
[0,0,0]
[0,0,0]
[0,0,0]
[0,0,0]
[0,0,0]
[0,0,0]
[0,0,0]
[0,0,0]
[0,0,0]
[0,0,0]
[0,0,0]
[0,0,0]
[0,0,0]
[0,0,0]
[0,0,0]
[0,0,0]
[0,0,0]
[0,0,0]
[0,0,0]
[0,0,0]
[0,0,0]
[0,0,0]
[0,0,0]
[0,0,0]
[0,0,0]
[0,0,0]
[0,0,0]
[0,0,0]
[0,0,0]
[0,0,0]
[0,0,0]
[0,0,0]
[0,0,0]
[0,0,0]
[0,0,0]
[0,0,0]
[0,0,0]
[0,0,0]
[0,0,0]
[0,0,0]
[0,0,0]
[0,0,0]
[0,0,0]
[0,0,0]
[0,0,0]
[0,0,0]
[0,0,0]
[0,0,0]
[0,0,0]
[0,0,0]
[0,0,0]
[0,0,0]
[0,0,0]
[0,0,0]
[0,0,0]
[0,0,0]
[0,0,0]
[0,0,0]
[0,0,0]
[0,0,0]
[0,0,0]
[0,0,0]
[0,0,0]
[0,0,0]
[0,0,0]
[0,0,0]
[0,0,0]
[0,0,0]
[0,0,0]
[0,0,0]
[0,0,0]
[0,0,0]
[0,0,0]
[0,0,0]
[0,0,0]
[0,0,0]
[0,0,0]
[0,0,0]
[0,0,0]
[0,0,0]
[0,0,0]
[0,0,0]
[0,0,0]
[0,0,0]
[0,0,0]
[0,0,0]
[0,0,0]
[0,0,0]
[0,0,0]
[0,0,0]
[0,0,0]
[0,0,0]
[0,0,0]
[0,0,0]
[0,0,0]
[0,0,0]
[0,0,0]
[0,0,0]
[0,0,0]
[0,0,0]
[0,0,0]
[0,0,0]
[0,0,0]
[0,0,0]
[0,0,0]
[0,0,0]
[0,0,0]
[0,0,0]
[0,0,0]
[0,0,0]
[0,0,0]
[0,0,0]
[0,0,0]
[0,0,0]
[0,0,0]
[0,0,0]
[0,0,0]
[0,0,0]
[0,0,0]
[0,0,0]
[0,0,0]
[0,0,0]
[0,0,0]
[0,0,0]
[0,0,0]
[0,0,0]
[0,0,0]
[0,0,0]
[0,0,0]
[0,0,0]
[0,0,0]
[0,0,0]
[0,0,0]
[0,0,0]
[0,0,0]
[0,0,0]
[0,0,0]
[0,0,0]
[0,0,0]
[0,0,0]
[0,0,0]
[0,0,0]
[0,0,0]
[0,0,0]
[0,0,0]
[0,0,0]
[0,0,0]
[0,0,0]
[0,0,0]
[0,0,0]
[0,0,0]
[0,0,0]
[0,0,0]
[0,0,0]
[0,0,0]
[0,0,0]
[0,0,0]
[0,0,0]
[0,0,0]
[0,0,0]
[0,0,0]
[0,0,0]
[0,0,0]
[0,0,0]
[0,0,0]
[0,0,0]
[0,0,0]
[0,0,0]
[0,0,0]
[0,0,0]
[0,0,0]
[0,0,0]
[0,0,0]
[0,0,0]
[0,0,0]
[0,0,0]
[0,0,0]
[0,0,0]
[0,0,0]
[0,0,0]
[0,0,0]
[0,0,0]
[0,0,0]
[0,0,0]
[0,0,0]
[0,0,0]
[0,0,0]
[0,0,0]
[0,0,0]
[0,0,0]
[0,0,0]
[0,0,0]
[0,0,0]
[0,0,0]
[0,0,0]
[0,0,0]
[0,0,0]
[0,0,0]
[0,0,0]
[0,0,0]
[0,0,0]
[0,0,0]
[0,0,0]
[0,0,0]
[0,0,0]
[0,0,0]
[0,0,0]
[0,0,0]
[0,0,0]
[0,0,0]
[0,0,0]
[0,0,0]
[0,0,0]
[0,0,0]
[0,0,0]
[0,0,0]
[0,0,0]
[0,0,0]
[0,0,0]
[0,0,0]
[0,0,0]
[0,0,0]
[0,0,0]
[0,0,0]
[0,0,0]
[0,0,0]
[0,0,0]
[0,0,0]
[0,0,0]
[0,0,0]
[0,0,0]
[0,0,0]
[0,0,0]
[0,0,0]
[0,0,0]
[0,0,0]
[0,0,0]
[0,0,0]
[0,0,0]
[0,0,0]
[0,0,0]
[0,0,0]
[0,0,0]
[0,0,0]
[0,0,0]
[0,0,0]
[0,0,0]
[0,0,0]
[0,0,0]
[0,0,0]
[0,0,0]
[0,0,0]
[0,0,0]
[0,0,0]
[0,0,0]
[0,0,0]
[0,0,0]
[0,0,0]
[0,0,0]
[0,0,0]
[0,0,0]
[0,0,0]
[0,0,0]
[0,0,0]
[0,0,0]
[0,0,0]
[0,0,0]
[0,0,0]
[0,0,0]
[0,0,0]
[0,0,0]
[0,0,0]
[0,0,0]
[0,0,0]
[0,0,0]
[0,0,0]
[0,0,0]
[0,0,0]
[0,0,0]
[0,0,0]
[0,0,0]
[0,0,0]
[0,0,0]
[0,0,0]
[0,0,0]
[0,0,0]
[0,0,0]
[0,0,0]
[0,0,0]
[0,0,0]
[0,0,0]
[0,0,0]
[0,0,0]
[0,0,0]
[0,0,0]
[0,0,0]
[0,0,0]
[0,0,0]
[0,0,0]
[0,0,0]
[0,0,0]
[0,0,0]
[0,0,0]
[0,0,0]
[0,0,0]
[0,0,0]
[0,0,0]
[0,0,0]
[0,0,0]
[0,0,0]
[0,0,0]
[0,0,0]
[0,0,0]
[0,0,0]
[0,0,0]
[0,0,0]
[0,0,0]
[0,0,0]
[0,0,0]
[0,0,0]
[0,0,0]
[0,0,0]
[0,0,0]
[0,0,0]
[0,0,0]
[0,0,0]
[0,0,0]
[0,0,0]
[0,0,0]
[0,0,0]
[0,0,0]
[0,0,0]
[0,0,0]
[0,0,0]
[0,0,0]
[0,0,0]
[0,0,0]
[0,0,0]
[0,0,0]
[0,0,0]
[0,0,0]
[0,0,0]
[0,0,0]
[0,0,0]
[0,0,0]
[0,0,0]
[0,0,0]
[0,0,0]
[0,0,0]
[0,0,0]
[0,0,0]
[0,0,0]
[0,0,0]
[0,0,0]
[0,0,0]
[0,0,0]
[0,0,0]
[0,0,0]
[0,0,0]
[0,0,0]
[0,0,0]
[0,0,0]
[0,0,0]
[0,0,0]
[0,0,0]
[0,0,0]
[0,0,0]
[0,0,0]
[0,0,0]
[0,0,0]
[0,0,0]
[0,0,0]
[0,0,0]
[0,0,0]
[0,0,0]
[0,0,0]
[0,0,0]
[0,0,0]
[0,0,0]
[0,0,0]
[0,0,0]
[0,0,0]
[0,0,0]
[0,0,0]
[0,0,0]
[0,0,0]
[0,0,0]
[0,0,0]
[0,0,0]
[0,0,0]
[0,0,0]
[0,0,0]
[0,0,0]
[0,0,0]
[0,0,0]
[0,0,0]
[0,0,0]
[0,0,0]
[0,0,0]
[0,0,0]
[0,0,0]
[0,0,0]
[0,0,0]
[0,0,0]
[0,0,0]
[0,0,0]
[0,0,0]
[0,0,0]
[0,0,0]
[0,0,0]
[0,0,0]
[0,0,0]
[0,0,0]
[0,0,0]
[0,0,0]
[0,0,0]
[0,0,0]
[0,0,0]
[0,0,0]
[0,0,0]
[0,0,0]
[0,0,0]
[0,0,0]
[0,0,0]
[0,0,0]
[0,0,0]
[0,0,0]
[0,0,0]
[0,0,0]
[0,0,0]
[0,0,0]
[0,0,0]
[0,0,0]
[0,0,0]
[0,0,0]
[0,0,0]
[0,0,0]
[0,0,0]
[0,0,0]
[0,0,0]
[0,0,0]
[0,0,0]
[0,0,0]
[0,0,0]
