452
30
[137.75868225097656, -193.10650634765625, 2045.183837890625]
[139.40139770507812, -190.53416442871094, 2045.897705078125]
[143.42942810058594, -189.1570281982422, 2045.968017578125]
[145.58534240722656, -187.55616760253906, 2045.5081787109375]
[152.04302978515625, -184.54202270507812, 2045.2142333984375]
[159.76162719726562, -185.59446716308594, 2045.625732421875]
[161.9369354248047, -185.7626495361328, 2045.34716796875]
[170.67874145507812, -188.900390625, 2046.8997802734375]
[172.7281494140625, -188.30381774902344, 2046.8922119140625]
[178.1853485107422, -187.45704650878906, 2045.075927734375]
[179.6933135986328, -186.60003662109375, 2045.4381103515625]
[184.31581115722656, -185.5135955810547, 2043.610595703125]
[186.0638885498047, -185.39280700683594, 2044.1181640625]
[187.06912231445312, -185.09349060058594, 2044.250732421875]
[192.9466094970703, -184.35382080078125, 2043.8900146484375]
[195.47093200683594, -184.68409729003906, 2044.059326171875]
[196.02658081054688, -184.85020446777344, 2043.537109375]
[197.66648864746094, -183.5915985107422, 2042.7418212890625]
[198.302001953125, -183.380126953125, 2042.4842529296875]
[201.69625854492188, -182.538330078125, 2035.8046875]
[210.2042999267578, -183.0106964111328, 2037.9669189453125]
[209.9371795654297, -184.8686981201172, 2037.27099609375]
[208.89198303222656, -183.59605407714844, 2034.716796875]
[209.35333251953125, -183.1623992919922, 2032.4847412109375]
[208.7764129638672, -183.41236877441406, 2031.0693359375]
[208.25180053710938, -181.90988159179688, 2028.3646240234375]
[207.55189514160156, -181.00889587402344, 2024.863525390625]
[208.02481079101562, -180.07147216796875, 2025.5987548828125]
[206.23963928222656, -178.70620727539062, 2025.0093994140625]
[200.5325927734375, -176.830078125, 2020.2359619140625]
[200.28758239746094, -176.98776245117188, 2019.288330078125]
[200.23565673828125, -176.9948272705078, 2019.193359375]
[200.1677703857422, -176.82237243652344, 2019.0484619140625]
[197.39639282226562, -174.28872680664062, 2023.7088623046875]
[196.87960815429688, -174.39645385742188, 2025.616455078125]
[196.40505981445312, -172.02334594726562, 2030.8773193359375]
[196.42520141601562, -171.9791259765625, 2030.865234375]
[189.77098083496094, -170.95849609375, 2048.271240234375]
[183.12686157226562, -164.82948303222656, 2054.220947265625]
[182.1116943359375, -166.42225646972656, 2062.948974609375]
[176.3224639892578, -168.95709228515625, 2064.7578125]
[167.36480712890625, -173.17718505859375, 2064.968505859375]
[159.13192749023438, -177.97076416015625, 2064.88916015625]
[144.96588134765625, -181.1450653076172, 2055.80908203125]
[140.35101318359375, -182.05389404296875, 2052.26611328125]
[129.16433715820312, -179.68894958496094, 2043.8392333984375]
[123.41259765625, -178.60305786132812, 2039.2958984375]
[111.43765258789062, -176.04470825195312, 2024.587158203125]
[99.29114532470703, -173.43006896972656, 2013.2911376953125]
[91.54512023925781, -168.4601593017578, 2002.653564453125]
[75.79183959960938, -167.1874542236328, 1993.164794921875]
[67.16551208496094, -162.82736206054688, 1998.3089599609375]
[47.186012268066406, -150.3449249267578, 1997.1922607421875]
[42.40864181518555, -149.141845703125, 1989.18408203125]
[31.951486587524414, -152.02560424804688, 1985.965087890625]
[30.081357955932617, -154.23550415039062, 1979.99169921875]
[28.660797119140625, -159.2211456298828, 1970.2296142578125]
[31.248491287231445, -170.5721435546875, 1962.102294921875]
[30.599102020263672, -180.2122344970703, 1952.3511962890625]
[34.6718864440918, -186.62921142578125, 1938.28076171875]
[41.47515106201172, -190.863037109375, 1923.3756103515625]
[54.7056884765625, -199.8512725830078, 1912.5858154296875]
[58.82286834716797, -201.1503448486328, 1906.88525390625]
[65.74856567382812, -200.49220275878906, 1898.5792236328125]
[72.93590545654297, -187.46144104003906, 1882.4639892578125]
[83.05690002441406, -185.79241943359375, 1861.0880126953125]
[93.69930267333984, -182.8196563720703, 1848.585693359375]
[100.52738189697266, -182.2791748046875, 1843.1019287109375]
[121.12522888183594, -176.83352661132812, 1841.5860595703125]
[124.88931274414062, -176.1500244140625, 1844.2852783203125]
[145.0667266845703, -160.30563354492188, 1849.5574951171875]
[151.36724853515625, -156.921630859375, 1847.4371337890625]
[157.7860107421875, -160.2935028076172, 1837.8336181640625]
[161.4864501953125, -162.1628875732422, 1836.49072265625]
[175.01568603515625, -170.81150817871094, 1827.00048828125]
[177.0956268310547, -184.8546600341797, 1816.374267578125]
[181.49099731445312, -192.7391815185547, 1813.73291015625]
[185.31581115722656, -201.85243225097656, 1796.24072265625]
[188.2726593017578, -206.86322021484375, 1786.113525390625]
[189.7067413330078, -200.02281188964844, 1772.770263671875]
[186.23895263671875, -203.89199829101562, 1765.3409423828125]
[171.8588409423828, -204.0598602294922, 1756.901123046875]
[170.66339111328125, -198.4510955810547, 1754.4683837890625]
[181.49282836914062, -184.82435607910156, 1765.911865234375]
[201.3174591064453, -176.18768310546875, 1796.7596435546875]
[200.90283203125, -161.8744659423828, 1811.227783203125]
[179.228759765625, -146.71266174316406, 1820.394287109375]
[176.86573791503906, -143.8723602294922, 1816.1778564453125]
[156.8525848388672, -142.07005310058594, 1806.4454345703125]
[156.0714874267578, -143.89102172851562, 1805.0701904296875]
[135.28797912597656, -145.29017639160156, 1791.6741943359375]
[135.27560424804688, -153.32334899902344, 1783.1002197265625]
[134.40760803222656, -156.0582275390625, 1778.6085205078125]
[127.72270965576172, -174.64678955078125, 1754.822509765625]
[109.86351776123047, -191.8178253173828, 1742.0821533203125]
[91.61034393310547, -204.9622344970703, 1728.406005859375]
[82.90492248535156, -209.890625, 1717.71728515625]
[84.63262176513672, -207.0580291748047, 1710.1796875]
[79.02903747558594, -203.81573486328125, 1699.2945556640625]
[79.78459930419922, -182.92286682128906, 1691.469482421875]
[71.68894958496094, -161.59848022460938, 1681.6895751953125]
[70.8092041015625, -147.2446746826172, 1672.4647216796875]
[68.88475799560547, -129.17105102539062, 1665.23583984375]
[73.72840118408203, -132.13345336914062, 1656.8624267578125]
[76.1543960571289, -139.62318420410156, 1659.4527587890625]
[77.36300659179688, -148.2105712890625, 1658.7110595703125]
[76.01261901855469, -161.45408630371094, 1669.1773681640625]
[77.93928527832031, -169.1573028564453, 1679.9703369140625]
[93.28035736083984, -173.08135986328125, 1688.28173828125]
[103.16206359863281, -173.51296997070312, 1700.6287841796875]
[107.68661499023438, -170.25445556640625, 1708.6475830078125]
[120.09536743164062, -157.08079528808594, 1721.971435546875]
[150.27587890625, -137.79493713378906, 1726.8035888671875]
[153.98301696777344, -125.66146087646484, 1724.8323974609375]
[158.22425842285156, -129.8434295654297, 1718.7412109375]
[161.17431640625, -130.58331298828125, 1724.67578125]
[166.61680603027344, -134.1107635498047, 1722.9013671875]
[171.61544799804688, -150.91213989257812, 1709.887451171875]
[169.5169677734375, -160.07138061523438, 1706.9853515625]
[170.0002899169922, -163.1129913330078, 1709.9193115234375]
[169.17662048339844, -170.21893310546875, 1712.6328125]
[171.06175231933594, -175.2185516357422, 1712.504150390625]
[173.87806701660156, -180.8293914794922, 1716.0247802734375]
[175.29588317871094, -180.0932159423828, 1718.98095703125]
[176.02088928222656, -180.09841918945312, 1717.8349609375]
[177.880859375, -180.20217895507812, 1717.576416015625]
[169.16122436523438, -181.2938995361328, 1723.5714111328125]
[167.2086944580078, -174.91976928710938, 1729.9017333984375]
[178.89878845214844, -159.8170166015625, 1728.419189453125]
[188.63973999023438, -153.0078887939453, 1720.427001953125]
[204.64169311523438, -137.31236267089844, 1713.6409912109375]
[212.01840209960938, -128.5531463623047, 1713.9185791015625]
[223.10873413085938, -115.57857513427734, 1737.673583984375]
[217.6978302001953, -109.56470489501953, 1743.6063232421875]
[198.18299865722656, -112.71865844726562, 1753.0618896484375]
[184.77439880371094, -123.72820281982422, 1760.9560546875]
[174.4584197998047, -133.35302734375, 1779.6181640625]
[160.8890838623047, -146.3870391845703, 1795.0478515625]
[145.55975341796875, -157.7681427001953, 1812.81005859375]
[130.233642578125, -175.2611846923828, 1828.65771484375]
[120.23045349121094, -182.2235565185547, 1839.4329833984375]
[103.80606842041016, -183.60476684570312, 1847.5550537109375]
[91.33184814453125, -178.56954956054688, 1846.5570068359375]
[67.11113739013672, -164.02064514160156, 1850.193603515625]
[52.62943649291992, -149.78668212890625, 1851.66015625]
[32.826263427734375, -123.14221954345703, 1853.1553955078125]
[21.834209442138672, -115.7985610961914, 1852.635009765625]
[14.029561996459961, -114.47025299072266, 1858.21142578125]
[7.913961887359619, -121.57146453857422, 1854.4949951171875]
[4.4473185539245605, -127.26350402832031, 1850.8328857421875]
[0.329434871673584, -135.3356170654297, 1846.39697265625]
[-4.978515148162842, -145.84466552734375, 1838.709228515625]
[-5.378246307373047, -154.73849487304688, 1832.376953125]
[-7.705002784729004, -161.44186401367188, 1827.0394287109375]
[-16.855709075927734, -172.75006103515625, 1817.0484619140625]
[-18.16632652282715, -175.09262084960938, 1809.9559326171875]
[-18.582895278930664, -176.40890502929688, 1802.0826416015625]
[-17.009035110473633, -181.96434020996094, 1794.3023681640625]
[-16.481548309326172, -182.6968994140625, 1777.806396484375]
[-21.96162223815918, -172.3663787841797, 1756.530029296875]
[-20.8060302734375, -166.1480712890625, 1738.355224609375]
[-20.088926315307617, -155.25721740722656, 1724.90576171875]
[-25.056488037109375, -136.52975463867188, 1719.9820556640625]
[-34.80646896362305, -119.81632232666016, 1703.4564208984375]
[-42.256473541259766, -106.00283813476562, 1685.4605712890625]
[-55.046363830566406, -107.4471435546875, 1663.518798828125]
[-57.52708053588867, -114.28860473632812, 1639.8685302734375]
[-63.69709396362305, -129.52976989746094, 1610.1268310546875]
[-71.81644439697266, -135.28004455566406, 1578.4974365234375]
[-78.1745834350586, -147.65093994140625, 1546.7275390625]
[-82.94437408447266, -152.67347717285156, 1523.582275390625]
[-89.80890655517578, -150.44073486328125, 1507.5548095703125]
[-90.55795288085938, -145.0183563232422, 1484.9813232421875]
[-90.99600982666016, -127.88973999023438, 1474.32080078125]
[-83.20984649658203, -122.27824401855469, 1444.740234375]
[-84.1453628540039, -121.59223937988281, 1438.61669921875]
[-74.90495300292969, -136.4744873046875, 1399.7000732421875]
[-79.58841705322266, -135.15740966796875, 1414.489501953125]
[-83.87661743164062, -142.3860321044922, 1378.260986328125]
[-89.0992202758789, -144.6357421875, 1371.3179931640625]
[-104.59607696533203, -150.1204833984375, 1331.0595703125]
[-100.36908721923828, -151.0832061767578, 1309.3359375]
[-101.71231079101562, -154.1831512451172, 1312.4813232421875]
[-102.79349517822266, -138.90028381347656, 1347.0126953125]
[-96.7960433959961, -149.48487854003906, 1325.939697265625]
[-88.19464111328125, -153.29153442382812, 1341.7930908203125]
[-75.01544189453125, -147.64480590820312, 1403.1068115234375]
[-56.502098083496094, -158.46580505371094, 1410.2823486328125]
[-50.45537567138672, -158.82546997070312, 1390.349365234375]
[-47.58958435058594, -148.6541748046875, 1398.5152587890625]
[-45.66202163696289, -137.93023681640625, 1429.3916015625]
[-42.885093688964844, -133.5968780517578, 1466.782470703125]
[-36.03798294067383, -140.07273864746094, 1492.481689453125]
[-28.52638053894043, -144.44638061523438, 1525.2462158203125]
[-27.282148361206055, -144.5817108154297, 1567.557861328125]
[-22.69359016418457, -142.8448028564453, 1600.9195556640625]
[-18.79202651977539, -130.863037109375, 1638.9041748046875]
[-7.295586109161377, -133.8042449951172, 1671.3914794921875]
[3.20883846282959, -141.52723693847656, 1697.718505859375]
[17.509437561035156, -155.99290466308594, 1722.777099609375]
[27.834877014160156, -169.11326599121094, 1747.8695068359375]
[32.51034164428711, -177.89576721191406, 1768.976318359375]
[37.936275482177734, -184.97457885742188, 1790.798095703125]
[46.778594970703125, -186.34573364257812, 1815.0980224609375]
[56.64742660522461, -188.8377227783203, 1835.8287353515625]
[69.14221954345703, -189.34400939941406, 1854.51611328125]
[71.62798309326172, -187.93850708007812, 1871.1829833984375]
[93.51747131347656, -184.3190460205078, 1899.986083984375]
[99.93297576904297, -182.3717041015625, 1932.18017578125]
[105.19026947021484, -175.31143188476562, 1961.3626708984375]
[117.44952392578125, -169.0525360107422, 1988.5823974609375]
[120.45780944824219, -152.9843292236328, 2005.9276123046875]
[131.9612274169922, -148.30337524414062, 2025.9208984375]
[144.7267608642578, -157.8896026611328, 2038.602783203125]
[149.19888305664062, -166.40554809570312, 2045.5863037109375]
[156.32191467285156, -183.93685913085938, 2051.66748046875]
[167.3817596435547, -203.90164184570312, 2054.884033203125]
[176.89663696289062, -226.12852478027344, 2059.83154296875]
[184.58993530273438, -237.6147003173828, 2063.2890625]
[188.50747680664062, -238.14222717285156, 2064.207763671875]
[195.86976623535156, -227.61483764648438, 2062.433349609375]
[204.96202087402344, -216.48805236816406, 2066.24072265625]
[205.39315795898438, -192.3491973876953, 2074.250732421875]
[202.97463989257812, -177.8972930908203, 2084.4755859375]
[209.67613220214844, -169.29263305664062, 2098.1806640625]
[210.29937744140625, -170.75564575195312, 2099.01318359375]
[214.26121520996094, -173.87405395507812, 2099.727783203125]
[218.9528350830078, -175.45492553710938, 2087.254638671875]
[240.7010955810547, -190.49124145507812, 2092.937255859375]
[248.36924743652344, -198.00836181640625, 2101.40576171875]
[236.32008361816406, -216.6367950439453, 2089.6201171875]
[229.393310546875, -238.83660888671875, 2102.62890625]
[225.03036499023438, -269.7445373535156, 2106.684814453125]
[215.45297241210938, -292.843017578125, 2110.684326171875]
[216.66273498535156, -303.32220458984375, 2128.288330078125]
[217.18443298339844, -307.3876647949219, 2134.57470703125]
[220.57212829589844, -297.150390625, 2136.447509765625]
[224.5753936767578, -280.17645263671875, 2134.900390625]
[221.93321228027344, -261.17401123046875, 2142.76416015625]
[214.7577667236328, -236.7378387451172, 2161.28076171875]
[210.98812866210938, -195.50067138671875, 2169.627685546875]
[208.4479217529297, -177.4613037109375, 2178.1728515625]
[208.70977783203125, -164.85189819335938, 2190.7578125]
[206.63368225097656, -155.12533569335938, 2198.580810546875]
[217.14488220214844, -137.43560791015625, 2216.583984375]
[222.9607696533203, -122.75457763671875, 2223.040771484375]
[224.51260375976562, -104.5951919555664, 2231.191650390625]
[222.67410278320312, -77.59561920166016, 2245.116943359375]
[221.36419677734375, -66.43041229248047, 2239.763671875]
[217.886962890625, -32.222347259521484, 2242.127685546875]
[220.1476287841797, -2.7960526943206787, 2253.1435546875]
[224.45591735839844, 29.08089256286621, 2253.876953125]
[228.59898376464844, 51.86179733276367, 2253.30517578125]
[232.26541137695312, 82.38617706298828, 2261.41357421875]
[227.83860778808594, 95.47406768798828, 2264.89697265625]
[228.94363403320312, 98.01878356933594, 2271.369384765625]
[230.13609313964844, 96.8201904296875, 2276.196533203125]
[233.43321228027344, 93.46187591552734, 2265.099609375]
[238.43524169921875, 78.27776336669922, 2262.98779296875]
[245.3255157470703, 62.27045440673828, 2255.568359375]
[245.7607421875, 48.16047286987305, 2248.032470703125]
[246.72425842285156, 25.006105422973633, 2233.094970703125]
[245.58460998535156, -6.115113258361816, 2230.33349609375]
[245.37911987304688, -46.894527435302734, 2217.2392578125]
[239.94314575195312, -91.5187759399414, 2200.361328125]
[239.80162048339844, -147.79600524902344, 2186.00244140625]
[239.51910400390625, -197.0157012939453, 2158.264892578125]
[228.8433380126953, -246.32545471191406, 2137.37451171875]
[227.8578338623047, -287.9424743652344, 2120.172119140625]
[227.85296630859375, -302.466064453125, 2110.8232421875]
[221.7397918701172, -334.11456298828125, 2102.731689453125]
[221.9745330810547, -343.438232421875, 2098.402099609375]
[226.66006469726562, -340.32135009765625, 2095.715087890625]
[224.40013122558594, -319.1924133300781, 2085.258056640625]
[229.6096649169922, -305.8711853027344, 2085.4111328125]
[224.4105987548828, -261.0757751464844, 2080.728759765625]
[218.55941772460938, -228.35617065429688, 2105.7490234375]
[215.8695831298828, -201.8615264892578, 2089.426513671875]
[216.19256591796875, -181.3889617919922, 2081.490234375]
[205.47332763671875, -157.87745666503906, 2059.8017578125]
[201.413818359375, -141.77537536621094, 2048.93798828125]
[194.0318145751953, -135.2120361328125, 2032.907470703125]
[190.7374267578125, -124.87763214111328, 2013.1156005859375]
[189.42349243164062, -125.75128936767578, 1989.921630859375]
[179.9279327392578, -126.69248962402344, 1965.7164306640625]
[167.92633056640625, -132.19915771484375, 1966.0238037109375]
[160.0054473876953, -134.077392578125, 1964.73974609375]
[157.55075073242188, -129.70004272460938, 1942.9310302734375]
[158.42860412597656, -137.00927734375, 1912.0235595703125]
[159.5105438232422, -149.90667724609375, 1883.948974609375]
[160.1442413330078, -150.69598388671875, 1847.7725830078125]
[158.80567932128906, -150.6862335205078, 1834.86279296875]
[150.5578155517578, -153.56312561035156, 1804.874755859375]
[151.72723388671875, -158.66148376464844, 1819.8790283203125]
[148.8550262451172, -159.43048095703125, 1800.89794921875]
[150.2688446044922, -164.96267700195312, 1770.0654296875]
[153.51446533203125, -162.90847778320312, 1734.11376953125]
[168.3079833984375, -170.0537109375, 1698.9114990234375]
[165.614990234375, -164.7895965576172, 1678.8460693359375]
[168.3165740966797, -160.69479370117188, 1634.8682861328125]
[170.96316528320312, -167.41436767578125, 1579.8143310546875]
[167.45867919921875, -156.4556427001953, 1540.603759765625]
[168.9180450439453, -145.10499572753906, 1513.8360595703125]
[168.60240173339844, -128.08990478515625, 1487.647216796875]
[169.29200744628906, -122.61206817626953, 1473.650390625]
[175.7365264892578, -110.25465393066406, 1471.8409423828125]
[174.22666931152344, -107.44847869873047, 1466.2811279296875]
[174.53663635253906, -109.10941314697266, 1465.0399169921875]
[175.3700408935547, -111.63976287841797, 1464.75048828125]
[178.26150512695312, -118.6797103881836, 1460.095703125]
[183.57752990722656, -126.89729309082031, 1456.181396484375]
[183.58938598632812, -135.3113250732422, 1449.898681640625]
[180.10818481445312, -136.52386474609375, 1449.043212890625]
[180.90304565429688, -140.9850311279297, 1442.9261474609375]
[180.66416931152344, -147.676025390625, 1438.4881591796875]
[174.61045837402344, -153.1896209716797, 1433.95751953125]
[170.06460571289062, -156.9139862060547, 1421.537353515625]
[169.17959594726562, -155.57469177246094, 1409.93505859375]
[165.97251892089844, -152.61997985839844, 1401.886962890625]
[156.66749572753906, -153.28451538085938, 1396.1749267578125]
[138.6098175048828, -158.16574096679688, 1404.5980224609375]
[126.06573486328125, -154.39401245117188, 1412.7432861328125]
[116.09412384033203, -150.43902587890625, 1426.08642578125]
[117.47278594970703, -147.0374755859375, 1442.4654541015625]
[112.22151184082031, -142.9825897216797, 1446.89013671875]
[87.99618530273438, -122.77299499511719, 1468.1802978515625]
[93.92594909667969, -122.46224212646484, 1466.9970703125]
[73.97576904296875, -130.62210083007812, 1462.302978515625]
[62.072025299072266, -137.01953125, 1459.005126953125]
[46.08827209472656, -148.6346435546875, 1456.6060791015625]
[39.823726654052734, -165.60572814941406, 1452.9698486328125]
[32.13418197631836, -188.88047790527344, 1447.6185302734375]
[18.186918258666992, -206.7222442626953, 1436.0213623046875]
[4.114050388336182, -221.49649047851562, 1424.1407470703125]
[-18.042835235595703, -228.52108764648438, 1411.6768798828125]
[-42.77338409423828, -242.5713653564453, 1397.4215087890625]
[-73.27043151855469, -250.72833251953125, 1399.205810546875]
[-115.5264663696289, -230.77569580078125, 1432.4688720703125]
[-137.83404541015625, -214.5684051513672, 1432.518798828125]
[-170.9564971923828, -191.04623413085938, 1448.2576904296875]
[-195.6397247314453, -168.462646484375, 1459.8255615234375]
[-210.0239715576172, -149.0863037109375, 1461.76904296875]
[-216.7340087890625, -138.22488403320312, 1459.07373046875]
[-224.5212860107422, -128.8650360107422, 1457.4525146484375]
[-246.2819366455078, -134.0349578857422, 1471.2120361328125]
[-262.71405029296875, -139.9396514892578, 1482.7010498046875]
[-271.0216064453125, -142.103515625, 1490.61279296875]
[-277.67181396484375, -152.15914916992188, 1497.632568359375]
[-287.35400390625, -160.24595642089844, 1505.1822509765625]
[-286.66705322265625, -168.7682647705078, 1514.7010498046875]
[-284.455078125, -171.4169158935547, 1519.6971435546875]
[-276.716796875, -187.31399536132812, 1529.668212890625]
[-275.97821044921875, -187.12734985351562, 1545.0198974609375]
[-269.5701599121094, -185.97137451171875, 1568.851318359375]
[-258.89862060546875, -176.1830596923828, 1587.477783203125]
[-251.26719665527344, -172.4355010986328, 1606.5399169921875]
[-252.2366943359375, -163.39218139648438, 1623.082275390625]
[-247.46873474121094, -149.9627227783203, 1628.036376953125]
[-241.4578857421875, -136.9416961669922, 1658.6654052734375]
[-226.53428649902344, -142.27989196777344, 1695.446533203125]
[-214.6963653564453, -142.09515380859375, 1712.7442626953125]
[-169.9567108154297, -153.0787353515625, 1754.273193359375]
[-130.96693420410156, -169.0903778076172, 1777.4344482421875]
[-113.29568481445312, -186.61363220214844, 1792.9906005859375]
[-81.06798553466797, -210.69989013671875, 1804.5714111328125]
[-66.53040313720703, -227.7115478515625, 1815.331787109375]
[-49.98548889160156, -238.3421173095703, 1833.190185546875]
[-22.099048614501953, -244.81875610351562, 1844.3089599609375]
[-5.867321014404297, -250.93931579589844, 1860.06787109375]
[22.741044998168945, -250.45242309570312, 1862.9727783203125]
[52.94331359863281, -242.47750854492188, 1854.642822265625]
[76.65738677978516, -224.7810821533203, 1853.0089111328125]
[94.37132263183594, -204.60743713378906, 1858.0347900390625]
[117.9703598022461, -183.73927307128906, 1858.41552734375]
[135.3852081298828, -163.56149291992188, 1854.3629150390625]
[148.0717010498047, -152.72496032714844, 1848.6566162109375]
[159.5620880126953, -146.3858642578125, 1857.1785888671875]
[169.85777282714844, -150.81134033203125, 1875.5712890625]
[177.3843536376953, -158.37026977539062, 1885.71923828125]
[182.2646484375, -163.4768524169922, 1894.3739013671875]
[191.10072326660156, -173.68475341796875, 1910.0269775390625]
[204.11538696289062, -179.86245727539062, 1922.502197265625]
[212.24716186523438, -195.04075622558594, 1939.65478515625]
[215.5144805908203, -195.2695770263672, 1953.7188720703125]
[220.5675811767578, -199.77171325683594, 1970.3564453125]
[223.2356719970703, -205.03500366210938, 1994.4732666015625]
[222.8441925048828, -202.3179931640625, 2008.3482666015625]
[224.78565979003906, -196.96493530273438, 2019.004638671875]
[227.6587371826172, -192.64218139648438, 2033.435791015625]
[232.63612365722656, -195.4832305908203, 2052.2431640625]
[239.6650390625, -193.77342224121094, 2059.806396484375]
[239.84217834472656, -188.24061584472656, 2070.015625]
[239.25271606445312, -183.2577362060547, 2084.827392578125]
[242.44686889648438, -182.3035125732422, 2105.233642578125]
[242.3799591064453, -178.33734130859375, 2131.48193359375]
[242.60552978515625, -174.7789306640625, 2143.494384765625]
[248.43138122558594, -177.7520751953125, 2163.852294921875]
[255.03033447265625, -182.7748260498047, 2189.734375]
[255.77073669433594, -191.86990356445312, 2212.25927734375]
[258.37554931640625, -199.33436584472656, 2227.45751953125]
[261.7659606933594, -218.9589080810547, 2235.660400390625]
[269.72900390625, -225.50106811523438, 2236.494384765625]
[272.8616943359375, -231.35818481445312, 2244.400390625]
[278.37054443359375, -237.60177612304688, 2258.617431640625]
[279.56817626953125, -233.6199493408203, 2277.3203125]
[283.0526123046875, -231.19998168945312, 2290.913818359375]
[285.3025207519531, -231.49839782714844, 2307.126953125]
[290.83843994140625, -231.15606689453125, 2309.947509765625]
[296.00732421875, -215.37777709960938, 2309.017578125]
[301.2161865234375, -205.64410400390625, 2314.519287109375]
[308.3628845214844, -188.46302795410156, 2315.28857421875]
[319.31884765625, -170.7982177734375, 2324.395751953125]
[323.6460266113281, -163.45509338378906, 2323.802978515625]
[333.3738098144531, -162.95355224609375, 2316.141357421875]
[335.7887268066406, -164.35525512695312, 2308.906494140625]
[340.4153747558594, -167.27474975585938, 2305.26123046875]
[338.7437438964844, -178.15354919433594, 2299.167236328125]
[339.2262268066406, -183.617919921875, 2298.054931640625]
[332.47821044921875, -196.90660095214844, 2296.072509765625]
[324.9264221191406, -201.3119354248047, 2292.659423828125]
[316.833251953125, -199.38925170898438, 2287.87158203125]
[310.6920166015625, -200.4461212158203, 2286.8046875]
[305.11968994140625, -191.0568389892578, 2283.595703125]
[297.7002258300781, -185.5102081298828, 2284.982177734375]
[289.9974670410156, -178.13641357421875, 2279.091552734375]
[282.6471862792969, -169.76226806640625, 2276.085205078125]
[271.2563781738281, -170.0297088623047, 2273.2626953125]
[260.2353210449219, -167.79537963867188, 2268.628173828125]
[250.83160400390625, -162.6011199951172, 2267.27880859375]
[245.32469177246094, -152.80697631835938, 2248.5927734375]
[239.1724853515625, -142.9712371826172, 2237.29248046875]
[222.83204650878906, -133.04592895507812, 2215.39697265625]
[208.19667053222656, -129.88284301757812, 2195.426513671875]
[195.22557067871094, -129.2550506591797, 2178.699951171875]
[184.56211853027344, -131.85174560546875, 2153.4130859375]
[173.0709686279297, -130.4038848876953, 2134.131591796875]
[166.62159729003906, -134.9448699951172, 2113.7275390625]
[155.97439575195312, -135.64324951171875, 2093.4521484375]
[148.4483642578125, -142.57571411132812, 2080.49951171875]
[139.26174926757812, -147.933349609375, 2068.4892578125]
[132.83285522460938, -144.58450317382812, 2048.069091796875]
[126.23259735107422, -148.47071838378906, 2024.3690185546875]
[116.33016967773438, -149.23985290527344, 2000.5350341796875]
[110.03736877441406, -146.68069458007812, 1982.050048828125]
[94.04961395263672, -136.27813720703125, 1958.571044921875]
[81.43104553222656, -129.9319305419922, 1931.650146484375]
[66.89614868164062, -129.5343017578125, 1917.794189453125]
[55.93755340576172, -127.3722915649414, 1897.3109130859375]
[54.07044982910156, -129.7405548095703, 1890.7327880859375]
[37.44184494018555, -134.25271606445312, 1851.8746337890625]
[33.23596954345703, -141.2046661376953, 1830.2291259765625]
[29.858867645263672, -147.56552124023438, 1806.769287109375]
[0,0,0]
[0,0,0]
[0,0,0]
[0,0,0]
[0,0,0]
[0,0,0]
[0,0,0]
[0,0,0]
[0,0,0]
[0,0,0]
[0,0,0]
[0,0,0]
[0,0,0]
[0,0,0]
[0,0,0]
[0,0,0]
[0,0,0]
[0,0,0]
[0,0,0]
[0,0,0]
[0,0,0]
[0,0,0]
[0,0,0]
[0,0,0]
[0,0,0]
[0,0,0]
[0,0,0]
[0,0,0]
[0,0,0]
[0,0,0]
[0,0,0]
[0,0,0]
[0,0,0]
[0,0,0]
[0,0,0]
[0,0,0]
[0,0,0]
[0,0,0]
[0,0,0]
[0,0,0]
[0,0,0]
[0,0,0]
[0,0,0]
[0,0,0]
[0,0,0]
[0,0,0]
[0,0,0]
[0,0,0]
[0,0,0]
[0,0,0]
[0,0,0]
[0,0,0]
[0,0,0]
[0,0,0]
[0,0,0]
[0,0,0]
[0,0,0]
[0,0,0]
[0,0,0]
[0,0,0]
[0,0,0]
[0,0,0]
[0,0,0]
[0,0,0]
[0,0,0]
[0,0,0]
[0,0,0]
[0,0,0]
[0,0,0]
[0,0,0]
[0,0,0]
[0,0,0]
[0,0,0]
[0,0,0]
[0,0,0]
[0,0,0]
[0,0,0]
[0,0,0]
[0,0,0]
[0,0,0]
[0,0,0]
[0,0,0]
[0,0,0]
[0,0,0]
[0,0,0]
[0,0,0]
[0,0,0]
[0,0,0]
[0,0,0]
[0,0,0]
[0,0,0]
[0,0,0]
[0,0,0]
[0,0,0]
[0,0,0]
[0,0,0]
[0,0,0]
[0,0,0]
[0,0,0]
[0,0,0]
[0,0,0]
[0,0,0]
[0,0,0]
[0,0,0]
[0,0,0]
[0,0,0]
[0,0,0]
[0,0,0]
[0,0,0]
[0,0,0]
[0,0,0]
[0,0,0]
[0,0,0]
[0,0,0]
[0,0,0]
[0,0,0]
[0,0,0]
[0,0,0]
[0,0,0]
[0,0,0]
[0,0,0]
[0,0,0]
[0,0,0]
[0,0,0]
[0,0,0]
[0,0,0]
[0,0,0]
[0,0,0]
[0,0,0]
[0,0,0]
[0,0,0]
[0,0,0]
[0,0,0]
[0,0,0]
[0,0,0]
[0,0,0]
[0,0,0]
[0,0,0]
[0,0,0]
[0,0,0]
[0,0,0]
[0,0,0]
[0,0,0]
[0,0,0]
[0,0,0]
[0,0,0]
[0,0,0]
[0,0,0]
[0,0,0]
[0,0,0]
[0,0,0]
[0,0,0]
[0,0,0]
[0,0,0]
[0,0,0]
[0,0,0]
[0,0,0]
[0,0,0]
[0,0,0]
[0,0,0]
[0,0,0]
[0,0,0]
[0,0,0]
[0,0,0]
[0,0,0]
[0,0,0]
[0,0,0]
[0,0,0]
[0,0,0]
[0,0,0]
[0,0,0]
[0,0,0]
[0,0,0]
[0,0,0]
[0,0,0]
[0,0,0]
[0,0,0]
[0,0,0]
[0,0,0]
[0,0,0]
[0,0,0]
[0,0,0]
[0,0,0]
[0,0,0]
[0,0,0]
[0,0,0]
[0,0,0]
[0,0,0]
[0,0,0]
[0,0,0]
[0,0,0]
[0,0,0]
[0,0,0]
[0,0,0]
[0,0,0]
[0,0,0]
[0,0,0]
[0,0,0]
[0,0,0]
[0,0,0]
[0,0,0]
[0,0,0]
[0,0,0]
[0,0,0]
[0,0,0]
[0,0,0]
[0,0,0]
[0,0,0]
[0,0,0]
[0,0,0]
[0,0,0]
[0,0,0]
[0,0,0]
[0,0,0]
[0,0,0]
[0,0,0]
[0,0,0]
[0,0,0]
[0,0,0]
[0,0,0]
[0,0,0]
[0,0,0]
[0,0,0]
[0,0,0]
[0,0,0]
[0,0,0]
[0,0,0]
[0,0,0]
[0,0,0]
[0,0,0]
[0,0,0]
[0,0,0]
[0,0,0]
[0,0,0]
[0,0,0]
[0,0,0]
[0,0,0]
[0,0,0]
[0,0,0]
[0,0,0]
[0,0,0]
[0,0,0]
[0,0,0]
[0,0,0]
[0,0,0]
[0,0,0]
[0,0,0]
[0,0,0]
[0,0,0]
[0,0,0]
[0,0,0]
[0,0,0]
[0,0,0]
[0,0,0]
[0,0,0]
[0,0,0]
[0,0,0]
[0,0,0]
[0,0,0]
[0,0,0]
[0,0,0]
[0,0,0]
[0,0,0]
[0,0,0]
[0,0,0]
[0,0,0]
[0,0,0]
[0,0,0]
[0,0,0]
[0,0,0]
[0,0,0]
[0,0,0]
[0,0,0]
[0,0,0]
[0,0,0]
[0,0,0]
[0,0,0]
[0,0,0]
[0,0,0]
[0,0,0]
[0,0,0]
[0,0,0]
[0,0,0]
[0,0,0]
[0,0,0]
[0,0,0]
[0,0,0]
[0,0,0]
[0,0,0]
[0,0,0]
[0,0,0]
[0,0,0]
[0,0,0]
[0,0,0]
[0,0,0]
[0,0,0]
[0,0,0]
[0,0,0]
[0,0,0]
[0,0,0]
[0,0,0]
[0,0,0]
[0,0,0]
[0,0,0]
[0,0,0]
[0,0,0]
[0,0,0]
[0,0,0]
[0,0,0]
[0,0,0]
[0,0,0]
[0,0,0]
[0,0,0]
[0,0,0]
[0,0,0]
[0,0,0]
[0,0,0]
[0,0,0]
[0,0,0]
[0,0,0]
[0,0,0]
[0,0,0]
[0,0,0]
[0,0,0]
[0,0,0]
[0,0,0]
[0,0,0]
[0,0,0]
[0,0,0]
[0,0,0]
[0,0,0]
[0,0,0]
[0,0,0]
[0,0,0]
[0,0,0]
[0,0,0]
[0,0,0]
[0,0,0]
[0,0,0]
[0,0,0]
[0,0,0]
[0,0,0]
[0,0,0]
[0,0,0]
[0,0,0]
[0,0,0]
[0,0,0]
[0,0,0]
[0,0,0]
[0,0,0]
[0,0,0]
[0,0,0]
[0,0,0]
[0,0,0]
[0,0,0]
[0,0,0]
[0,0,0]
[0,0,0]
[0,0,0]
[0,0,0]
[0,0,0]
[0,0,0]
[0,0,0]
[0,0,0]
[0,0,0]
[0,0,0]
[0,0,0]
[0,0,0]
[0,0,0]
[0,0,0]
[0,0,0]
[0,0,0]
[0,0,0]
[0,0,0]
[0,0,0]
[0,0,0]
[0,0,0]
[0,0,0]
[0,0,0]
[0,0,0]
[0,0,0]
[0,0,0]
[0,0,0]
[0,0,0]
[0,0,0]
[0,0,0]
[0,0,0]
[0,0,0]
[0,0,0]
[0,0,0]
[0,0,0]
[0,0,0]
[0,0,0]
[0,0,0]
[0,0,0]
[0,0,0]
[0,0,0]
[0,0,0]
[0,0,0]
[0,0,0]
[0,0,0]
[0,0,0]
[0,0,0]
[0,0,0]
[0,0,0]
[0,0,0]
[0,0,0]
[0,0,0]
[0,0,0]
[0,0,0]
[0,0,0]
[0,0,0]
[0,0,0]
[0,0,0]
[0,0,0]
[0,0,0]
[0,0,0]
[0,0,0]
[0,0,0]
[0,0,0]
[0,0,0]
[0,0,0]
[0,0,0]
[0,0,0]
[0,0,0]
[0,0,0]
[0,0,0]
[0,0,0]
[0,0,0]
[0,0,0]
[0,0,0]
[0,0,0]
[0,0,0]
[0,0,0]
[0,0,0]
[0,0,0]
[0,0,0]
[0,0,0]
[0,0,0]
[0,0,0]
[0,0,0]
[0,0,0]
[0,0,0]
[0,0,0]
[0,0,0]
[0,0,0]
[0,0,0]
[0,0,0]
[0,0,0]
[0,0,0]
[0,0,0]
[0,0,0]
