452
12
[137.75868225,993.10650635,1045.18383789]
[139.40139771,990.53416443,1045.89770508]
[143.4294281,989.1570282,1045.96801758]
[145.58534241,987.5561676,1045.50817871]
[152.04302979,984.54202271,1045.2142334]
[159.7616272,985.59446716,1045.62573242]
[161.93693542,985.76264954,1045.34716797]
[170.67874146,988.90039062,1046.89978027]
[172.72814941,988.30381775,1046.89221191]
[178.18534851,987.45704651,1045.07592773]
[179.6933136,986.60003662,1045.43811035]
[184.31581116,985.51359558,1043.6105957]
[186.06388855,985.39280701,1044.11816406]
[187.06912231,985.0934906,1044.25073242]
[192.9466095,984.3538208,1043.89001465]
[195.47093201,984.68409729,1044.05932617]
[196.02658081,984.85020447,1043.53710938]
[197.66648865,983.59159851,1042.74182129]
[198.30200195,983.38012695,1042.48425293]
[201.69625854,982.53833008,1035.8046875]
[210.20429993,983.01069641,1037.96691895]
[209.93717957,984.86869812,1037.27099609]
[208.89198303,983.59605408,1034.71679688]
[209.35333252,983.16239929,1032.48474121]
[208.77641296,983.41236877,1031.06933594]
[208.25180054,981.90988159,1028.36462402]
[207.55189514,981.00889587,1024.86352539]
[208.02481079,980.07147217,1025.59875488]
[206.23963928,978.70620728,1025.00939941]
[200.53259277,976.83007812,1020.23596191]
[200.2875824,976.98776245,1019.28833008]
[200.23565674,976.99482727,1019.19335938]
[200.16777039,976.82237244,1019.04846191]
[197.39639282,974.28872681,1023.7088623]
[196.87960815,974.39645386,1025.61645508]
[196.40505981,972.02334595,1030.87731934]
[196.42520142,971.97912598,1030.86523438]
[189.77098083,970.95849609,1048.27124023]
[183.12686157,964.82948303,1054.22094727]
[182.11169434,966.42225647,1062.94897461]
[176.32246399,968.95709229,1064.7578125]
[167.36480713,973.17718506,1064.96850586]
[159.13192749,977.97076416,1064.88916016]
[144.96588135,981.14506531,1055.80908203]
[140.35101318,982.05389404,1052.26611328]
[129.16433716,979.68894958,1043.8392334]
[123.41259766,978.60305786,1039.29589844]
[111.43765259,976.04470825,1024.5871582]
[99.29114532,973.43006897,1013.2911377]
[91.54512024,968.4601593,1002.65356445]
[75.7918396,967.18745422,993.16479492]
[67.16551208,962.82736206,998.30895996]
[47.18601227,950.34492493,997.19226074]
[42.40864182,949.1418457,989.18408203]
[31.95148659,952.02560425,985.96508789]
[30.08135796,954.23550415,979.99169922]
[28.66079712,959.22114563,970.22961426]
[31.24849129,970.57214355,962.10229492]
[30.59910202,980.2122345,952.35119629]
[34.67188644,986.62921143,938.28076172]
[41.47515106,990.86303711,923.37561035]
[54.70568848,999.85127258,912.58581543]
[58.82286835,1001.15034485,906.88525391]
[65.74856567,1000.49220276,898.57922363]
[72.93590546,987.46144104,882.46398926]
[83.05690002,985.79241943,861.0880127]
[93.69930267,982.81965637,848.58569336]
[100.5273819,982.2791748,843.10192871]
[121.12522888,976.83352661,841.58605957]
[124.88931274,976.15002441,844.28527832]
[145.06672668,960.30563354,849.55749512]
[151.36724854,956.92163086,847.43713379]
[157.78601074,960.29350281,837.83361816]
[161.4864502,962.16288757,836.49072266]
[175.01568604,970.81150818,827.00048828]
[177.09562683,984.85466003,816.37426758]
[181.49099731,992.73918152,813.73291016]
[185.31581116,1001.85243225,796.24072266]
[188.2726593,1006.86322021,786.11352539]
[189.70674133,1000.02281189,772.77026367]
[186.23895264,1003.89199829,765.34094238]
[171.85884094,1004.05986023,756.90112305]
[170.66339111,998.45109558,754.46838379]
[181.49282837,984.82435608,765.91186523]
[201.31745911,976.18768311,796.75964355]
[200.90283203,961.87446594,811.2277832]
[179.22875977,946.71266174,820.39428711]
[176.86573792,943.87236023,816.17785645]
[156.85258484,942.0700531,806.44543457]
[156.07148743,943.89102173,805.07019043]
[135.28797913,945.29017639,791.67419434]
[135.27560425,953.323349,783.10021973]
[134.40760803,956.05822754,778.60852051]
[127.72270966,974.64678955,754.82250977]
[109.86351776,991.81782532,742.08215332]
[91.61034393,1004.9622345,728.40600586]
[82.90492249,1009.890625,717.71728516]
[84.63262177,1007.05802917,710.1796875]
[79.02903748,1003.81573486,699.29455566]
[79.7845993,982.92286682,691.46948242]
[71.68894958,961.59848022,681.6895752]
[70.8092041,947.24467468,672.46472168]
[68.884758,929.17105103,665.23583984]
[73.72840118,932.13345337,656.86242676]
[76.15439606,939.6231842,659.45275879]
[77.36300659,948.21057129,658.71105957]
[76.01261902,961.4540863,669.17736816]
[77.93928528,969.15730286,679.97033691]
[93.28035736,973.08135986,688.28173828]
[103.1620636,973.51296997,700.62878418]
[107.68661499,970.25445557,708.64758301]
[120.09536743,957.08079529,721.97143555]
[150.27587891,937.79493713,726.80358887]
[153.98301697,925.66146088,724.83239746]
[158.22425842,929.84342957,718.74121094]
[161.17431641,930.58331299,724.67578125]
[166.61680603,934.11076355,722.90136719]
[171.615448,950.91213989,709.88745117]
[169.51696777,960.07138062,706.98535156]
[170.00028992,963.11299133,709.91931152]
[169.17662048,970.21893311,712.6328125]
[171.06175232,975.21855164,712.50415039]
[173.87806702,980.82939148,716.02478027]
[175.29588318,980.09321594,718.98095703]
[176.02088928,980.09841919,717.83496094]
[177.88085938,980.20217896,717.57641602]
[169.16122437,981.29389954,723.57141113]
[167.20869446,974.91976929,729.9017334]
[178.89878845,959.8170166,728.41918945]
[188.63973999,953.00788879,720.42700195]
[204.64169312,937.31236267,713.64099121]
[212.0184021,928.55314636,713.9185791]
[223.10873413,915.57857513,737.67358398]
[217.6978302,909.5647049,743.60632324]
[198.18299866,912.71865845,753.06188965]
[184.7743988,923.72820282,760.95605469]
[174.4584198,933.35302734,779.61816406]
[160.88908386,946.38703918,795.04785156]
[145.55975342,957.7681427,812.81005859]
[130.23364258,975.26118469,828.65771484]
[120.23045349,982.22355652,839.4329834]
[103.80606842,983.60476685,847.55505371]
[91.33184814,978.56954956,846.55700684]
[67.11113739,964.02064514,850.19360352]
[52.62943649,949.78668213,851.66015625]
[32.82626343,923.14221954,853.15539551]
[21.83420944,915.7985611,852.63500977]
[14.029562,914.47025299,858.21142578]
[7.91396189,921.57146454,854.49499512]
[4.44731855,927.26350403,850.83288574]
[3.29434872e-01,9.35335617e+02,8.46396973e+02]
[-4.97851515,945.84466553,838.70922852]
[-5.37824631,954.73849487,832.37695312]
[-7.70500278,961.44186401,827.03942871]
[-16.85570908,972.75006104,817.04846191]
[-18.16632652,975.09262085,809.95593262]
[-18.58289528,976.40890503,802.0826416]
[-17.00903511,981.96434021,794.30236816]
[-16.48154831,982.69689941,777.80639648]
[-21.96162224,972.36637878,756.5300293]
[-20.80603027,966.14807129,738.35522461]
[-20.08892632,955.25721741,724.90576172]
[-25.05648804,936.52975464,719.98205566]
[-34.80646896,919.81632233,703.4564209]
[-42.25647354,906.00283813,685.46057129]
[-55.04636383,907.44714355,663.51879883]
[-57.52708054,914.28860474,639.86853027]
[-63.69709396,929.5297699,610.12683105]
[-71.8164444,935.28004456,578.49743652]
[-78.17458344,947.65093994,546.72753906]
[-82.94437408,952.67347717,523.58227539]
[-89.80890656,950.44073486,507.55480957]
[-90.55795288,945.01835632,484.98132324]
[-90.99600983,927.88973999,474.32080078]
[-83.2098465,922.27824402,444.74023438]
[-84.14536285,921.59223938,438.61669922]
[-74.904953,936.4744873,399.70007324]
[-79.58841705,935.15740967,414.48950195]
[-83.87661743,942.3860321,378.26098633]
[-89.09922028,944.63574219,371.31799316]
[-104.59607697,950.1204834,331.05957031]
[-100.36908722,951.08320618,309.3359375]
[-101.71231079,954.18315125,312.48132324]
[-102.79349518,938.90028381,347.01269531]
[-96.7960434,949.48487854,325.93969727]
[-88.19464111,953.29153442,341.79309082]
[-75.01544189,947.64480591,403.10681152]
[-56.50209808,958.46580505,410.28234863]
[-50.45537567,958.82546997,390.34936523]
[-47.58958435,948.6541748,398.51525879]
[-45.66202164,937.93023682,429.39160156]
[-42.88509369,933.59687805,466.7824707]
[-36.03798294,940.07273865,492.48168945]
[-28.52638054,944.44638062,525.24621582]
[-27.28214836,944.58171082,567.55786133]
[-22.69359016,942.84480286,600.91955566]
[-18.79202652,930.86303711,638.9041748]
[-7.29558611,933.804245,671.39147949]
[3.20883846,941.52723694,697.71850586]
[17.50943756,955.99290466,722.77709961]
[27.83487701,969.11326599,747.86950684]
[32.51034164,977.89576721,768.97631836]
[37.93627548,984.97457886,790.7980957]
[46.77859497,986.34573364,815.09802246]
[56.64742661,988.83772278,835.82873535]
[69.14221954,989.3440094,854.51611328]
[71.62798309,987.93850708,871.1829834]
[93.51747131,984.31904602,899.98608398]
[99.93297577,982.3717041,932.18017578]
[105.19026947,975.31143188,961.3626709]
[117.44952393,969.05253601,988.58239746]
[120.45780945,952.98432922,1005.9276123]
[131.96122742,948.30337524,1025.92089844]
[144.72676086,957.88960266,1038.6027832]
[149.19888306,966.4055481,1045.58630371]
[156.32191467,983.93685913,1051.66748047]
[167.38175964,1003.90164185,1054.8840332]
[176.89663696,1026.12852478,1059.83154297]
[184.5899353,1037.61470032,1063.2890625]
[188.50747681,1038.14222717,1064.20776367]
[195.86976624,1027.61483765,1062.43334961]
[204.96202087,1016.48805237,1066.24072266]
[205.39315796,992.34919739,1074.25073242]
[202.97463989,977.89729309,1084.47558594]
[209.6761322,969.29263306,1098.18066406]
[210.29937744,970.75564575,1099.01318359]
[214.26121521,973.87405396,1099.7277832]
[218.95283508,975.45492554,1087.25463867]
[240.70109558,990.49124146,1092.93725586]
[248.36924744,998.00836182,1101.40576172]
[236.32008362,1016.63679504,1089.62011719]
[229.39331055,1038.83660889,1102.62890625]
[225.03036499,1069.74453735,1106.68481445]
[215.45297241,1092.84301758,1110.68432617]
[216.66273499,1103.32220459,1128.28833008]
[217.18443298,1107.38766479,1134.57470703]
[220.5721283,1097.15039062,1136.44750977]
[224.57539368,1080.17645264,1134.90039062]
[221.93321228,1061.17401123,1142.76416016]
[214.75776672,1036.73783875,1161.28076172]
[210.98812866,995.50067139,1169.62768555]
[208.44792175,977.46130371,1178.17285156]
[208.70977783,964.85189819,1190.7578125]
[206.63368225,955.12533569,1198.58081055]
[217.1448822,937.43560791,1216.58398438]
[222.96076965,922.75457764,1223.04077148]
[224.51260376,904.59519196,1231.19165039]
[222.67410278,877.5956192,1245.11694336]
[221.36419678,866.43041229,1239.76367188]
[217.88696289,832.22234726,1242.12768555]
[220.14762878,802.79605269,1253.14355469]
[224.45591736,770.91910744,1253.87695312]
[228.59898376,748.13820267,1253.30517578]
[232.26541138,717.61382294,1261.41357422]
[227.83860779,704.52593231,1264.89697266]
[228.94363403,701.98121643,1271.36938477]
[230.13609314,703.17980957,1276.1965332]
[233.43321228,706.53812408,1265.09960938]
[238.4352417,721.72223663,1262.98779297]
[245.32551575,737.72954559,1255.56835938]
[245.76074219,751.83952713,1248.0324707]
[246.72425842,774.99389458,1233.0949707]
[245.58460999,806.11511326,1230.33349609]
[245.37911987,846.89452744,1217.23925781]
[239.94314575,891.51877594,1200.36132812]
[239.80162048,947.79600525,1186.00244141]
[239.519104,997.01570129,1158.26489258]
[228.84333801,1046.32545471,1137.37451172]
[227.85783386,1087.94247437,1120.17211914]
[227.85296631,1102.46606445,1110.82324219]
[221.73979187,1134.11456299,1102.73168945]
[221.97453308,1143.43823242,1098.40209961]
[226.6600647,1140.3213501,1095.71508789]
[224.40013123,1119.19241333,1085.25805664]
[229.60966492,1105.8711853,1085.41113281]
[224.41059875,1061.07577515,1080.72875977]
[218.55941772,1028.35617065,1105.74902344]
[215.86958313,1001.86152649,1089.42651367]
[216.19256592,981.38896179,1081.49023438]
[205.47332764,957.87745667,1059.80175781]
[201.41381836,941.77537537,1048.93798828]
[194.03181458,935.21203613,1032.9074707]
[190.73742676,924.87763214,1013.11560059]
[189.42349243,925.75128937,989.92163086]
[179.92793274,926.69248962,965.71643066]
[167.92633057,932.19915771,966.02380371]
[160.00544739,934.07739258,964.73974609]
[157.55075073,929.70004272,942.93103027]
[158.42860413,937.00927734,912.02355957]
[159.51054382,949.90667725,883.94897461]
[160.14424133,950.69598389,847.77258301]
[158.80567932,950.68623352,834.86279297]
[150.55781555,953.56312561,804.87475586]
[151.72723389,958.66148376,819.87902832]
[148.85502625,959.43048096,800.89794922]
[150.2688446,964.962677,770.06542969]
[153.51446533,962.90847778,734.11376953]
[168.3079834,970.05371094,698.91149902]
[165.61499023,964.78959656,678.84606934]
[168.3165741,960.6947937,634.86828613]
[170.96316528,967.41436768,579.81433105]
[167.4586792,956.4556427,540.60375977]
[168.91804504,945.10499573,513.83605957]
[168.60240173,928.08990479,487.6472168]
[169.29200745,922.61206818,473.65039062]
[175.73652649,910.25465393,471.84094238]
[174.22666931,907.4484787,466.28112793]
[174.53663635,909.10941315,465.03991699]
[175.37004089,911.63976288,464.75048828]
[178.26150513,918.67971039,460.09570312]
[183.57752991,926.89729309,456.18139648]
[183.58938599,935.31132507,449.89868164]
[180.10818481,936.52386475,449.04321289]
[180.90304565,940.98503113,442.92614746]
[180.66416931,947.67602539,438.48815918]
[174.61045837,953.18962097,433.95751953]
[170.06460571,956.91398621,421.53735352]
[169.17959595,955.57469177,409.93505859]
[165.97251892,952.61997986,401.88696289]
[156.66749573,953.28451538,396.17492676]
[138.6098175,958.16574097,404.59802246]
[126.06573486,954.39401245,412.74328613]
[116.09412384,950.43902588,426.08642578]
[117.47278595,947.03747559,442.4654541]
[112.22151184,942.98258972,446.89013672]
[87.9961853,922.772995,468.18029785]
[93.9259491,922.46224213,466.99707031]
[73.97576904,930.62210083,462.30297852]
[62.0720253,937.01953125,459.00512695]
[46.08827209,948.63464355,456.6060791]
[39.82372665,965.60572815,452.96984863]
[32.13418198,988.88047791,447.61853027]
[18.18691826,1006.72224426,436.0213623]
[4.11405039,1021.49649048,424.14074707]
[-18.04283524,1028.52108765,411.67687988]
[-42.77338409,1042.57136536,397.42150879]
[-73.27043152,1050.72833252,399.20581055]
[-115.52646637,1030.7756958,432.46887207]
[-137.83404541,1014.56840515,432.51879883]
[-170.95649719,991.04623413,448.25769043]
[-195.63972473,968.46264648,459.82556152]
[-210.02397156,949.08630371,461.76904297]
[-216.73400879,938.22488403,459.07373047]
[-224.52128601,928.86503601,457.45251465]
[-246.28193665,934.03495789,471.21203613]
[-262.71405029,939.93965149,482.7010498]
[-271.02160645,942.10351562,490.61279297]
[-277.67181396,952.15914917,497.63256836]
[-287.35400391,960.24595642,505.18225098]
[-286.66705322,968.76826477,514.7010498]
[-284.45507812,971.41691589,519.69714355]
[-276.71679688,987.31399536,529.66821289]
[-275.97821045,987.12734985,545.01989746]
[-269.57015991,985.97137451,568.85131836]
[-258.89862061,976.18305969,587.4777832]
[-251.26719666,972.4355011,606.53991699]
[-252.23669434,963.3921814,623.08227539]
[-247.46873474,949.96272278,628.03637695]
[-241.45788574,936.94169617,658.66540527]
[-226.5342865,942.27989197,695.4465332]
[-214.69636536,942.09515381,712.7442627]
[-169.95671082,953.07873535,754.27319336]
[-130.9669342,969.09037781,777.43444824]
[-113.29568481,986.6136322,792.99060059]
[-81.06798553,1010.69989014,804.57141113]
[-66.53040314,1027.71154785,815.33178711]
[-49.98548889,1038.34211731,833.19018555]
[-22.09904861,1044.8187561,844.30895996]
[-5.86732101,1050.9393158,860.06787109]
[22.741045,1050.4524231,862.97277832]
[52.9433136,1042.47750854,854.64282227]
[76.65738678,1024.78108215,853.00891113]
[94.37132263,1004.60743713,858.03479004]
[117.9703598,983.73927307,858.41552734]
[135.38520813,963.56149292,854.36291504]
[148.07170105,952.72496033,848.65661621]
[159.56208801,946.38586426,857.17858887]
[169.85777283,950.81134033,875.57128906]
[177.38435364,958.37026978,885.71923828]
[182.26464844,963.47685242,894.37390137]
[191.10072327,973.68475342,910.02697754]
[204.11538696,979.86245728,922.50219727]
[212.24716187,995.04075623,939.65478516]
[215.51448059,995.26957703,953.71887207]
[220.56758118,999.77171326,970.35644531]
[223.235672,1005.03500366,994.4732666]
[222.8441925,1002.31799316,1008.3482666]
[224.78565979,996.9649353,1019.00463867]
[227.65873718,992.6421814,1033.43579102]
[232.63612366,995.48323059,1052.24316406]
[239.66503906,993.77342224,1059.80639648]
[239.84217834,988.24061584,1070.015625]
[239.25271606,983.25773621,1084.82739258]
[242.4468689,982.30351257,1105.23364258]
[242.37995911,978.33734131,1131.48193359]
[242.60552979,974.77893066,1143.49438477]
[248.43138123,977.7520752,1163.85229492]
[255.03033447,982.77482605,1189.734375]
[255.77073669,991.86990356,1212.25927734]
[258.37554932,999.33436584,1227.45751953]
[261.76596069,1018.95890808,1235.66040039]
[269.72900391,1025.50106812,1236.49438477]
[272.86169434,1031.35818481,1244.40039062]
[278.37054443,1037.60177612,1258.61743164]
[279.56817627,1033.61994934,1277.3203125]
[283.0526123,1031.19998169,1290.91381836]
[285.30252075,1031.49839783,1307.12695312]
[290.83843994,1031.15606689,1309.94750977]
[296.00732422,1015.3777771,1309.01757812]
[301.21618652,1005.644104,1314.51928711]
[308.36288452,988.46302795,1315.28857422]
[319.31884766,970.79821777,1324.39575195]
[323.64602661,963.45509338,1323.80297852]
[333.37380981,962.95355225,1316.14135742]
[335.78872681,964.35525513,1308.90649414]
[340.41537476,967.27474976,1305.26123047]
[338.7437439,978.15354919,1299.16723633]
[339.22622681,983.61791992,1298.05493164]
[332.47821045,996.90660095,1296.07250977]
[324.92642212,1001.31193542,1292.65942383]
[316.83325195,999.38925171,1287.87158203]
[310.6920166,1000.44612122,1286.8046875]
[305.11968994,991.05683899,1283.59570312]
[297.70022583,985.51020813,1284.98217773]
[289.99746704,978.13641357,1279.09155273]
[282.64718628,969.76226807,1276.08520508]
[271.25637817,970.02970886,1273.26269531]
[260.23532104,967.79537964,1268.62817383]
[250.831604,962.60112,1267.27880859]
[245.32469177,952.80697632,1248.59277344]
[239.17248535,942.97123718,1237.29248047]
[222.83204651,933.04592896,1215.39697266]
[208.19667053,929.88284302,1195.42651367]
[195.22557068,929.25505066,1178.69995117]
[184.56211853,931.85174561,1153.41308594]
[173.07096863,930.40388489,1134.1315918]
[166.62159729,934.94487,1113.72753906]
[155.97439575,935.64324951,1093.45214844]
[148.44836426,942.57571411,1080.49951172]
[139.26174927,947.93334961,1068.48925781]
[132.83285522,944.58450317,1048.0690918]
[126.23259735,948.47071838,1024.36901855]
[116.33016968,949.23985291,1000.53503418]
[110.03736877,946.68069458,982.05004883]
[94.04961395,936.27813721,958.57104492]
[81.43104553,929.93193054,931.65014648]
[66.89614868,929.53430176,917.79418945]
[55.93755341,927.37229156,897.31091309]
[54.07044983,929.74055481,890.73278809]
[37.44184494,934.25271606,851.87463379]
[33.23596954,941.20466614,830.22912598]
[29.85886765,947.56552124,806.76928711]
[0,0,0]
[0,0,0]
[0,0,0]
[0,0,0]
[0,0,0]
[0,0,0]
[0,0,0]
[0,0,0]
[0,0,0]
[0,0,0]
[0,0,0]
[0,0,0]
[0,0,0]
[0,0,0]
[0,0,0]
[0,0,0]
[0,0,0]
[0,0,0]
[0,0,0]
[0,0,0]
[0,0,0]
[0,0,0]
[0,0,0]
[0,0,0]
[0,0,0]
[0,0,0]
[0,0,0]
[0,0,0]
[0,0,0]
[0,0,0]
[0,0,0]
[0,0,0]
[0,0,0]
[0,0,0]
[0,0,0]
[0,0,0]
[0,0,0]
[0,0,0]
[0,0,0]
[0,0,0]
[0,0,0]
[0,0,0]
[0,0,0]
[0,0,0]
[0,0,0]
[0,0,0]
[0,0,0]
[0,0,0]
[0,0,0]
[0,0,0]
[0,0,0]
[0,0,0]
[0,0,0]
[0,0,0]
[0,0,0]
[0,0,0]
[0,0,0]
[0,0,0]
[0,0,0]
[0,0,0]
[0,0,0]
[0,0,0]
[0,0,0]
[0,0,0]
[0,0,0]
[0,0,0]
[0,0,0]
[0,0,0]
[0,0,0]
[0,0,0]
[0,0,0]
[0,0,0]
[0,0,0]
[0,0,0]
[0,0,0]
[0,0,0]
[0,0,0]
[0,0,0]
[0,0,0]
[0,0,0]
[0,0,0]
[0,0,0]
[0,0,0]
[0,0,0]
[0,0,0]
[0,0,0]
[0,0,0]
[0,0,0]
[0,0,0]
[0,0,0]
[0,0,0]
[0,0,0]
[0,0,0]
[0,0,0]
[0,0,0]
[0,0,0]
[0,0,0]
[0,0,0]
[0,0,0]
[0,0,0]
[0,0,0]
[0,0,0]
[0,0,0]
[0,0,0]
[0,0,0]
[0,0,0]
[0,0,0]
[0,0,0]
[0,0,0]
[0,0,0]
[0,0,0]
[0,0,0]
[0,0,0]
[0,0,0]
[0,0,0]
[0,0,0]
[0,0,0]
[0,0,0]
[0,0,0]
[0,0,0]
[0,0,0]
[0,0,0]
[0,0,0]
[0,0,0]
[0,0,0]
[0,0,0]
[0,0,0]
[0,0,0]
[0,0,0]
[0,0,0]
[0,0,0]
[0,0,0]
[0,0,0]
[0,0,0]
[0,0,0]
[0,0,0]
[0,0,0]
[0,0,0]
[0,0,0]
[0,0,0]
[0,0,0]
[0,0,0]
[0,0,0]
[0,0,0]
[0,0,0]
[0,0,0]
[0,0,0]
[0,0,0]
[0,0,0]
[0,0,0]
[0,0,0]
[0,0,0]
[0,0,0]
[0,0,0]
[0,0,0]
[0,0,0]
[0,0,0]
[0,0,0]
[0,0,0]
[0,0,0]
[0,0,0]
[0,0,0]
[0,0,0]
[0,0,0]
[0,0,0]
[0,0,0]
[0,0,0]
[0,0,0]
[0,0,0]
[0,0,0]
[0,0,0]
[0,0,0]
[0,0,0]
[0,0,0]
[0,0,0]
[0,0,0]
[0,0,0]
[0,0,0]
[0,0,0]
[0,0,0]
[0,0,0]
[0,0,0]
[0,0,0]
[0,0,0]
[0,0,0]
[0,0,0]
[0,0,0]
[0,0,0]
[0,0,0]
[0,0,0]
[0,0,0]
[0,0,0]
[0,0,0]
[0,0,0]
[0,0,0]
[0,0,0]
[0,0,0]
[0,0,0]
[0,0,0]
[0,0,0]
[0,0,0]
[0,0,0]
[0,0,0]
[0,0,0]
[0,0,0]
[0,0,0]
[0,0,0]
[0,0,0]
[0,0,0]
[0,0,0]
[0,0,0]
[0,0,0]
[0,0,0]
[0,0,0]
[0,0,0]
[0,0,0]
[0,0,0]
[0,0,0]
[0,0,0]
[0,0,0]
[0,0,0]
[0,0,0]
[0,0,0]
[0,0,0]
[0,0,0]
[0,0,0]
[0,0,0]
[0,0,0]
[0,0,0]
[0,0,0]
[0,0,0]
[0,0,0]
[0,0,0]
[0,0,0]
[0,0,0]
[0,0,0]
[0,0,0]
[0,0,0]
[0,0,0]
[0,0,0]
[0,0,0]
[0,0,0]
[0,0,0]
[0,0,0]
[0,0,0]
[0,0,0]
[0,0,0]
[0,0,0]
[0,0,0]
[0,0,0]
[0,0,0]
[0,0,0]
[0,0,0]
[0,0,0]
[0,0,0]
[0,0,0]
[0,0,0]
[0,0,0]
[0,0,0]
[0,0,0]
[0,0,0]
[0,0,0]
[0,0,0]
[0,0,0]
[0,0,0]
[0,0,0]
[0,0,0]
[0,0,0]
[0,0,0]
[0,0,0]
[0,0,0]
[0,0,0]
[0,0,0]
[0,0,0]
[0,0,0]
[0,0,0]
[0,0,0]
[0,0,0]
[0,0,0]
[0,0,0]
[0,0,0]
[0,0,0]
[0,0,0]
[0,0,0]
[0,0,0]
[0,0,0]
[0,0,0]
[0,0,0]
[0,0,0]
[0,0,0]
[0,0,0]
[0,0,0]
[0,0,0]
[0,0,0]
[0,0,0]
[0,0,0]
[0,0,0]
[0,0,0]
[0,0,0]
[0,0,0]
[0,0,0]
[0,0,0]
[0,0,0]
[0,0,0]
[0,0,0]
[0,0,0]
[0,0,0]
[0,0,0]
[0,0,0]
[0,0,0]
[0,0,0]
[0,0,0]
[0,0,0]
[0,0,0]
[0,0,0]
[0,0,0]
[0,0,0]
[0,0,0]
[0,0,0]
[0,0,0]
[0,0,0]
[0,0,0]
[0,0,0]
[0,0,0]
[0,0,0]
[0,0,0]
[0,0,0]
[0,0,0]
[0,0,0]
[0,0,0]
[0,0,0]
[0,0,0]
[0,0,0]
[0,0,0]
[0,0,0]
[0,0,0]
[0,0,0]
[0,0,0]
[0,0,0]
[0,0,0]
[0,0,0]
[0,0,0]
[0,0,0]
[0,0,0]
[0,0,0]
[0,0,0]
[0,0,0]
[0,0,0]
[0,0,0]
[0,0,0]
[0,0,0]
[0,0,0]
[0,0,0]
[0,0,0]
[0,0,0]
[0,0,0]
[0,0,0]
[0,0,0]
[0,0,0]
[0,0,0]
[0,0,0]
[0,0,0]
[0,0,0]
[0,0,0]
[0,0,0]
[0,0,0]
[0,0,0]
[0,0,0]
[0,0,0]
[0,0,0]
[0,0,0]
[0,0,0]
[0,0,0]
[0,0,0]
[0,0,0]
[0,0,0]
[0,0,0]
[0,0,0]
[0,0,0]
[0,0,0]
[0,0,0]
[0,0,0]
[0,0,0]
[0,0,0]
[0,0,0]
[0,0,0]
[0,0,0]
[0,0,0]
[0,0,0]
[0,0,0]
[0,0,0]
[0,0,0]
[0,0,0]
[0,0,0]
[0,0,0]
[0,0,0]
[0,0,0]
[0,0,0]
[0,0,0]
[0,0,0]
[0,0,0]
[0,0,0]
[0,0,0]
[0,0,0]
[0,0,0]
[0,0,0]
[0,0,0]
[0,0,0]
[0,0,0]
[0,0,0]
[0,0,0]
[0,0,0]
[0,0,0]
[0,0,0]
[0,0,0]
[0,0,0]
[0,0,0]
[0,0,0]
[0,0,0]
[0,0,0]
[0,0,0]
[0,0,0]
[0,0,0]
[0,0,0]
[0,0,0]
[0,0,0]
[0,0,0]
[0,0,0]
[0,0,0]
[0,0,0]
[0,0,0]
[0,0,0]
[0,0,0]
[0,0,0]
[0,0,0]
[0,0,0]
[0,0,0]
[0,0,0]
[0,0,0]
[0,0,0]
[0,0,0]
[0,0,0]
[0,0,0]
[0,0,0]
[0,0,0]
[0,0,0]
[0,0,0]
[0,0,0]
[0,0,0]
[0,0,0]
[0,0,0]
[0,0,0]
