452
30
[147.12786865234375, 222.24966430664062, 2080.164794921875]
[145.96005249023438, 225.7392578125, 2087.96142578125]
[146.76051330566406, 226.86231994628906, 2091.6044921875]
[147.91880798339844, 227.96397399902344, 2095.712890625]
[149.74073791503906, 230.8810577392578, 2099.24755859375]
[155.14151000976562, 230.50474548339844, 2094.322509765625]
[156.3043975830078, 230.0564422607422, 2096.88330078125]
[164.59246826171875, 230.4329376220703, 2091.3037109375]
[166.03372192382812, 230.7847900390625, 2091.642333984375]
[168.24151611328125, 231.13377380371094, 2089.619140625]
[169.1387481689453, 231.6849822998047, 2090.73388671875]
[170.97410583496094, 233.06695556640625, 2091.321044921875]
[171.802490234375, 232.79739379882812, 2093.50732421875]
[172.2963104248047, 233.4429931640625, 2093.593017578125]
[174.8979034423828, 234.462890625, 2094.994140625]
[176.44752502441406, 234.42816162109375, 2094.96240234375]
[176.61410522460938, 234.4917755126953, 2095.43896484375]
[177.13552856445312, 234.74368286132812, 2095.852294921875]
[177.52073669433594, 234.9140625, 2095.5439453125]
[180.35679626464844, 233.94813537597656, 2093.65380859375]
[184.35986328125, 234.8171844482422, 2083.525634765625]
[183.6242218017578, 232.51893615722656, 2079.330322265625]
[184.43572998046875, 233.24839782714844, 2078.540771484375]
[184.47918701171875, 234.1410675048828, 2078.268310546875]
[184.43634033203125, 234.35104370117188, 2074.20361328125]
[183.96482849121094, 236.38418579101562, 2067.736572265625]
[183.7053985595703, 235.98678588867188, 2066.47998046875]
[183.9593505859375, 236.8564910888672, 2067.545654296875]
[183.6567840576172, 237.58811950683594, 2066.371826171875]
[182.26942443847656, 240.3023223876953, 2061.698974609375]
[182.97027587890625, 240.3789825439453, 2059.5234375]
[182.68832397460938, 240.3510284423828, 2059.489501953125]
[182.2653350830078, 240.43209838867188, 2059.51806640625]
[183.32286071777344, 244.64895629882812, 2055.650634765625]
[182.4765625, 246.74069213867188, 2050.64453125]
[181.88040161132812, 246.84860229492188, 2052.526123046875]
[181.77931213378906, 246.88270568847656, 2052.5126953125]
[178.49777221679688, 250.21400451660156, 2048.259521484375]
[178.9797821044922, 252.93099975585938, 2047.584716796875]
[178.02578735351562, 252.36618041992188, 2047.1329345703125]
[177.63975524902344, 247.9505157470703, 2049.865966796875]
[171.56689453125, 246.9159698486328, 2057.486328125]
[166.19131469726562, 241.96311950683594, 2066.8701171875]
[159.7593536376953, 236.8332977294922, 2070.942138671875]
[158.84246826171875, 235.3505859375, 2074.039794921875]
[154.15460205078125, 235.8793487548828, 2074.97802734375]
[150.9281005859375, 238.50521850585938, 2073.096435546875]
[142.10189819335938, 238.8907928466797, 2068.952392578125]
[139.75653076171875, 242.63201904296875, 2060.06689453125]
[139.69430541992188, 244.68008422851562, 2042.4776611328125]
[150.70590209960938, 243.64328002929688, 1994.6776123046875]
[161.4197540283203, 238.94589233398438, 1940.423583984375]
[194.7649383544922, 219.65419006347656, 1870.951416015625]
[214.65737915039062, 184.85760498046875, 1813.802978515625]
[223.2801971435547, 147.07872009277344, 1775.05126953125]
[237.56027221679688, 116.25675964355469, 1745.3309326171875]
[242.08419799804688, 87.0687484741211, 1717.509033203125]
[242.77944946289062, 62.29186248779297, 1692.0828857421875]
[229.07337951660156, 43.40198516845703, 1669.179443359375]
[215.3491973876953, 42.235015869140625, 1643.2359619140625]
[195.29185485839844, 55.24528121948242, 1624.25244140625]
[170.52969360351562, 92.51860046386719, 1635.44873046875]
[170.5972137451172, 109.3461685180664, 1644.53662109375]
[156.06472778320312, 141.15243530273438, 1670.1064453125]
[157.5769805908203, 173.4763641357422, 1697.6788330078125]
[156.50059509277344, 201.2844696044922, 1739.63623046875]
[161.9774932861328, 218.7515411376953, 1778.2757568359375]
[163.59738159179688, 222.17803955078125, 1789.65234375]
[166.85638427734375, 234.96063232421875, 1801.310302734375]
[169.27281188964844, 238.91615295410156, 1804.6990966796875]
[180.41624450683594, 257.8242492675781, 1814.0755615234375]
[188.29428100585938, 259.3149719238281, 1809.0870361328125]
[188.3700714111328, 258.5877685546875, 1801.0186767578125]
[191.02110290527344, 258.1834716796875, 1798.604736328125]
[190.38951110839844, 253.2570037841797, 1792.64990234375]
[190.06219482421875, 238.75733947753906, 1786.7728271484375]
[191.942138671875, 232.67892456054688, 1780.97509765625]
[184.45494079589844, 221.66978454589844, 1766.08837890625]
[171.87132263183594, 218.18592834472656, 1758.921630859375]
[161.50286865234375, 220.4149932861328, 1755.4979248046875]
[146.0301055908203, 218.32322692871094, 1757.6737060546875]
[142.59902954101562, 213.01687622070312, 1769.252685546875]
[135.76141357421875, 217.943603515625, 1771.0648193359375]
[120.00365447998047, 225.0774383544922, 1774.886962890625]
[79.11165618896484, 237.06312561035156, 1760.0819091796875]
[53.74054718017578, 231.36239624023438, 1741.2764892578125]
[-13.669193267822266, 220.35574340820312, 1728.478759765625]
[-28.667837142944336, 212.07720947265625, 1736.049560546875]
[-76.7691421508789, 193.0715789794922, 1724.2620849609375]
[-109.31229400634766, 170.46250915527344, 1727.1072998046875]
[-163.1619110107422, 134.40658569335938, 1719.8939208984375]
[-181.6248016357422, 116.27566528320312, 1720.096923828125]
[-185.63124084472656, 115.03130340576172, 1716.731689453125]
[-180.36630249023438, 115.0274887084961, 1721.1343994140625]
[-162.61276245117188, 135.81964111328125, 1723.478515625]
[-141.71841430664062, 156.33424377441406, 1723.4307861328125]
[-100.6031494140625, 176.48924255371094, 1715.84375]
[-82.40674591064453, 185.24343872070312, 1704.3544921875]
[-43.8195686340332, 199.5057830810547, 1681.549560546875]
[-4.691615581512451, 230.24102783203125, 1663.6270751953125]
[10.99924373626709, 251.1893768310547, 1651.8663330078125]
[13.267419815063477, 264.9940185546875, 1647.7474365234375]
[5.3036065101623535, 285.5640869140625, 1649.4527587890625]
[3.3709332942962646, 282.49920654296875, 1644.338623046875]
[9.131804466247559, 276.45843505859375, 1634.74267578125]
[21.352869033813477, 270.83856201171875, 1649.8397216796875]
[44.05604553222656, 263.47796630859375, 1655.5406494140625]
[55.337589263916016, 259.8730773925781, 1654.871337890625]
[59.373897552490234, 254.9793701171875, 1661.5345458984375]
[59.614044189453125, 257.2172546386719, 1675.966796875]
[60.3300895690918, 258.834716796875, 1692.7738037109375]
[53.949275970458984, 263.6524658203125, 1712.595703125]
[44.4865608215332, 269.3558349609375, 1749.7987060546875]
[45.9609260559082, 270.25030517578125, 1790.412353515625]
[48.88096618652344, 262.63165283203125, 1825.1793212890625]
[52.150962829589844, 258.73834228515625, 1848.432373046875]
[57.57112121582031, 247.44345092773438, 1871.24609375]
[62.335601806640625, 213.72348022460938, 1889.7314453125]
[68.76192474365234, 200.09010314941406, 1901.9893798828125]
[68.36710357666016, 191.43051147460938, 1913.264404296875]
[60.107967376708984, 184.33143615722656, 1915.3101806640625]
[53.42585754394531, 180.9394073486328, 1908.8179931640625]
[40.831939697265625, 180.33795166015625, 1894.8033447265625]
[25.178089141845703, 181.62359619140625, 1875.8720703125]
[16.940399169921875, 187.16648864746094, 1851.426513671875]
[10.414332389831543, 193.0992889404297, 1827.24072265625]
[28.08010482788086, 213.6455535888672, 1789.9608154296875]
[38.460731506347656, 230.067626953125, 1761.6654052734375]
[54.01805114746094, 249.9599151611328, 1742.28369140625]
[84.90837097167969, 251.48316955566406, 1721.0186767578125]
[95.311767578125, 267.7572937011719, 1712.048828125]
[99.61397552490234, 267.06866455078125, 1730.0909423828125]
[89.53759002685547, 277.8811340332031, 1738.1217041015625]
[90.05640411376953, 282.4418029785156, 1738.1414794921875]
[101.59725189208984, 287.18109130859375, 1737.9176025390625]
[106.11619567871094, 282.3138732910156, 1748.79638671875]
[115.70130920410156, 281.3625793457031, 1756.640869140625]
[121.6631851196289, 276.2712707519531, 1769.87744140625]
[132.68911743164062, 271.7863464355469, 1785.9578857421875]
[127.621337890625, 252.6165313720703, 1789.1287841796875]
[125.1731948852539, 243.28785705566406, 1788.199951171875]
[119.8927993774414, 238.64976501464844, 1782.9813232421875]
[110.45752716064453, 240.64263916015625, 1774.485107421875]
[104.1334228515625, 244.93621826171875, 1746.5174560546875]
[107.04669189453125, 248.70700073242188, 1740.2667236328125]
[99.84651184082031, 259.8128967285156, 1702.768798828125]
[95.51168823242188, 262.1881408691406, 1693.69482421875]
[84.0540542602539, 256.0605163574219, 1673.2197265625]
[65.1343765258789, 250.5446014404297, 1668.0347900390625]
[33.89588165283203, 242.01406860351562, 1649.076416015625]
[12.153579711914062, 232.3942413330078, 1637.239501953125]
[-12.046751022338867, 219.95213317871094, 1627.8917236328125]
[-31.13117218017578, 205.9229736328125, 1619.5052490234375]
[-37.1517448425293, 205.811767578125, 1617.4481201171875]
[-54.92424392700195, 188.52386474609375, 1615.7218017578125]
[-62.172218322753906, 194.9807586669922, 1618.44482421875]
[-66.56784057617188, 211.51950073242188, 1644.1279296875]
[-69.46794891357422, 213.81846618652344, 1654.388916015625]
[-69.72368621826172, 220.6290283203125, 1667.6802978515625]
[-69.42422485351562, 242.2742919921875, 1683.82958984375]
[-65.21539306640625, 250.6568145751953, 1697.9012451171875]
[-60.70612335205078, 262.82763671875, 1696.3487548828125]
[-55.61351013183594, 279.35345458984375, 1676.93115234375]
[-55.89216232299805, 294.0057678222656, 1664.4825439453125]
[-49.4161262512207, 307.0526428222656, 1652.0206298828125]
[-52.04610061645508, 307.5498046875, 1640.9151611328125]
[-54.15679168701172, 305.02764892578125, 1635.2060546875]
[-59.5141716003418, 289.6571044921875, 1624.5858154296875]
[-67.50621032714844, 280.58953857421875, 1615.39111328125]
[-71.13304901123047, 264.3140563964844, 1599.152099609375]
[-74.82039642333984, 257.7564392089844, 1564.3275146484375]
[-63.58039474487305, 257.9888610839844, 1495.0535888671875]
[-53.30195999145508, 256.281494140625, 1412.6519775390625]
[-32.885066986083984, 231.11309814453125, 1296.8857421875]
[-21.673276901245117, 184.47244262695312, 1198.8822021484375]
[-14.989272117614746, 145.29110717773438, 1150.5418701171875]
[-13.00844955444336, 57.70167541503906, 1051.3275146484375]
[5.858391761779785, -43.14375686645508, 1031.388671875]
[4.20089054107666, -116.83185577392578, 985.514892578125]
[39.62407302856445, -161.92083740234375, 989.9678344726562]
[5.6274309158325195, -98.83309173583984, 945.4837646484375]
[-25.552234649658203, 14.061197280883789, 949.3309326171875]
[-32.77090835571289, 50.02631378173828, 966.9224853515625]
[-34.97161865234375, 98.46793365478516, 1028.6939697265625]
[-50.275123596191406, -18.481552124023438, 949.9453735351562]
[-34.538291931152344, -78.9513168334961, 957.066162109375]
[51.77178955078125, -158.06640625, 1017.0155639648438]
[49.81300354003906, -95.02068328857422, 1024.8355712890625]
[64.36531066894531, 23.442729949951172, 1049.7158203125]
[52.63829803466797, 120.47882080078125, 1117.1220703125]
[47.08570098876953, 186.99667358398438, 1213.5595703125]
[46.46275329589844, 233.31741333007812, 1317.1275634765625]
[-3.40274715423584, 267.4577331542969, 1418.5565185546875]
[-12.959564208984375, 266.0892333984375, 1503.3577880859375]
[-24.015419006347656, 262.26116943359375, 1579.704833984375]
[-22.986068725585938, 264.5796203613281, 1620.8165283203125]
[-18.810266494750977, 276.26104736328125, 1648.2322998046875]
[-16.102432250976562, 271.6028747558594, 1663.580810546875]
[-3.390577554702759, 265.79461669921875, 1678.969482421875]
[0.13186223804950714, 250.57083129882812, 1704.7452392578125]
[0.1155119389295578, 241.4983367919922, 1730.0869140625]
[-2.555999994277954, 235.24642944335938, 1771.04541015625]
[-2.5822482109069824, 229.92434692382812, 1808.4459228515625]
[0.6877779960632324, 230.59466552734375, 1834.6583251953125]
[7.2897114753723145, 229.88198852539062, 1854.3406982421875]
[12.932929992675781, 228.58778381347656, 1863.55322265625]
[14.61546516418457, 227.00282287597656, 1874.0599365234375]
[27.791515350341797, 226.55474853515625, 1865.5435791015625]
[34.510589599609375, 221.0682373046875, 1854.07861328125]
[42.63136672973633, 210.91531372070312, 1832.6802978515625]
[56.43617248535156, 197.1215057373047, 1805.464111328125]
[78.01927947998047, 189.63815307617188, 1784.503173828125]
[99.44001007080078, 177.1397705078125, 1775.3651123046875]
[103.47086334228516, 170.9841766357422, 1781.1531982421875]
[118.05980682373047, 175.50917053222656, 1801.43701171875]
[138.09600830078125, 178.60696411132812, 1826.5360107421875]
[149.79307556152344, 183.57167053222656, 1871.18896484375]
[180.63316345214844, 176.60043334960938, 1926.791259765625]
[194.22048950195312, 183.69973754882812, 1983.4842529296875]
[210.05812072753906, 190.35574340820312, 2032.0806884765625]
[222.33958435058594, 200.17691040039062, 2077.273681640625]
[225.42959594726562, 211.00149536132812, 2098.0439453125]
[225.81407165527344, 227.8930206298828, 2100.197509765625]
[227.1890869140625, 234.7284698486328, 2083.521484375]
[232.03834533691406, 241.69659423828125, 2063.88427734375]
[227.8533172607422, 235.37271118164062, 2051.553955078125]
[230.0027313232422, 232.68014526367188, 2045.0875244140625]
[228.54014587402344, 232.42539978027344, 2046.23486328125]
[229.35528564453125, 216.7725372314453, 2059.800537109375]
[232.16014099121094, 211.65650939941406, 2066.985595703125]
[231.27334594726562, 198.77584838867188, 2090.359619140625]
[226.81185913085938, 178.30503845214844, 2108.1201171875]
[228.79798889160156, 152.6807861328125, 2124.877197265625]
[226.1026611328125, 131.34396362304688, 2145.262451171875]
[233.7486572265625, 126.86827850341797, 2150.946533203125]
[235.91079711914062, 123.77091979980469, 2148.1455078125]
[240.8874969482422, 136.28900146484375, 2136.66259765625]
[245.6834716796875, 150.3095703125, 2124.15576171875]
[254.79220581054688, 169.1263885498047, 2109.29931640625]
[260.2706298828125, 183.13922119140625, 2078.147216796875]
[256.8441162109375, 212.1617431640625, 2047.0869140625]
[249.19139099121094, 212.17620849609375, 2025.544677734375]
[242.68260192871094, 207.66708374023438, 2000.8677978515625]
[234.06459045410156, 204.07034301757812, 1991.48876953125]
[224.50331115722656, 202.74859619140625, 1975.9486083984375]
[224.018798828125, 213.0516815185547, 1980.953125]
[218.00901794433594, 229.43174743652344, 1994.005126953125]
[219.45672607421875, 251.4006805419922, 2001.5928955078125]
[220.92738342285156, 258.41162109375, 2005.1607666015625]
[229.13815307617188, 277.7857666015625, 2002.4163818359375]
[238.3914031982422, 291.4998779296875, 1998.0494384765625]
[248.37857055664062, 309.7601318359375, 1988.06005859375]
[260.1439514160156, 322.56488037109375, 1981.2725830078125]
[263.8891906738281, 350.4154052734375, 1976.0576171875]
[254.96766662597656, 360.2542724609375, 1976.5201416015625]
[256.896728515625, 357.706787109375, 1978.363525390625]
[256.434814453125, 358.87200927734375, 1980.5386962890625]
[251.15713500976562, 363.37603759765625, 1977.905517578125]
[247.05360412597656, 358.8818664550781, 1978.476318359375]
[238.6061553955078, 351.77410888671875, 1977.6741943359375]
[229.96395874023438, 343.3387145996094, 1971.672119140625]
[226.52731323242188, 336.7252502441406, 1975.0220947265625]
[220.9095916748047, 317.7626037597656, 1973.1531982421875]
[234.80343627929688, 309.5656433105469, 1990.586181640625]
[242.47412109375, 288.38311767578125, 2008.7127685546875]
[254.8972930908203, 258.9810791015625, 2038.7947998046875]
[264.31109619140625, 227.4292449951172, 2072.134033203125]
[252.80039978027344, 177.7659454345703, 2093.865478515625]
[242.9470672607422, 142.20034790039062, 2125.037109375]
[239.9160614013672, 129.1708984375, 2148.840576171875]
[226.73544311523438, 95.03695678710938, 2160.91650390625]
[225.9412078857422, 85.12181091308594, 2162.5009765625]
[226.47674560546875, 87.77424621582031, 2167.470947265625]
[223.95692443847656, 100.78203582763672, 2176.572998046875]
[226.2755889892578, 109.29817199707031, 2188.726318359375]
[218.58193969726562, 138.33090209960938, 2198.906494140625]
[214.5834197998047, 173.0828399658203, 2200.664306640625]
[209.2191162109375, 192.87037658691406, 2195.891845703125]
[209.006591796875, 211.28292846679688, 2196.631591796875]
[205.7658233642578, 226.11842346191406, 2197.942626953125]
[205.0432586669922, 241.52099609375, 2185.009765625]
[208.26123046875, 254.48373413085938, 2163.3115234375]
[191.68975830078125, 270.9944152832031, 2144.81103515625]
[192.82754516601562, 274.3527526855469, 2117.7138671875]
[185.08486938476562, 273.29461669921875, 2086.040771484375]
[201.02053833007812, 282.90509033203125, 2004.119873046875]
[213.09432983398438, 279.11419677734375, 1898.583251953125]
[220.48704528808594, 260.538330078125, 1798.7164306640625]
[219.8248748779297, 211.13168334960938, 1688.2589111328125]
[221.30291748046875, 152.42938232421875, 1606.5032958984375]
[177.96043395996094, 67.50680541992188, 1501.29296875]
[189.75735473632812, 55.37105941772461, 1481.682861328125]
[168.2688446044922, -42.58159637451172, 1410.7559814453125]
[158.46096801757812, -155.5364532470703, 1404.9827880859375]
[145.7384796142578, -163.7873077392578, 1384.8299560546875]
[135.93051147460938, -164.80230712890625, 1355.635009765625]
[130.4139862060547, -141.51153564453125, 1321.5931396484375]
[127.28229522705078, -90.08143615722656, 1297.1962890625]
[128.72390747070312, -37.505550384521484, 1284.453857421875]
[127.34366607666016, 14.1494722366333, 1253.34375]
[131.04747009277344, 131.3626708984375, 1284.279052734375]
[135.07461547851562, 203.18328857421875, 1320.6099853515625]
[137.79798889160156, 244.1548614501953, 1352.9556884765625]
[140.1290283203125, 277.6732177734375, 1372.02490234375]
[143.6842041015625, 278.99786376953125, 1348.8609619140625]
[149.32362365722656, 280.669189453125, 1335.5750732421875]
[154.8782196044922, 282.3892517089844, 1337.5208740234375]
[161.89434814453125, 283.5805358886719, 1338.376708984375]
[161.81211853027344, 281.16363525390625, 1339.4490966796875]
[161.5286407470703, 275.941162109375, 1341.666259765625]
[158.98216247558594, 269.1515808105469, 1345.52685546875]
[158.8335723876953, 260.6416931152344, 1348.1082763671875]
[159.27218627929688, 259.8804931640625, 1347.174072265625]
[151.3957977294922, 259.3955383300781, 1351.6553955078125]
[146.0166473388672, 259.8175964355469, 1358.0570068359375]
[145.36314392089844, 255.3206024169922, 1360.3929443359375]
[134.78744506835938, 250.32424926757812, 1365.0302734375]
[116.21346282958984, 248.93646240234375, 1372.954345703125]
[106.1509017944336, 251.4615020751953, 1370.412841796875]
[93.38331604003906, 250.88417053222656, 1373.115966796875]
[84.19686126708984, 255.9990234375, 1376.3040771484375]
[68.31153106689453, 258.32373046875, 1367.67578125]
[39.89784240722656, 264.2765808105469, 1357.0914306640625]
[7.963254928588867, 242.81338500976562, 1338.9970703125]
[-0.24458765983581543, 238.5823211669922, 1362.9522705078125]
[-129.65835571289062, 208.27120971679688, 1315.3089599609375]
[-172.33685302734375, 169.7847900390625, 1319.5291748046875]
[-251.3359832763672, 92.35952758789062, 1313.6490478515625]
[-286.8994445800781, 60.101898193359375, 1334.46044921875]
[-329.1842041015625, 20.59280776977539, 1362.6556396484375]
[-354.2792053222656, -14.534414291381836, 1391.4017333984375]
[-372.1091003417969, -44.43050765991211, 1420.76220703125]
[-380.22003173828125, -52.12187957763672, 1451.8800048828125]
[-379.161376953125, -33.12054443359375, 1487.5513916015625]
[-368.2494201660156, -7.385224342346191, 1523.5013427734375]
[-333.52471923828125, 36.629512786865234, 1537.7569580078125]
[-319.48974609375, 63.31044387817383, 1549.427734375]
[-294.4730224609375, 139.2592010498047, 1530.8011474609375]
[-283.8056945800781, 159.44602966308594, 1532.3084716796875]
[-256.673095703125, 211.6307373046875, 1517.3304443359375]
[-252.36666870117188, 250.99266052246094, 1511.792236328125]
[-252.6418914794922, 274.8802795410156, 1513.240234375]
[-253.43472290039062, 280.4049377441406, 1513.2216796875]
[-261.8359680175781, 286.66046142578125, 1529.29541015625]
[-264.5346374511719, 284.9128112792969, 1532.0633544921875]
[-269.23065185546875, 282.4592590332031, 1543.926025390625]
[-275.0516052246094, 278.1842346191406, 1541.0380859375]
[-282.3628234863281, 268.2224426269531, 1545.5711669921875]
[-281.4997863769531, 262.4020690917969, 1549.4354248046875]
[-281.552001953125, 250.48553466796875, 1552.82421875]
[-283.337158203125, 246.8897705078125, 1552.3819580078125]
[-285.2198181152344, 223.89710998535156, 1554.9454345703125]
[-283.8498840332031, 225.7848663330078, 1553.0906982421875]
[-280.0518493652344, 228.89825439453125, 1551.4129638671875]
[-272.15289306640625, 235.78407287597656, 1559.3643798828125]
[-269.8770751953125, 238.77386474609375, 1575.8192138671875]
[-267.5242919921875, 253.27166748046875, 1624.2952880859375]
[-271.2980651855469, 262.2015380859375, 1696.5955810546875]
[-259.76220703125, 255.28761291503906, 1785.0244140625]
[-244.2764892578125, 252.0758514404297, 1829.147216796875]
[-180.1720428466797, 252.40272521972656, 1847.84716796875]
[-41.45647430419922, 226.4611358642578, 1879.3494873046875]
[62.79170608520508, 162.78807067871094, 1941.826416015625]
[99.81175231933594, 144.38714599609375, 1938.588623046875]
[184.08096313476562, 93.59204864501953, 1911.3411865234375]
[222.10105895996094, 63.23386764526367, 1889.3270263671875]
[267.2646179199219, 28.23887825012207, 1861.1474609375]
[295.7998352050781, 20.125822067260742, 1836.9256591796875]
[295.6512756347656, 31.3133602142334, 1810.3262939453125]
[292.4985046386719, 59.468536376953125, 1802.0928955078125]
[279.8157043457031, 98.69927215576172, 1806.63427734375]
[265.7984313964844, 145.31739807128906, 1824.22705078125]
[250.41539001464844, 181.0935516357422, 1845.2735595703125]
[229.62330627441406, 217.22671508789062, 1858.886962890625]
[223.0338134765625, 238.22515869140625, 1884.91357421875]
[219.16848754882812, 250.5575408935547, 1898.6483154296875]
[220.30760192871094, 258.1490783691406, 1902.4464111328125]
[226.1802520751953, 259.4045715332031, 1908.97412109375]
[232.820556640625, 256.43951416015625, 1913.69091796875]
[225.6829376220703, 253.55136108398438, 1934.9588623046875]
[222.65187072753906, 244.87684631347656, 1961.861572265625]
[229.67002868652344, 231.73634338378906, 1970.282958984375]
[225.09182739257812, 221.38902282714844, 1989.5758056640625]
[225.28948974609375, 217.3144073486328, 2007.8402099609375]
[228.2190704345703, 210.8854522705078, 2029.5177001953125]
[231.42727661132812, 207.42332458496094, 2041.230712890625]
[232.76739501953125, 209.6149444580078, 2056.342529296875]
[233.00071716308594, 215.26612854003906, 2071.15087890625]
[232.1586456298828, 222.8599853515625, 2091.343505859375]
[236.129638671875, 227.34201049804688, 2089.53564453125]
[238.31752014160156, 233.00686645507812, 2075.21533203125]
[238.8336944580078, 239.12066650390625, 2057.401611328125]
[245.54510498046875, 239.29876708984375, 2020.33642578125]
[245.10328674316406, 221.62142944335938, 1980.61181640625]
[237.78944396972656, 181.32113647460938, 1910.591552734375]
[227.01829528808594, 147.28408813476562, 1880.6676025390625]
[214.23521423339844, 90.82463073730469, 1852.9219970703125]
[185.55511474609375, 32.770694732666016, 1850.6424560546875]
[168.6227264404297, -15.614151954650879, 1855.6416015625]
[151.1449737548828, -46.367584228515625, 1864.517822265625]
[157.1156768798828, -47.6328125, 1880.0147705078125]
[154.54380798339844, -40.949344635009766, 1889.106201171875]
[165.49685668945312, -3.7169008255004883, 1921.913818359375]
[176.3170928955078, 41.43048858642578, 1976.6541748046875]
[202.16464233398438, 86.59185791015625, 2029.671630859375]
[241.48797607421875, 126.76256561279297, 2085.526611328125]
[267.06475830078125, 152.33349609375, 2152.03759765625]
[292.3871765136719, 174.8479766845703, 2232.306640625]
[317.5146484375, 199.4237060546875, 2293.001953125]
[333.9976501464844, 206.1840362548828, 2338.38623046875]
[341.1767272949219, 217.10702514648438, 2363.87060546875]
[352.842041015625, 233.67190551757812, 2369.916015625]
[355.2002868652344, 238.5945587158203, 2366.4482421875]
[350.49688720703125, 242.02186584472656, 2348.129638671875]
[350.3129577636719, 238.6621551513672, 2332.282470703125]
[352.6570739746094, 241.90115356445312, 2328.13525390625]
[355.5050354003906, 228.7391357421875, 2313.697998046875]
[354.7478942871094, 226.12030029296875, 2313.941162109375]
[353.6049499511719, 212.243408203125, 2304.99072265625]
[349.4258728027344, 210.70687866210938, 2307.198486328125]
[348.49517822265625, 212.26060485839844, 2305.038330078125]
[348.4251403808594, 211.5171356201172, 2306.810302734375]
[346.7391662597656, 216.98533630371094, 2308.510498046875]
[345.91082763671875, 221.19979858398438, 2307.21240234375]
[339.80010986328125, 225.74517822265625, 2306.41748046875]
[338.1433410644531, 234.5734100341797, 2304.388916015625]
[329.23895263671875, 234.21214294433594, 2289.36572265625]
[320.9236145019531, 237.91529846191406, 2271.931640625]
[303.229248046875, 240.7947235107422, 2222.076416015625]
[288.8333435058594, 245.8014678955078, 2171.133544921875]
[273.6348571777344, 239.9701385498047, 2095.53662109375]
[262.658447265625, 248.3803253173828, 2069.419921875]
[238.29803466796875, 226.78025817871094, 1999.3240966796875]
[215.7716064453125, 217.37527465820312, 1964.473388671875]
[195.3538055419922, 203.4893798828125, 1925.7646484375]
[179.50892639160156, 213.80020141601562, 1917.5906982421875]
[156.31991577148438, 214.57289123535156, 1899.809814453125]
[144.85313415527344, 218.18157958984375, 1888.3739013671875]
[126.83960723876953, 217.9849395751953, 1884.4176025390625]
[113.56143188476562, 222.79913330078125, 1885.8480224609375]
[92.73384857177734, 245.39259338378906, 1895.203369140625]
[85.13888549804688, 248.64476013183594, 1895.5611572265625]
[81.65766143798828, 252.68507385253906, 1894.8328857421875]
[58.38423538208008, 261.5644226074219, 1897.341064453125]
[49.456085205078125, 276.54547119140625, 1890.6064453125]
[45.63187789916992, 281.6860656738281, 1880.9913330078125]
[56.2236328125, 282.65118408203125, 1858.1141357421875]
[60.13373947143555, 281.4621276855469, 1848.9263916015625]
[60.99013137817383, 279.398193359375, 1840.8612060546875]
[80.06214904785156, 271.19158935546875, 1834.6082763671875]
[63.7370719909668, 262.58544921875, 1832.6976318359375]
[49.60314178466797, 257.4588623046875, 1829.8388671875]
