452
30
[147.12786865, 577.75033569, 1080.16479492]
[145.96005249, 574.26074219, 1087.96142578]
[146.76051331, 573.13768005, 1091.60449219]
[147.91880798, 572.036026, 1095.71289062]
[149.74073792, 569.11894226, 1099.24755859]
[155.14151001, 569.49525452, 1094.32250977]
[156.30439758, 569.94355774, 1096.88330078]
[164.59246826, 569.56706238, 1091.30371094]
[166.03372192, 569.21520996, 1091.64233398]
[168.24151611, 568.8662262, 1089.61914062]
[169.13874817, 568.3150177, 1090.73388672]
[170.97410583, 566.93304443, 1091.32104492]
[171.80249023, 567.2026062, 1093.50732422]
[172.29631042, 566.55700684, 1093.59301758]
[174.89790344, 565.53710938, 1094.99414062]
[176.44752502, 565.57183838, 1094.96240234]
[176.61410522, 565.50822449, 1095.43896484]
[177.13552856, 565.25631714, 1095.85229492]
[177.52073669, 565.0859375, 1095.54394531]
[180.35679626, 566.05186462, 1093.65380859]
[184.35986328, 565.18281555, 1083.52563477]
[183.6242218, 567.48106384, 1079.33032227]
[184.43572998, 566.75160217, 1078.54077148]
[184.47918701, 565.8589325, 1078.26831055]
[184.43634033, 565.6489563, 1074.20361328]
[183.96482849, 563.61581421, 1067.73657227]
[183.70539856, 564.01321411, 1066.47998047]
[183.95935059, 563.14350891, 1067.5456543]
[183.65678406, 562.41188049, 1066.37182617]
[182.26942444, 559.69767761, 1061.69897461]
[182.97027588, 559.62101746, 1059.5234375]
[182.68832397, 559.64897156, 1059.48950195]
[182.26533508, 559.56790161, 1059.51806641]
[183.32286072, 555.3510437, 1055.65063477]
[182.4765625, 553.25930786, 1050.64453125]
[181.88040161, 553.15139771, 1052.52612305]
[181.77931213, 553.11729431, 1052.51269531]
[178.49777222, 549.78599548, 1048.25952148]
[178.9797821, 547.06900024, 1047.5847168]
[178.02578735, 547.63381958, 1047.13293457]
[177.63975525, 552.04948425, 1049.8659668]
[171.56689453, 553.08403015, 1057.48632812]
[166.1913147, 558.03688049, 1066.87011719]
[159.75935364, 563.16670227, 1070.94213867]
[158.84246826, 564.64941406, 1074.03979492]
[154.15460205, 564.12065125, 1074.97802734]
[150.92810059, 561.49478149, 1073.09643555]
[142.10189819, 561.10920715, 1068.95239258]
[139.75653076, 557.36798096, 1060.06689453]
[139.69430542, 555.31991577, 1042.47766113]
[150.7059021, 556.35671997, 994.6776123]
[161.41975403, 561.05410767, 940.42358398]
[194.76493835, 580.34580994, 870.95141602]
[214.65737915, 615.14239502, 813.80297852]
[223.28019714, 652.92127991, 775.05126953]
[237.56027222, 683.74324036, 745.33093262]
[242.084198, 712.93125153, 717.5090332]
[242.77944946, 737.70813751, 692.08288574]
[229.07337952, 756.59801483, 669.17944336]
[215.34919739, 757.76498413, 643.23596191]
[195.29185486, 744.75471878, 624.25244141]
[170.5296936, 707.48139954, 635.44873047]
[170.59721375, 690.65383148, 644.53662109]
[156.06472778, 658.8475647, 670.10644531]
[157.57698059, 626.52363586, 697.67883301]
[156.50059509, 598.7155304, 739.63623047]
[161.97749329, 581.24845886, 778.27575684]
[163.59738159, 577.82196045, 789.65234375]
[166.85638428, 565.03936768, 801.31030273]
[169.27281189, 561.08384705, 804.69909668]
[180.41624451, 542.17575073, 814.07556152]
[188.29428101, 540.68502808, 809.08703613]
[188.37007141, 541.41223145, 801.01867676]
[191.02110291, 541.81652832, 798.60473633]
[190.38951111, 546.74299622, 792.64990234]
[190.06219482, 561.24266052, 786.77282715]
[191.94213867, 567.32107544, 780.97509766]
[184.4549408, 578.33021545, 766.08837891]
[171.87132263, 581.81407166, 758.92163086]
[161.50286865, 579.58500671, 755.4979248]
[146.03010559, 581.67677307, 757.67370605]
[142.59902954, 586.98312378, 769.25268555]
[135.76141357, 582.05639648, 771.06481934]
[120.00365448, 574.92256165, 774.88696289]
[79.11165619, 562.93687439, 760.08190918]
[53.74054718, 568.63760376, 741.27648926]
[-13.66919327, 579.64425659, 728.47875977]
[-28.66783714, 587.92279053, 736.04956055]
[-76.76914215, 606.92842102, 724.26208496]
[-109.31229401, 629.53749084, 727.1072998]
[-163.16191101, 665.59341431, 719.8939209]
[-181.62480164, 683.72433472, 720.09692383]
[-185.63124084, 684.96869659, 716.73168945]
[-180.36630249, 684.97251129, 721.13439941]
[-162.61276245, 664.18035889, 723.47851562]
[-141.71841431, 643.66575623, 723.43078613]
[-100.60314941, 623.51075745, 715.84375]
[-82.40674591, 614.75656128, 704.35449219]
[-43.81956863, 600.49421692, 681.54956055]
[-4.69161558, 569.75897217, 663.6270752]
[10.99924374, 548.81062317, 651.86633301]
[13.26741982, 535.00598145, 647.74743652]
[5.30360651, 514.43591309, 649.45275879]
[3.37093329, 517.50079346, 644.33862305]
[9.13180447, 523.54156494, 634.74267578]
[21.35286903, 529.16143799, 649.83972168]
[44.05604553, 536.52203369, 655.54064941]
[55.33758926, 540.12692261, 654.87133789]
[59.37389755, 545.02062988, 661.5345459]
[59.61404419, 542.78274536, 675.96679688]
[60.33008957, 541.1652832, 692.77380371]
[53.94927597, 536.34753418, 712.59570312]
[44.48656082, 530.64416504, 749.79870605]
[45.96092606, 529.74969482, 790.41235352]
[48.88096619, 537.36834717, 825.17932129]
[52.15096283, 541.26165771, 848.43237305]
[57.57112122, 552.55654907, 871.24609375]
[62.33560181, 586.27651978, 889.73144531]
[68.76192474, 599.90989685, 901.98937988]
[68.36710358, 608.56948853, 913.2644043]
[60.10796738, 615.66856384, 915.31018066]
[53.42585754, 619.06059265, 908.81799316]
[40.8319397, 619.66204834, 894.80334473]
[25.17808914, 618.37640381, 875.87207031]
[16.94039917, 612.83351135, 851.42651367]
[10.41433239, 606.90071106, 827.24072266]
[28.08010483, 586.35444641, 789.96081543]
[38.46073151, 569.93237305, 761.66540527]
[54.01805115, 550.04008484, 742.28369141]
[84.90837097, 548.51683044, 721.01867676]
[95.31176758, 532.2427063, 712.04882812]
[99.61397552, 532.93133545, 730.09094238]
[89.53759003, 522.11886597, 738.1217041]
[90.05640411, 517.55819702, 738.14147949]
[101.59725189, 512.81890869, 737.91760254]
[106.11619568, 517.68612671, 748.79638672]
[115.7013092, 518.63742065, 756.64086914]
[121.66318512, 523.72872925, 769.87744141]
[132.68911743, 528.21365356, 785.95788574]
[127.62133789, 547.38346863, 789.12878418]
[125.17319489, 556.71214294, 788.19995117]
[119.89279938, 561.35023499, 782.98132324]
[110.45752716, 559.35736084, 774.48510742]
[104.13342285, 555.06378174, 746.51745605]
[107.04669189, 551.29299927, 740.26672363]
[99.84651184, 540.18710327, 702.76879883]
[95.51168823, 537.81185913, 693.69482422]
[84.05405426, 543.93948364, 673.21972656]
[65.13437653, 549.45539856, 668.03479004]
[33.89588165, 557.9859314, 649.07641602]
[12.15357971, 567.60575867, 637.23950195]
[-12.04675102, 580.04786682, 627.89172363]
[-31.13117218, 594.07702637, 619.50524902]
[-37.15174484, 594.18823242, 617.44812012]
[-54.92424393, 611.47613525, 615.72180176]
[-62.17221832, 605.01924133, 618.44482422]
[-66.56784058, 588.48049927, 644.12792969]
[-69.46794891, 586.18153381, 654.38891602]
[-69.72368622, 579.37097168, 667.68029785]
[-69.42422485, 557.72570801, 683.82958984]
[-65.21539307, 549.34318542, 697.90124512]
[-60.70612335, 537.17236328, 696.34875488]
[-55.61351013, 520.64654541, 676.93115234]
[-55.89216232, 505.99423218, 664.48254395]
[-49.41612625, 492.94735718, 652.02062988]
[-52.04610062, 492.45019531, 640.91516113]
[-54.15679169, 494.97235107, 635.20605469]
[-59.5141716, 510.34289551, 624.58581543]
[-67.50621033, 519.41046143, 615.39111328]
[-71.13304901, 535.6859436, 599.15209961]
[-74.82039642, 542.24356079, 564.32751465]
[-63.58039474, 542.01113892, 495.05358887]
[-53.30195999, 543.71850586, 412.65197754]
[-32.88506699, 568.88690186, 296.88574219]
[-21.6732769, 615.52755737, 198.88220215]
[-14.98927212, 654.70889282, 150.54187012]
[-13.00844955, 742.29832458, 51.32751465]
[5.85839176, 843.14375687, 31.38867188]
[4.20089054, 916.83185577, -14.48510742]
[39.62407303, 961.9208374, -10.03216553]
[5.62743092, 898.83309174, -54.51623535]
[-25.55223465, 785.93880272, -50.66906738]
[-32.77090836, 749.97368622, -33.07751465]
[-34.97161865, 701.53206635, 28.69396973]
[-50.2751236, 818.48155212, -50.05462646]
[-34.53829193, 878.95131683, -42.93383789]
[51.77178955, 958.06640625, 17.01556396]
[49.81300354, 895.02068329, 24.83557129]
[64.36531067, 776.55727005, 49.71582031]
[52.63829803, 679.5211792, 117.12207031]
[47.08570099, 613.00332642, 213.55957031]
[46.4627533, 566.68258667, 317.12756348]
[-3.40274715, 532.54226685, 418.55651855]
[-12.95956421, 533.9107666, 503.35778809]
[-24.01541901, 537.73883057, 579.70483398]
[-22.98606873, 535.42037964, 620.81652832]
[-18.81026649, 523.73895264, 648.2322998]
[-16.10243225, 528.39712524, 663.58081055]
[-3.39057755, 534.2053833, 678.96948242]
[1.31862238e-01, 5.49429169e+02, 7.04745239e+02]
[1.15511939e-01, 5.58501663e+02, 7.30086914e+02]
[-2.55599999, 564.75357056, 771.04541016]
[-2.58224821, 570.07565308, 808.44592285]
[6.87777996e-01, 5.69405334e+02, 8.34658325e+02]
[7.28971148, 570.11801147, 854.34069824]
[12.93292999, 571.41221619, 863.55322266]
[14.61546516, 572.99717712, 874.05993652]
[27.79151535, 573.44525146, 865.5435791]
[34.5105896, 578.9317627, 854.07861328]
[42.63136673, 589.08468628, 832.68029785]
[56.43617249, 602.87849426, 805.46411133]
[78.01927948, 610.36184692, 784.50317383]
[99.44001007, 622.86022949, 775.3651123]
[103.47086334, 629.01582336, 781.15319824]
[118.05980682, 624.49082947, 801.43701172]
[138.0960083, 621.39303589, 826.53601074]
[149.79307556, 616.42832947, 871.18896484]
[180.63316345, 623.39956665, 926.79125977]
[194.2204895, 616.30026245, 983.48425293]
[210.05812073, 609.64425659, 1032.08068848]
[222.33958435, 599.8230896, 1077.27368164]
[225.42959595, 588.99850464, 1098.04394531]
[225.81407166, 572.10697937, 1100.19750977]
[227.18908691, 565.27153015, 1083.52148438]
[232.03834534, 558.30340576, 1063.88427734]
[227.85331726, 564.62728882, 1051.55395508]
[230.00273132, 567.31985474, 1045.08752441]
[228.54014587, 567.57460022, 1046.23486328]
[229.35528564, 583.22746277, 1059.80053711]
[232.16014099, 588.3434906, 1066.9855957]
[231.27334595, 601.22415161, 1090.35961914]
[226.81185913, 621.69496155, 1108.12011719]
[228.79798889, 647.31921387, 1124.87719727]
[226.10266113, 668.65603638, 1145.26245117]
[233.74865723, 673.1317215, 1150.9465332]
[235.91079712, 676.2290802, 1148.14550781]
[240.88749695, 663.71099854, 1136.66259766]
[245.68347168, 649.69042969, 1124.15576172]
[254.79220581, 630.87361145, 1109.29931641]
[260.27062988, 616.86077881, 1078.1472168]
[256.84411621, 587.83825684, 1047.08691406]
[249.19139099, 587.8237915, 1025.54467773]
[242.68260193, 592.33291626, 1000.86779785]
[234.06459045, 595.92965698, 991.48876953]
[224.50331116, 597.25140381, 975.9486084]
[224.01879883, 586.94831848, 980.953125]
[218.00901794, 570.56825256, 994.00512695]
[219.45672607, 548.59931946, 1001.59289551]
[220.92738342, 541.58837891, 1005.1607666]
[229.13815308, 522.2142334, 1002.41638184]
[238.3914032, 508.50012207, 998.04943848]
[248.37857056, 490.23986816, 988.06005859]
[260.14395142, 477.43511963, 981.27258301]
[263.88919067, 449.58459473, 976.05761719]
[254.96766663, 439.74572754, 976.5201416]
[256.89672852, 442.29321289, 978.36352539]
[256.43481445, 441.12799072, 980.53869629]
[251.15713501, 436.6239624, 977.90551758]
[247.05360413, 441.11813354, 978.47631836]
[238.6061554, 448.22589111, 977.67419434]
[229.96395874, 456.6612854, 971.67211914]
[226.52731323, 463.27474976, 975.02209473]
[220.90959167, 482.23739624, 973.15319824]
[234.80343628, 490.43435669, 990.58618164]
[242.47412109, 511.61688232, 1008.71276855]
[254.89729309, 541.0189209, 1038.7947998]
[264.31109619, 572.570755, 1072.1340332]
[252.80039978, 622.23405457, 1093.86547852]
[242.94706726, 657.7996521, 1125.03710938]
[239.9160614, 670.82910156, 1148.84057617]
[226.73544312, 704.96304321, 1160.91650391]
[225.94120789, 714.87818909, 1162.50097656]
[226.47674561, 712.22575378, 1167.47094727]
[223.95692444, 699.21796417, 1176.57299805]
[226.27558899, 690.701828, 1188.72631836]
[218.5819397, 661.6690979, 1198.90649414]
[214.5834198, 626.91716003, 1200.66430664]
[209.21911621, 607.12962341, 1195.8918457]
[209.0065918, 588.71707153, 1196.6315918]
[205.76582336, 573.88157654, 1197.94262695]
[205.04325867, 558.47900391, 1185.00976562]
[208.26123047, 545.51626587, 1163.31152344]
[191.6897583, 529.00558472, 1144.81103516]
[192.82754517, 525.64724731, 1117.71386719]
[185.08486938, 526.7053833, 1086.04077148]
[201.02053833, 517.09490967, 1004.11987305]
[213.09432983, 520.88580322, 898.58325195]
[220.48704529, 539.46166992, 798.71643066]
[219.82487488, 588.86831665, 688.25891113]
[221.30291748, 647.57061768, 606.5032959]
[177.96043396, 732.49319458, 501.29296875]
[189.75735474, 744.62894058, 481.68286133]
[168.2688446, 842.58159637, 410.75598145]
[158.46096802, 955.53645325, 404.98278809]
[145.73847961, 963.78730774, 384.82995605]
[135.93051147, 964.80230713, 355.63500977]
[130.41398621, 941.51153564, 321.59313965]
[127.28229523, 890.08143616, 297.19628906]
[128.72390747, 837.50555038, 284.45385742]
[127.34366608, 785.85052776, 253.34375]
[131.04747009, 668.6373291, 284.27905273]
[135.07461548, 596.81671143, 320.60998535]
[137.79798889, 555.84513855, 352.95568848]
[140.12902832, 522.32678223, 372.02490234]
[143.6842041, 521.00213623, 348.86096191]
[149.32362366, 519.33081055, 335.57507324]
[154.8782196, 517.61074829, 337.52087402]
[161.89434814, 516.41946411, 338.37670898]
[161.81211853, 518.83636475, 339.44909668]
[161.52864075, 524.05883789, 341.66625977]
[158.98216248, 530.84841919, 345.52685547]
[158.83357239, 539.35830688, 348.10827637]
[159.27218628, 540.11950684, 347.17407227]
[151.39579773, 540.60446167, 351.65539551]
[146.01664734, 540.18240356, 358.05700684]
[145.36314392, 544.67939758, 360.39294434]
[134.78744507, 549.67575073, 365.03027344]
[116.21346283, 551.0635376, 372.9543457]
[106.15090179, 548.53849792, 370.4128418]
[93.38331604, 549.11582947, 373.1159668]
[84.19686127, 544.00097656, 376.30407715]
[68.31153107, 541.67626953, 367.67578125]
[39.89784241, 535.72341919, 357.09143066]
[7.96325493, 557.18661499, 338.99707031]
[-2.44587660e-01, 5.61417679e+02, 3.62952271e+02]
[-129.65835571, 591.72879028, 315.30895996]
[-172.33685303, 630.21520996, 319.5291748]
[-251.33598328, 707.64047241, 313.64904785]
[-286.89944458, 739.89810181, 334.46044922]
[-329.1842041, 779.40719223, 362.65563965]
[-354.27920532, 814.53441429, 391.4017334]
[-372.10910034, 844.43050766, 420.76220703]
[-380.22003174, 852.12187958, 451.88000488]
[-379.16137695, 833.12054443, 487.5513916]
[-368.24942017, 807.38522434, 523.50134277]
[-333.52471924, 763.37048721, 537.75695801]
[-319.48974609, 736.68955612, 549.42773438]
[-294.47302246, 660.74079895, 530.80114746]
[-283.80569458, 640.55397034, 532.30847168]
[-256.6730957, 588.3692627, 517.33044434]
[-252.3666687, 549.00733948, 511.79223633]
[-252.64189148, 525.11972046, 513.24023438]
[-253.4347229, 519.59506226, 513.22167969]
[-261.83596802, 513.33953857, 529.29541016]
[-264.53463745, 515.08718872, 532.06335449]
[-269.23065186, 517.54074097, 543.92602539]
[-275.05160522, 521.81576538, 541.03808594]
[-282.36282349, 531.77755737, 545.57116699]
[-281.49978638, 537.59793091, 549.4354248]
[-281.55200195, 549.51446533, 552.82421875]
[-283.3371582, 553.11022949, 552.38195801]
[-285.21981812, 576.10289001, 554.94543457]
[-283.84988403, 574.21513367, 553.09069824]
[-280.05184937, 571.10174561, 551.41296387]
[-272.15289307, 564.21592712, 559.36437988]
[-269.8770752, 561.22613525, 575.81921387]
[-267.52429199, 546.72833252, 624.29528809]
[-271.29806519, 537.79846191, 696.59558105]
[-259.76220703, 544.71238708, 785.02441406]
[-244.27648926, 547.92414856, 829.1472168]
[-180.17204285, 547.59727478, 847.84716797]
[-41.4564743, 573.53886414, 879.3494873]
[62.79170609, 637.21192932, 941.82641602]
[99.81175232, 655.612854, 938.58862305]
[184.08096313, 706.40795135, 911.34118652]
[222.10105896, 736.76613235, 889.32702637]
[267.26461792, 771.76112175, 861.14746094]
[295.79983521, 779.87417793, 836.92565918]
[295.65127563, 768.68663979, 810.32629395]
[292.49850464, 740.53146362, 802.09289551]
[279.81570435, 701.30072784, 806.63427734]
[265.7984314, 654.68260193, 824.22705078]
[250.41539001, 618.90644836, 845.27355957]
[229.62330627, 582.77328491, 858.88696289]
[223.03381348, 561.77484131, 884.91357422]
[219.16848755, 549.44245911, 898.64831543]
[220.30760193, 541.85092163, 902.44641113]
[226.18025208, 540.59542847, 908.97412109]
[232.82055664, 543.56048584, 913.69091797]
[225.68293762, 546.44863892, 934.9588623]
[222.65187073, 555.12315369, 961.86157227]
[229.67002869, 568.26365662, 970.28295898]
[225.09182739, 578.61097717, 989.57580566]
[225.28948975, 582.68559265, 1007.84020996]
[228.21907043, 589.11454773, 1029.5177002]
[231.42727661, 592.57667542, 1041.23071289]
[232.76739502, 590.38505554, 1056.3425293]
[233.00071716, 584.73387146, 1071.15087891]
[232.15864563, 577.14001465, 1091.34350586]
[236.12963867, 572.6579895, 1089.53564453]
[238.31752014, 566.99313354, 1075.21533203]
[238.83369446, 560.8793335, 1057.40161133]
[245.54510498, 560.70123291, 1020.33642578]
[245.10328674, 578.37857056, 980.61181641]
[237.78944397, 618.67886353, 910.59155273]
[227.01829529, 652.71591187, 880.66760254]
[214.23521423, 709.17536926, 852.92199707]
[185.55511475, 767.22930527, 850.64245605]
[168.62272644, 815.61415195, 855.64160156]
[151.14497375, 846.36758423, 864.51782227]
[157.11567688, 847.6328125, 880.01477051]
[154.54380798, 840.94934464, 889.10620117]
[165.49685669, 803.71690083, 921.91381836]
[176.3170929, 758.56951141, 976.6541748]
[202.16464233, 713.40814209, 1029.67163086]
[241.48797607, 673.23743439, 1085.52661133]
[267.0647583, 647.66650391, 1152.03759766]
[292.38717651, 625.15202332, 1232.30664062]
[317.51464844, 600.57629395, 1293.00195312]
[333.99765015, 593.81596375, 1338.38623047]
[341.17672729, 582.89297485, 1363.87060547]
[352.84204102, 566.32809448, 1369.91601562]
[355.20028687, 561.40544128, 1366.44824219]
[350.49688721, 557.97813416, 1348.12963867]
[350.31295776, 561.33784485, 1332.2824707]
[352.65707397, 558.09884644, 1328.13525391]
[355.5050354, 571.26086426, 1313.69799805]
[354.74789429, 573.87969971, 1313.94116211]
[353.60494995, 587.7565918, 1304.99072266]
[349.4258728, 589.29312134, 1307.19848633]
[348.49517822, 587.73939514, 1305.03833008]
[348.42514038, 588.48286438, 1306.81030273]
[346.73916626, 583.0146637, 1308.51049805]
[345.91082764, 578.80020142, 1307.21240234]
[339.80010986, 574.25482178, 1306.41748047]
[338.14334106, 565.42658997, 1304.38891602]
[329.23895264, 565.78785706, 1289.36572266]
[320.9236145, 562.08470154, 1271.93164062]
[303.22924805, 559.20527649, 1222.07641602]
[288.83334351, 554.1985321, 1171.13354492]
[273.63485718, 560.02986145, 1095.53662109]
[262.65844727, 551.61967468, 1069.41992188]
[238.29803467, 573.21974182, 999.32409668]
[215.77160645, 582.62472534, 964.47338867]
[195.35380554, 596.51062012, 925.76464844]
[179.50892639, 586.19979858, 917.59069824]
[156.31991577, 585.42710876, 899.80981445]
[144.85313416, 581.81842041, 888.37390137]
[126.83960724, 582.01506042, 884.41760254]
[113.56143188, 577.2008667, 885.84802246]
[92.73384857, 554.60740662, 895.20336914]
[85.1388855, 551.35523987, 895.56115723]
[81.65766144, 547.31492615, 894.83288574]
[58.38423538, 538.43557739, 897.34106445]
[49.45608521, 523.45452881, 890.60644531]
[45.6318779, 518.31393433, 880.99133301]
[56.22363281, 517.34881592, 858.11413574]
[60.13373947, 518.53787231, 848.9263916]
[60.99013138, 520.60180664, 840.86120605]
[80.06214905, 528.80841064, 834.60827637]
[63.73707199, 537.41455078, 832.69763184]
[49.60314178, 542.5411377, 829.83886719]
[0, 0, 0]
[0, 0, 0]
[0, 0, 0]
[0, 0, 0]
[0, 0, 0]
[0, 0, 0]
[0, 0, 0]
[0, 0, 0]
[0, 0, 0]
[0, 0, 0]
[0, 0, 0]
[0, 0, 0]
[0, 0, 0]
[0, 0, 0]
[0, 0, 0]
[0, 0, 0]
[0, 0, 0]
[0, 0, 0]
[0, 0, 0]
[0, 0, 0]
[0, 0, 0]
[0, 0, 0]
[0, 0, 0]
[0, 0, 0]
[0, 0, 0]
[0, 0, 0]
[0, 0, 0]
[0, 0, 0]
[0, 0, 0]
[0, 0, 0]
[0, 0, 0]
[0, 0, 0]
[0, 0, 0]
[0, 0, 0]
[0, 0, 0]
[0, 0, 0]
[0, 0, 0]
[0, 0, 0]
[0, 0, 0]
[0, 0, 0]
[0, 0, 0]
[0, 0, 0]
[0, 0, 0]
[0, 0, 0]
[0, 0, 0]
[0, 0, 0]
[0, 0, 0]
[0, 0, 0]
[0, 0, 0]
[0, 0, 0]
[0, 0, 0]
[0, 0, 0]
[0, 0, 0]
[0, 0, 0]
[0, 0, 0]
[0, 0, 0]
[0, 0, 0]
[0, 0, 0]
[0, 0, 0]
[0, 0, 0]
[0, 0, 0]
[0, 0, 0]
[0, 0, 0]
[0, 0, 0]
[0, 0, 0]
[0, 0, 0]
[0, 0, 0]
[0, 0, 0]
[0, 0, 0]
[0, 0, 0]
[0, 0, 0]
[0, 0, 0]
[0, 0, 0]
[0, 0, 0]
[0, 0, 0]
[0, 0, 0]
[0, 0, 0]
[0, 0, 0]
[0, 0, 0]
[0, 0, 0]
[0, 0, 0]
[0, 0, 0]
[0, 0, 0]
[0, 0, 0]
[0, 0, 0]
[0, 0, 0]
[0, 0, 0]
[0, 0, 0]
[0, 0, 0]
[0, 0, 0]
[0, 0, 0]
[0, 0, 0]
[0, 0, 0]
[0, 0, 0]
[0, 0, 0]
[0, 0, 0]
[0, 0, 0]
[0, 0, 0]
[0, 0, 0]
[0, 0, 0]
[0, 0, 0]
[0, 0, 0]
[0, 0, 0]
[0, 0, 0]
[0, 0, 0]
[0, 0, 0]
[0, 0, 0]
[0, 0, 0]
[0, 0, 0]
[0, 0, 0]
[0, 0, 0]
[0, 0, 0]
[0, 0, 0]
[0, 0, 0]
[0, 0, 0]
[0, 0, 0]
[0, 0, 0]
[0, 0, 0]
[0, 0, 0]
[0, 0, 0]
[0, 0, 0]
[0, 0, 0]
[0, 0, 0]
[0, 0, 0]
[0, 0, 0]
[0, 0, 0]
[0, 0, 0]
[0, 0, 0]
[0, 0, 0]
[0, 0, 0]
[0, 0, 0]
[0, 0, 0]
[0, 0, 0]
[0, 0, 0]
[0, 0, 0]
[0, 0, 0]
[0, 0, 0]
[0, 0, 0]
[0, 0, 0]
[0, 0, 0]
[0, 0, 0]
[0, 0, 0]
[0, 0, 0]
[0, 0, 0]
[0, 0, 0]
[0, 0, 0]
[0, 0, 0]
[0, 0, 0]
[0, 0, 0]
[0, 0, 0]
[0, 0, 0]
[0, 0, 0]
[0, 0, 0]
[0, 0, 0]
[0, 0, 0]
[0, 0, 0]
[0, 0, 0]
[0, 0, 0]
[0, 0, 0]
[0, 0, 0]
[0, 0, 0]
[0, 0, 0]
[0, 0, 0]
[0, 0, 0]
[0, 0, 0]
[0, 0, 0]
[0, 0, 0]
[0, 0, 0]
[0, 0, 0]
[0, 0, 0]
[0, 0, 0]
[0, 0, 0]
[0, 0, 0]
[0, 0, 0]
[0, 0, 0]
[0, 0, 0]
[0, 0, 0]
[0, 0, 0]
[0, 0, 0]
[0, 0, 0]
[0, 0, 0]
[0, 0, 0]
[0, 0, 0]
[0, 0, 0]
[0, 0, 0]
[0, 0, 0]
[0, 0, 0]
[0, 0, 0]
[0, 0, 0]
[0, 0, 0]
[0, 0, 0]
[0, 0, 0]
[0, 0, 0]
[0, 0, 0]
[0, 0, 0]
[0, 0, 0]
[0, 0, 0]
[0, 0, 0]
[0, 0, 0]
[0, 0, 0]
[0, 0, 0]
[0, 0, 0]
[0, 0, 0]
[0, 0, 0]
[0, 0, 0]
[0, 0, 0]
[0, 0, 0]
[0, 0, 0]
[0, 0, 0]
[0, 0, 0]
[0, 0, 0]
[0, 0, 0]
[0, 0, 0]
[0, 0, 0]
[0, 0, 0]
[0, 0, 0]
[0, 0, 0]
[0, 0, 0]
[0, 0, 0]
[0, 0, 0]
[0, 0, 0]
[0, 0, 0]
[0, 0, 0]
[0, 0, 0]
[0, 0, 0]
[0, 0, 0]
[0, 0, 0]
[0, 0, 0]
[0, 0, 0]
[0, 0, 0]
[0, 0, 0]
[0, 0, 0]
[0, 0, 0]
[0, 0, 0]
[0, 0, 0]
[0, 0, 0]
[0, 0, 0]
[0, 0, 0]
[0, 0, 0]
[0, 0, 0]
[0, 0, 0]
[0, 0, 0]
[0, 0, 0]
[0, 0, 0]
[0, 0, 0]
[0, 0, 0]
[0, 0, 0]
[0, 0, 0]
[0, 0, 0]
[0, 0, 0]
[0, 0, 0]
[0, 0, 0]
[0, 0, 0]
[0, 0, 0]
[0, 0, 0]
[0, 0, 0]
[0, 0, 0]
[0, 0, 0]
[0, 0, 0]
[0, 0, 0]
[0, 0, 0]
[0, 0, 0]
[0, 0, 0]
[0, 0, 0]
[0, 0, 0]
[0, 0, 0]
[0, 0, 0]
[0, 0, 0]
[0, 0, 0]
[0, 0, 0]
[0, 0, 0]
[0, 0, 0]
[0, 0, 0]
[0, 0, 0]
[0, 0, 0]
[0, 0, 0]
[0, 0, 0]
[0, 0, 0]
[0, 0, 0]
[0, 0, 0]
[0, 0, 0]
[0, 0, 0]
[0, 0, 0]
[0, 0, 0]
[0, 0, 0]
[0, 0, 0]
[0, 0, 0]
[0, 0, 0]
[0, 0, 0]
[0, 0, 0]
[0, 0, 0]
[0, 0, 0]
[0, 0, 0]
[0, 0, 0]
[0, 0, 0]
[0, 0, 0]
[0, 0, 0]
[0, 0, 0]
[0, 0, 0]
[0, 0, 0]
[0, 0, 0]
[0, 0, 0]
[0, 0, 0]
[0, 0, 0]
[0, 0, 0]
[0, 0, 0]
[0, 0, 0]
[0, 0, 0]
[0, 0, 0]
[0, 0, 0]
[0, 0, 0]
[0, 0, 0]
[0, 0, 0]
[0, 0, 0]
[0, 0, 0]
[0, 0, 0]
[0, 0, 0]
[0, 0, 0]
[0, 0, 0]
[0, 0, 0]
[0, 0, 0]
[0, 0, 0]
[0, 0, 0]
[0, 0, 0]
[0, 0, 0]
[0, 0, 0]
[0, 0, 0]
[0, 0, 0]
[0, 0, 0]
[0, 0, 0]
[0, 0, 0]
[0, 0, 0]
[0, 0, 0]
[0, 0, 0]
[0, 0, 0]
[0, 0, 0]
[0, 0, 0]
[0, 0, 0]
[0, 0, 0]
[0, 0, 0]
[0, 0, 0]
[0, 0, 0]
[0, 0, 0]
[0, 0, 0]
[0, 0, 0]
[0, 0, 0]
[0, 0, 0]
[0, 0, 0]
[0, 0, 0]
[0, 0, 0]
[0, 0, 0]
[0, 0, 0]
[0, 0, 0]
[0, 0, 0]
[0, 0, 0]
[0, 0, 0]
[0, 0, 0]
[0, 0, 0]
[0, 0, 0]
[0, 0, 0]
[0, 0, 0]
[0, 0, 0]
[0, 0, 0]
[0, 0, 0]
[0, 0, 0]
[0, 0, 0]
[0, 0, 0]
[0, 0, 0]
[0, 0, 0]
[0, 0, 0]
[0, 0, 0]
[0, 0, 0]
[0, 0, 0]
[0, 0, 0]
[0, 0, 0]
[0, 0, 0]
[0, 0, 0]
[0, 0, 0]
[0, 0, 0]
[0, 0, 0]
[0, 0, 0]
[0, 0, 0]
[0, 0, 0]
[0, 0, 0]
[0, 0, 0]
[0, 0, 0]
[0, 0, 0]
[0, 0, 0]
[0, 0, 0]
[0, 0, 0]
[0, 0, 0]
[0, 0, 0]
[0, 0, 0]
[0, 0, 0]
[0, 0, 0]
[0, 0, 0]
[0, 0, 0]
[0, 0, 0]
[0, 0, 0]
[0, 0, 0]
[0, 0, 0]
[0, 0, 0]
[0, 0, 0]
[0, 0, 0]
[0, 0, 0]
[0, 0, 0]
[0, 0, 0]
[0, 0, 0]
[0, 0, 0]
[0, 0, 0]
[0, 0, 0]
[0, 0, 0]
[0, 0, 0]
[0, 0, 0]
[0, 0, 0]
[0, 0, 0]
[0, 0, 0]
[0, 0, 0]
[0, 0, 0]
[0, 0, 0]
[0, 0, 0]
[0, 0, 0]
[0, 0, 0]
[0, 0, 0]
[0, 0, 0]
[0, 0, 0]
[0, 0, 0]
[0, 0, 0]
[0, 0, 0]
[0, 0, 0]
[0, 0, 0]
[0, 0, 0]
[0, 0, 0]
[0, 0, 0]
[0, 0, 0]
[0, 0, 0]
[0, 0, 0]
[0, 0, 0]
[0, 0, 0]
[0, 0, 0]
[0, 0, 0]
[0, 0, 0]
[0, 0, 0]
[0, 0, 0]
[0, 0, 0]
[0, 0, 0]
[0, 0, 0]
[0, 0, 0]
[0, 0, 0]
[0, 0, 0]
[0, 0, 0]
[0, 0, 0]
