452
12
[45.10382843,1178.87792969,1024.1081543]
[46.97229004,1177.46496582,1026.65234375]
[51.1067543,1176.09805298,1025.87438965]
[53.70445251,1174.82980347,1026.40441895]
[59.18198013,1171.53375244,1026.00244141]
[64.1530304,1171.13079834,1025.60070801]
[66.30356598,1171.42401123,1026.23364258]
[75.41577148,1176.20269775,1027.17370605]
[77.75183105,1175.64712524,1027.23144531]
[83.37451935,1174.78369141,1026.94604492]
[85.39565277,1174.05038452,1027.12634277]
[89.85940552,1173.39627075,1026.93774414]
[91.43930817,1173.12548828,1027.75097656]
[92.64933014,1173.1267395,1027.8560791]
[99.10727692,1173.06167603,1027.95483398]
[101.85466766,1173.71829224,1028.61791992]
[102.35025787,1174.06393433,1028.14343262]
[104.49219513,1172.59710693,1027.20812988]
[105.24621582,1172.43139648,1027.03381348]
[108.8937149,1171.33557129,1023.85925293]
[115.95614624,1170.69049072,1020.41101074]
[114.80844116,1171.66815186,1019.71130371]
[115.23854065,1170.93890381,1017.85205078]
[116.16035461,1171.08563232,1015.2310791]
[114.73069,1171.04315186,1014.38134766]
[115.47257233,1170.20556641,1011.10644531]
[114.93418884,1168.87902832,1008.84887695]
[116.42807007,1168.17962646,1006.87817383]
[114.97029877,1166.28866577,1003.88903809]
[111.6440506,1166.36752319,1003.78771973]
[111.40863037,1166.5871582,1003.03393555]
[111.38295746,1166.60375977,1002.94165039]
[111.38815308,1166.43026733,1002.76806641]
[109.74333954,1164.08834839,1000.08081055]
[109.14356995,1165.16726685,1002.36584473]
[109.27509308,1161.41772461,1005.29125977]
[109.33427429,1161.38787842,1005.27709961]
[107.20304108,1163.1416626,1021.6192627]
[103.78973389,1156.37176514,1026.91003418]
[102.76042175,1158.47802734,1034.4263916]
[99.81032562,1160.83868408,1034.45263672]
[91.4615097,1166.7718811,1033.64562988]
[85.27649689,1171.83013916,1031.02539062]
[72.84123993,1174.88330078,1022.12402344]
[68.13204193,1175.17166138,1015.75280762]
[58.98145676,1172.50592041,1004.45581055]
[51.98391342,1171.47003174,997.42675781]
[38.69837952,1168.58166504,985.97119141]
[27.24784279,1167.66912842,975.90441895]
[20.05597878,1160.48062134,960.85424805]
[2.12618709,1158.2746582,951.44580078]
[-3.54472184,1152.11776733,946.68273926]
[-19.8334465,1142.13391113,947.57629395]
[-27.62175369,1138.97924805,942.98168945]
[-38.89886093,1140.45855713,939.14147949]
[-41.93624115,1143.5645752,936.76379395]
[-48.06196594,1147.52145386,934.79077148]
[-52.54160309,1158.62136841,936.2520752]
[-56.7501564,1165.74560547,931.7857666]
[-54.30205917,1173.90286255,927.69348145]
[-50.52446747,1178.05099487,921.21777344]
[-42.63391113,1185.68191528,912.78356934]
[-40.27330017,1187.41229248,905.31787109]
[-35.56188202,1185.03997803,892.97558594]
[-27.58526039,1168.59536743,874.4987793]
[-16.42480278,1166.55969238,860.77783203]
[-5.68296909,1164.21414185,852.59716797]
[1.96321213,1163.78286743,848.30419922]
[26.78502274,1162.58221436,842.66271973]
[30.55408287,1163.59509277,845.85192871]
[56.55695724,1151.38909912,841.06176758]
[63.02663803,1147.23416138,838.38061523]
[69.48127747,1151.92901611,838.13781738]
[73.36478424,1154.69055176,837.8560791]
[88.40727997,1165.190979,837.66796875]
[91.41562653,1178.86380005,831.45690918]
[95.73751068,1187.57644653,831.38244629]
[103.9958725,1195.697052,827.33227539]
[111.8196106,1202.06747437,825.54455566]
[113.93782043,1191.60339355,818.65478516]
[112.74840546,1195.11309814,821.05371094]
[109.77791595,1192.14993286,824.65893555]
[108.81826019,1183.78549194,829.49157715]
[116.85308838,1172.96832275,824.8605957]
[128.61264038,1172.03820801,853.40625]
[130.36727905,1155.73934937,864.35949707]
[139.81311035,1142.54537964,893.06091309]
[146.81643677,1135.65396118,895.17675781]
[155.00134277,1134.04098511,887.92565918]
[162.65112305,1138.49523926,882.5291748]
[155.60697937,1138.82064819,864.66906738]
[155.49462891,1148.84893799,858.69311523]
[154.53489685,1153.59765625,853.3996582]
[151.76748657,1171.60055542,830.36877441]
[148.96839905,1187.36224365,818.25964355]
[141.30706787,1199.76989746,805.33532715]
[136.96284485,1203.5586853,791.19421387]
[137.41529846,1201.14593506,781.51599121]
[134.96266174,1193.74932861,772.7755127]
[134.26531982,1174.59259033,762.41223145]
[135.62236023,1152.54699707,738.92102051]
[138.5403595,1135.42733765,732.02612305]
[141.2635498,1119.59207153,716.79748535]
[147.12666321,1121.85821533,711.24633789]
[152.01538086,1130.13735962,710.34729004]
[159.82084656,1138.70065308,699.98046875]
[163.88494873,1153.60516357,698.9407959]
[171.59747314,1162.31286621,697.5345459]
[183.24227905,1168.21377563,702.16943359]
[193.81350708,1170.30297852,713.00256348]
[199.09230042,1165.81036377,720.6496582]
[210.81637573,1149.71899414,732.73535156]
[230.69238281,1132.55145264,734.54150391]
[233.78964233,1117.68255615,729.22302246]
[237.30154419,1125.05737305,725.9831543]
[240.34355164,1126.7961731,727.90917969]
[246.75247192,1130.34576416,727.90612793]
[258.71044922,1141.87228394,728.42504883]
[260.18533325,1149.52481079,728.06274414]
[261.69839478,1152.38146973,723.97521973]
[261.50421143,1160.3576355,721.42260742]
[263.45462036,1165.7074585,720.78857422]
[263.48492432,1172.56710815,733.87194824]
[260.60519409,1170.63412476,750.56921387]
[257.48794556,1170.48388672,759.18408203]
[255.05610657,1172.14712524,763.85998535]
[227.15803528,1174.86535645,789.32666016]
[215.21664429,1170.29455566,800.68041992]
[196.17041016,1159.32315063,805.30786133]
[173.32641602,1151.83978271,782.93408203]
[160.1348877,1134.31292725,771.10656738]
[164.03265381,1121.82086182,766.6270752]
[158.9370575,1107.80563354,784.31384277]
[148.67152405,1100.52020264,780.34143066]
[132.25460815,1105.86593628,781.29455566]
[119.52377319,1118.45526123,787.52368164]
[107.23952484,1131.08465576,801.04833984]
[94.60848999,1147.92306519,811.73779297]
[80.61914062,1163.22320557,815.87927246]
[62.01919937,1178.99526978,819.24609375]
[50.01228333,1184.25897217,823.14978027]
[34.77228928,1184.4175415,821.54138184]
[21.93041801,1178.23178101,819.56079102]
[2.00875473,1164.43460083,827.34863281]
[-12.15139389,1147.02371216,828.74755859]
[-34.47556305,1119.41485596,831.47229004]
[-48.82126999,1111.07055664,833.93566895]
[-59.1526413,1110.31283569,836.34924316]
[-65.43945312,1117.4329834,832.84155273]
[-70.37879181,1123.3421936,827.96582031]
[-75.28739166,1132.11755371,825.86572266]
[-81.82801056,1141.5763855,817.66748047]
[-84.73631287,1147.72528076,808.81616211]
[-88.88478088,1155.77392578,801.59436035]
[-97.05427551,1162.96176147,792.67053223]
[-100.22551727,1166.62991333,786.40808105]
[-103.32738495,1167.92962646,776.4453125]
[-106.54272461,1171.26867676,763.07678223]
[-106.93144226,1171.39447021,751.26391602]
[-111.98356628,1162.72360229,731.80834961]
[-117.057724,1152.29522705,715.94250488]
[-117.88719177,1140.8117981,704.8125,]
[-119.8625412,1122.0786438,695.4276123]
[-126.80400848,1104.80203247,676.96838379]
[-132.89506531,1090.66888428,658.8092041]
[-141.54104614,1095.07415771,639.39562988]
[-142.44291687,1104.99630737,618.24182129]
[-150.31716919,1120.14028931,594.83862305]
[-159.07788086,1124.87011719,568.24133301]
[-164.55500793,1136.67510986,542.48217773]
[-168.65310669,1140.36798096,516.52087402]
[-173.47227478,1136.79336548,491.21252441]
[-174.86035156,1131.45147705,473.56958008]
[-178.31745911,1109.88006592,457.96313477]
[-180.9296875,1095.76971436,441.82312012]
[-182.29692078,1095.3298645,436.23388672]
[-185.28884888,1102.74893188,430.84289551]
[-190.9354248,1101.32748413,440.93933105]
[-193.61192322,1102.25366211,434.31762695]
[-199.28088379,1104.08319092,426.88098145]
[-204.20388794,1104.92025757,415.05114746]
[-200.82781982,1105.33944702,391.84790039]
[-204.1892395,1109.59146118,395.49560547]
[-202.14128113,1105.81945801,400.97741699]
[-194.33428955,1104.89648438,407.08068848]
[-187.10061646,1107.2565918,417.23376465]
[-184.97499084,1114.67193604,440.54187012]
[-171.32096863,1122.38894653,441.86657715]
[-157.823349,1120.59658813,445.01281738]
[-150.9458313,1115.08380127,444.45080566]
[-148.65455627,1108.6711731,451.90258789]
[-142.09593201,1111.03540039,468.23999023]
[-132.14039612,1124.43243408,489.30285645]
[-125.79950714,1125.574646,514.03637695]
[-114.19307709,1128.35183716,554.40063477]
[-109.50344086,1127.47006226,593.58496094]
[-98.9280014,1117.71524048,624.68896484]
[-90.44490051,1118.10546875,653.49438477]
[-82.96822357,1125.82955933,681.55541992]
[-70.85418701,1138.65087891,703.1151123]
[-62.78906631,1152.71343994,723.78564453]
[-59.02575302,1162.53237915,744.65002441]
[-54.19760895,1170.22787476,762.54272461]
[-47.04575729,1171.2947998,781.02954102]
[-40.13182449,1173.3973999,801.45080566]
[-28.9790287,1172.69421387,818.23986816]
[-26.58432388,1169.31115723,833.76745605]
[-11.4785614,1160.40341187,859.57177734]
[-1.74170828,1159.27890015,890.5411377]
[4.21123505,1151.36062622,925.29345703]
[15.43068027,1147.46337891,962.55847168]
[22.92264938,1133.28146362,995.23828125]
[31.280159,1128.07943726,1018.09118652]
[43.69443512,1141.91107178,1031.76123047]
[49.26826096,1151.98538208,1040.21496582]
[54.44994354,1171.77209473,1045.36193848]
[65.54186249,1192.71426392,1044.27246094]
[76.34205627,1212.09466553,1040.69018555]
[84.87362671,1226.96047974,1046.44946289]
[90.1550293,1229.13110352,1049.57177734]
[101.08727264,1219.90356445,1051.95336914]
[111.18687439,1209.50024414,1057.08178711]
[117.27105713,1183.88116455,1066.67700195]
[120.60105896,1167.28738403,1072.70800781]
[131.11218262,1160.19735718,1087.65649414]
[135.29978943,1161.34857178,1097.09936523]
[136.53189087,1163.89056396,1107.5612793]
[141.6817627,1164.74612427,1104.9362793]
[156.90660095,1176.92129517,1101.53051758]
[159.92828369,1183.87860107,1106.75195312]
[154.49436951,1206.18383789,1114.24462891]
[149.91770935,1230.97543335,1121.58886719]
[141.05877686,1263.32974243,1122.65551758]
[135.43431091,1289.29785156,1130.65991211]
[130.06784058,1300.93859863,1130.32519531]
[127.5818634,1304.02526855,1133.48388672]
[128.66404724,1293.85671997,1132.08178711]
[128.16349792,1273.0871582,1127.98608398]
[120.39334869,1251.93353271,1127.64990234]
[122.71009827,1229.66525269,1134.56787109]
[118.87950897,1187.2130127,1143.63061523]
[116.79904938,1164.84802246,1150.54370117]
[118.19287109,1152.33218384,1163.61767578]
[116.91543579,1141.11932373,1174.01098633]
[122.08095551,1119.2149353,1178.86987305]
[125.62625122,1099.99511719,1177.91821289]
[126.07428741,1079.27960205,1188.26171875]
[126.92147827,1050.47462463,1191.15722656]
[124.80023956,1033.21563721,1184.31860352]
[123.04605865,993.79031372,1183.84521484]
[127.92050934,962.26327515,1188.79956055]
[133.93864441,929.87388611,1189.73828125]
[139.27728271,907.54477692,1192.06420898]
[136.55722046,876.96625519,1197.48754883]
[130.28314209,862.63948059,1201.20092773]
[131.57495117,859.7018013,1206.29858398]
[131.69010925,862.80056381,1212.18310547]
[134.03001404,867.1190567,1207.49462891]
[137.04725647,886.94654083,1213.62402344]
[141.11846924,903.52690887,1210.86010742]
[139.97663879,918.95484924,1204.46362305]
[138.75302124,942.47729492,1195.49658203]
[137.77137756,979.37168884,1193.57299805]
[137.83221436,1025.03131104,1179.52880859]
[143.61254883,1078.25567627,1165.71289062]
[143.1061554,1138.15301514,1149.34106445]
[144.89001465,1190.32809448,1129.78417969]
[140.3344574,1238.99069214,1110.68164062]
[141.64254761,1284.25524902,1099.33349609]
[145.05809021,1301.5847168,1087.14160156]
[144.35780334,1335.75506592,1084.37133789]
[144.99276733,1345.88665771,1087.25952148]
[148.6739502,1342.956604,1088.65625]
[147.23431396,1319.95556641,1082.78588867]
[153.13388062,1305.86712646,1083.91699219]
[153.98414612,1257.2159729,1075.02905273]
[153.6277771,1221.9586792,1075.30566406]
[154.48983765,1196.34423828,1072.51367188]
[154.50712585,1175.87039185,1063.43286133]
[144.26423645,1152.46124268,1049.64306641]
[137.28692627,1134.48571777,1035.16125488]
[124.32332611,1128.19683838,1017.25366211]
[121.12319183,1120.525177,991.3692627]
[112.9276886,1119.97329712,965.10375977]
[100.61119843,1118.21035767,938.5925293]
[96.44295502,1124.2784729,923.68310547]
[93.37265015,1128.49813843,916.51879883]
[87.95755768,1124.71691895,904.59020996]
[82.42684937,1131.11917114,892.3182373]
[79.38551331,1141.49383545,881.49255371]
[78.22145081,1138.20022583,862.078125]
[77.18928528,1138.57577515,847.27600098]
[71.38301086,1141.60137939,825.90637207]
[65.53762817,1147.20480347,807.52587891]
[64.4986496,1149.0864563,784.11450195]
[60.47686768,1151.77182007,759.55395508]
[59.57751465,1147.41653442,736.26916504]
[68.41447449,1150.11123657,705.5489502]
[67.23168182,1148.25585938,683.25720215]
[70.31259155,1146.64047241,653.73474121]
[71.22583008,1148.66818237,622.64172363]
[74.38993835,1140.1317749,589.4119873]
[77.80982971,1130.5430603,558.44311523]
[80.84662628,1115.61090088,531.52197266]
[82.09143829,1109.85595703,516.0682373]
[90.47132874,1097.20690918,501.53662109]
[91.82607269,1093.48690796,496.47045898]
[93.45410919,1096.97424316,493.59008789]
[95.31920624,1100.199646,490.48144531]
[97.55213928,1106.93109131,485.30493164]
[103.42699432,1114.92434692,483.16064453]
[102.25148773,1122.05612183,472.87658691]
[103.04449463,1125.67279053,467.75561523]
[105.29286194,1132.00485229,458.76831055]
[105.47556305,1140.64794922,463.40234375]
[104.94102478,1147.32247925,462.71984863]
[99.69911194,1148.05554199,455.65698242]
[99.29708862,1144.68896484,447.11047363]
[95.00538635,1141.18383789,439.95751953]
[87.42805481,1141.24795532,440.07446289]
[75.5761795,1151.14477539,456.48303223]
[66.42306519,1149.38549805,462.03515625]
[59.41292572,1150.01815796,477.85913086]
[60.08161163,1145.27200317,476.55700684]
[62.80600357,1137.059021,482.83447266]
[62.54696655,1124.68963623,529.42150879]
[74.75810242,1121.82479858,533.95947266]
[83.26045227,1124.1708374,545.65881348]
[84.06004333,1129.84210205,539.35742188]
[86.69533539,1139.77288818,537.07312012]
[75.72758484,1158.65963745,536.69311523]
[67.99869537,1182.78634644,533.94067383]
[56.46668243,1196.9234314,526.38012695]
[47.29754257,1213.39172363,513.5892334]
[34.78230286,1217.34155273,499.17456055]
[28.63169479,1225.53884888,481.42224121]
[8.63354492,1229.25061035,482.63317871]
[-22.88700676,1212.6708374,487.88244629]
[-44.98156738,1190.16775513,490.93322754]
[-68.81391907,1168.98791504,487.6619873]
[-89.44152832,1150.91500854,491.19848633]
[-107.19997406,1135.42645264,490.83569336]
[-117.17279816,1123.67349243,484.83447266]
[-124.2767868,1114.32104492,478.56054688]
[-139.43530273,1117.11276245,477.49121094]
[-153.27575684,1123.30154419,489.07800293]
[-162.44062805,1123.97305298,494.90930176]
[-168.63090515,1133.6937561,497.73461914]
[-176.83596802,1141.94866943,501.84020996]
[-178.04324341,1148.87719727,502.10461426]
[-177.42674255,1151.68862915,507.75195312]
[-175.63189697,1166.69161987,517.9576416]
[-173.96130371,1166.11419678,527.9107666]
[-172.10870361,1167.40655518,540.62561035]
[-168.58860779,1159.08728027,553.69177246]
[-162.43251038,1154.52877808,566.20751953]
[-161.14680481,1144.10064697,572.1887207]
[-148.07620239,1127.72888184,579.14990234]
[-143.04476929,1109.8052063,603.44067383]
[-137.8840332,1115.08581543,619.3671875]
[-136.21966553,1113.04837036,620.72570801]
[-122.95565796,1123.57113647,640.87939453]
[-113.33368683,1141.22537231,659.88146973]
[-106.6869278,1157.38748169,670.84484863]
[-96.0094223,1181.10421753,684.58898926]
[-86.4681015,1197.53634644,696.15942383]
[-77.52778625,1207.94296265,716.21972656]
[-66.46268463,1213.75650024,732.95263672]
[-53.13808441,1220.60238647,749.0489502]
[-35.16805267,1219.95883179,757.48730469]
[-18.55721283,1214.25238037,765.16772461]
[-3.97433066,1201.3949585,776.9699707]
[10.41208363,1182.60656738,789.7088623]
[30.05320549,1164.98248291,805.37438965]
[47.83403397,1147.3336792,820.37878418]
[60.69649124,1139.62191772,840.7109375]
[75.38626862,1134.37808228,857.70336914]
[87.31072998,1141.61846924,874.39282227]
[95.16306305,1151.50921631,886.60107422]
[107.21910095,1160.47875977,896.22167969]
[116.35764313,1171.7166748,910.59423828]
[129.20523071,1173.63998413,919.75646973]
[136.10093689,1190.67321777,934.12854004]
[141.20629883,1189.79803467,948.12243652]
[143.99708557,1192.48977661,959.06555176]
[146.51968384,1197.14068604,974.84472656]
[144.20793152,1193.74584961,991.74536133]
[145.18275452,1188.52893066,1003.88952637]
[145.23782349,1184.88720703,1015.11523438]
[146.0567627,1188.63009644,1034.09313965]
[147.97213745,1186.30480957,1045.47595215]
[145.06755066,1179.78237915,1059.27783203]
[142.99240112,1174.16946411,1077.00976562]
[146.50892639,1170.81539917,1101.13183594]
[144.9669342,1165.76272583,1128.56591797]
[147.41012573,1159.24105835,1159.45166016]
[150.32598877,1158.43048096,1181.34570312]
[150.10388184,1157.04296875,1206.07788086]
[150.858078,1166.3578186,1221.47119141]
[151.80879211,1173.58154297,1231.4284668]
[155.54498291,1193.57437134,1237.18530273]
[162.78961182,1200.38299561,1244.3034668]
[170.8968811,1208.73117065,1251.9753418]
[174.05107117,1214.0687561,1258.02563477]
[176.42393494,1211.91049194,1266.4519043]
[182.03601074,1211.13143921,1268.24853516]
[183.41876221,1208.93591309,1273.29248047]
[188.64993286,1206.5206604,1269.91162109]
[195.85707092,1193.63467407,1270.66601562]
[203.1829071,1183.41290283,1273.52832031]
[214.80328369,1168.91012573,1287.97998047]
[225.36804199,1151.04168701,1302.89477539]
[231.34877014,1143.70117188,1310.2097168]
[240.66375732,1144.08172607,1313.7175293]
[242.74946594,1143.83236694,1306.95239258]
[246.02534485,1149.36804199,1311.296875]
[251.1587677,1161.71389771,1314.21020508]
[251.88032532,1169.03100586,1310.97265625]
[248.35305786,1183.39038086,1310.51098633]
[239.82423401,1188.78982544,1310.90698242]
[233.68928528,1188.48223877,1297.8581543]
[228.06697083,1190.16101074,1298.92089844]
[223.18353271,1179.68063354,1283.8984375]
[213.25421143,1172.5479126,1280.18041992]
[204.85623169,1163.15979004,1265.57446289]
[197.32037354,1154.62432861,1254.48779297]
[182.07449341,1151.25164795,1240.97875977]
[171.20713806,1147.34255981,1224.01831055]
[163.69126892,1140.69125366,1215.8125,]
[162.21202087,1133.22619629,1200.47509766]
[155.91688538,1124.9564209,1192.45068359]
[142.5643158,1119.10211182,1182.00439453]
[128.70729065,1114.99337769,1161.70849609]
[115.21730042,1114.38595581,1146.75048828]
[104.11264038,1116.79507446,1131.05371094]
[92.37237549,1115.74911499,1110.36303711]
[82.39469147,1120.16790771,1087.55517578]
[73.95139313,1120.96450806,1064.28881836]
[64.45454407,1125.37268066,1037.60620117]
[54.39295959,1129.28674316,1015.06262207]
[44.83596802,1127.73651123,992.75170898]
[39.26918793,1130.4307251,966.00598145]
[29.31801605,1128.85681152,939.47399902]
[19.22741318,1126.24642944,921.05847168]
[3.75451517,1117.47616577,900.64489746]
[-7.84597921,1109.83685303,876.28796387]
[-17.58967018,1109.03573608,853.63452148]
[-20.22412491,1106.52636719,829.78808594]
[-22.5992794,1109.13735962,823.64196777]
[-31.0183506,1111.89065552,777.97241211]
[-36.66876984,1114.83129883,752.51000977]
[-39.32026291,1120.45907593,725.27282715]
[0,0,0]
[0,0,0]
[0,0,0]
[0,0,0]
[0,0,0]
[0,0,0]
[0,0,0]
[0,0,0]
[0,0,0]
[0,0,0]
[0,0,0]
[0,0,0]
[0,0,0]
[0,0,0]
[0,0,0]
[0,0,0]
[0,0,0]
[0,0,0]
[0,0,0]
[0,0,0]
[0,0,0]
[0,0,0]
[0,0,0]
[0,0,0]
[0,0,0]
[0,0,0]
[0,0,0]
[0,0,0]
[0,0,0]
[0,0,0]
[0,0,0]
[0,0,0]
[0,0,0]
[0,0,0]
[0,0,0]
[0,0,0]
[0,0,0]
[0,0,0]
[0,0,0]
[0,0,0]
[0,0,0]
[0,0,0]
[0,0,0]
[0,0,0]
[0,0,0]
[0,0,0]
[0,0,0]
[0,0,0]
[0,0,0]
[0,0,0]
[0,0,0]
[0,0,0]
[0,0,0]
[0,0,0]
[0,0,0]
[0,0,0]
[0,0,0]
[0,0,0]
[0,0,0]
[0,0,0]
[0,0,0]
[0,0,0]
[0,0,0]
[0,0,0]
[0,0,0]
[0,0,0]
[0,0,0]
[0,0,0]
[0,0,0]
[0,0,0]
[0,0,0]
[0,0,0]
[0,0,0]
[0,0,0]
[0,0,0]
[0,0,0]
[0,0,0]
[0,0,0]
[0,0,0]
[0,0,0]
[0,0,0]
[0,0,0]
[0,0,0]
[0,0,0]
[0,0,0]
[0,0,0]
[0,0,0]
[0,0,0]
[0,0,0]
[0,0,0]
[0,0,0]
[0,0,0]
[0,0,0]
[0,0,0]
[0,0,0]
[0,0,0]
[0,0,0]
[0,0,0]
[0,0,0]
[0,0,0]
[0,0,0]
[0,0,0]
[0,0,0]
[0,0,0]
[0,0,0]
[0,0,0]
[0,0,0]
[0,0,0]
[0,0,0]
[0,0,0]
[0,0,0]
[0,0,0]
[0,0,0]
[0,0,0]
[0,0,0]
[0,0,0]
[0,0,0]
[0,0,0]
[0,0,0]
[0,0,0]
[0,0,0]
[0,0,0]
[0,0,0]
[0,0,0]
[0,0,0]
[0,0,0]
[0,0,0]
[0,0,0]
[0,0,0]
[0,0,0]
[0,0,0]
[0,0,0]
[0,0,0]
[0,0,0]
[0,0,0]
[0,0,0]
[0,0,0]
[0,0,0]
[0,0,0]
[0,0,0]
[0,0,0]
[0,0,0]
[0,0,0]
[0,0,0]
[0,0,0]
[0,0,0]
[0,0,0]
[0,0,0]
[0,0,0]
[0,0,0]
[0,0,0]
[0,0,0]
[0,0,0]
[0,0,0]
[0,0,0]
[0,0,0]
[0,0,0]
[0,0,0]
[0,0,0]
[0,0,0]
[0,0,0]
[0,0,0]
[0,0,0]
[0,0,0]
[0,0,0]
[0,0,0]
[0,0,0]
[0,0,0]
[0,0,0]
[0,0,0]
[0,0,0]
[0,0,0]
[0,0,0]
[0,0,0]
[0,0,0]
[0,0,0]
[0,0,0]
[0,0,0]
[0,0,0]
[0,0,0]
[0,0,0]
[0,0,0]
[0,0,0]
[0,0,0]
[0,0,0]
[0,0,0]
[0,0,0]
[0,0,0]
[0,0,0]
[0,0,0]
[0,0,0]
[0,0,0]
[0,0,0]
[0,0,0]
[0,0,0]
[0,0,0]
[0,0,0]
[0,0,0]
[0,0,0]
[0,0,0]
[0,0,0]
[0,0,0]
[0,0,0]
[0,0,0]
[0,0,0]
[0,0,0]
[0,0,0]
[0,0,0]
[0,0,0]
[0,0,0]
[0,0,0]
[0,0,0]
[0,0,0]
[0,0,0]
[0,0,0]
[0,0,0]
[0,0,0]
[0,0,0]
[0,0,0]
[0,0,0]
[0,0,0]
[0,0,0]
[0,0,0]
[0,0,0]
[0,0,0]
[0,0,0]
[0,0,0]
[0,0,0]
[0,0,0]
[0,0,0]
[0,0,0]
[0,0,0]
[0,0,0]
[0,0,0]
[0,0,0]
[0,0,0]
[0,0,0]
[0,0,0]
[0,0,0]
[0,0,0]
[0,0,0]
[0,0,0]
[0,0,0]
[0,0,0]
[0,0,0]
[0,0,0]
[0,0,0]
[0,0,0]
[0,0,0]
[0,0,0]
[0,0,0]
[0,0,0]
[0,0,0]
[0,0,0]
[0,0,0]
[0,0,0]
[0,0,0]
[0,0,0]
[0,0,0]
[0,0,0]
[0,0,0]
[0,0,0]
[0,0,0]
[0,0,0]
[0,0,0]
[0,0,0]
[0,0,0]
[0,0,0]
[0,0,0]
[0,0,0]
[0,0,0]
[0,0,0]
[0,0,0]
[0,0,0]
[0,0,0]
[0,0,0]
[0,0,0]
[0,0,0]
[0,0,0]
[0,0,0]
[0,0,0]
[0,0,0]
[0,0,0]
[0,0,0]
[0,0,0]
[0,0,0]
[0,0,0]
[0,0,0]
[0,0,0]
[0,0,0]
[0,0,0]
[0,0,0]
[0,0,0]
[0,0,0]
[0,0,0]
[0,0,0]
[0,0,0]
[0,0,0]
[0,0,0]
[0,0,0]
[0,0,0]
[0,0,0]
[0,0,0]
[0,0,0]
[0,0,0]
[0,0,0]
[0,0,0]
[0,0,0]
[0,0,0]
[0,0,0]
[0,0,0]
[0,0,0]
[0,0,0]
[0,0,0]
[0,0,0]
[0,0,0]
[0,0,0]
[0,0,0]
[0,0,0]
[0,0,0]
[0,0,0]
[0,0,0]
[0,0,0]
[0,0,0]
[0,0,0]
[0,0,0]
[0,0,0]
[0,0,0]
[0,0,0]
[0,0,0]
[0,0,0]
[0,0,0]
[0,0,0]
[0,0,0]
[0,0,0]
[0,0,0]
[0,0,0]
[0,0,0]
[0,0,0]
[0,0,0]
[0,0,0]
[0,0,0]
[0,0,0]
[0,0,0]
[0,0,0]
[0,0,0]
[0,0,0]
[0,0,0]
[0,0,0]
[0,0,0]
[0,0,0]
[0,0,0]
[0,0,0]
[0,0,0]
[0,0,0]
[0,0,0]
[0,0,0]
[0,0,0]
[0,0,0]
[0,0,0]
[0,0,0]
[0,0,0]
[0,0,0]
[0,0,0]
[0,0,0]
[0,0,0]
[0,0,0]
[0,0,0]
[0,0,0]
[0,0,0]
[0,0,0]
[0,0,0]
[0,0,0]
[0,0,0]
[0,0,0]
[0,0,0]
[0,0,0]
[0,0,0]
[0,0,0]
[0,0,0]
[0,0,0]
[0,0,0]
[0,0,0]
[0,0,0]
[0,0,0]
[0,0,0]
[0,0,0]
[0,0,0]
[0,0,0]
[0,0,0]
[0,0,0]
[0,0,0]
[0,0,0]
[0,0,0]
[0,0,0]
[0,0,0]
[0,0,0]
[0,0,0]
[0,0,0]
[0,0,0]
[0,0,0]
[0,0,0]
[0,0,0]
[0,0,0]
[0,0,0]
[0,0,0]
[0,0,0]
[0,0,0]
[0,0,0]
[0,0,0]
[0,0,0]
[0,0,0]
[0,0,0]
[0,0,0]
[0,0,0]
[0,0,0]
[0,0,0]
[0,0,0]
[0,0,0]
[0,0,0]
[0,0,0]
[0,0,0]
[0,0,0]
[0,0,0]
[0,0,0]
[0,0,0]
[0,0,0]
[0,0,0]
[0,0,0]
[0,0,0]
[0,0,0]
[0,0,0]
[0,0,0]
[0,0,0]
[0,0,0]
[0,0,0]
[0,0,0]
[0,0,0]
[0,0,0]
[0,0,0]
[0,0,0]
[0,0,0]
[0,0,0]
[0,0,0]
[0,0,0]
[0,0,0]
[0,0,0]
[0,0,0]
[0,0,0]
[0,0,0]
[0,0,0]
[0,0,0]
