452
30
[47.903038024902344, -527.389892578125, 2023.5025634765625]
[50.32709884643555, -526.4742431640625, 2023.587890625]
[54.6395149230957, -525.1397705078125, 2023.1578369140625]
[57.770511627197266, -523.8562622070312, 2023.2369384765625]
[62.61155700683594, -520.6983032226562, 2022.259033203125]
[65.1532211303711, -520.3389282226562, 2021.6512451171875]
[67.25509643554688, -520.574951171875, 2019.8594970703125]
[76.78038024902344, -526.2391357421875, 2019.359130859375]
[79.2875747680664, -525.5878295898438, 2018.9754638671875]
[85.24833679199219, -524.705078125, 2022.0079345703125]
[87.63562774658203, -523.8861083984375, 2022.00244140625]
[92.33824157714844, -523.4593505859375, 2021.9090576171875]
[93.70109558105469, -523.1156616210938, 2022.2137451171875]
[95.14864349365234, -523.2432250976562, 2022.408447265625]
[102.05341339111328, -523.3560180664062, 2021.6527099609375]
[105.08427429199219, -524.1055908203125, 2022.0281982421875]
[105.62626647949219, -524.5895385742188, 2021.75]
[108.00578308105469, -522.82080078125, 2020.5130615234375]
[108.85584259033203, -522.6455688476562, 2020.45654296875]
[112.45048522949219, -521.1619262695312, 2017.6256103515625]
[118.48271179199219, -520.5723876953125, 2014.393798828125]
[116.52031707763672, -521.3040771484375, 2014.158447265625]
[118.07122039794922, -520.389892578125, 2012.300537109375]
[119.66378021240234, -520.8280029296875, 2011.6419677734375]
[117.3436279296875, -520.8323974609375, 2009.930908203125]
[119.25347137451172, -520.073486328125, 2008.7945556640625]
[118.74755859375, -518.3526000976562, 2006.426513671875]
[120.97018432617188, -517.626220703125, 2004.527099609375]
[119.4055404663086, -515.3920288085938, 1998.694091796875]
[118.41278076171875, -515.6636962890625, 2000.52880859375]
[118.21015930175781, -515.9120483398438, 1999.965087890625]
[118.20649719238281, -515.9263305664062, 1999.9014892578125]
[118.2621841430664, -515.7300415039062, 1999.7606201171875]
[117.15385437011719, -513.5802001953125, 1994.7216796875]
[116.5646743774414, -515.13623046875, 1993.916015625]
[116.544189453125, -510.4667053222656, 1995.9293212890625]
[116.63168334960938, -510.4326477050781, 1995.904296875]
[117.89667510986328, -511.5978698730469, 2002.18603515625]
[116.28388977050781, -503.3016357421875, 2006.5367431640625]
[115.4136734008789, -505.7911376953125, 2013.6043701171875]
[114.25214385986328, -506.9242858886719, 2011.209716796875]
[106.93643951416016, -513.8500366210938, 2010.4560546875]
[102.22505187988281, -518.3658447265625, 2005.930908203125]
[90.86583709716797, -521.5810546875, 2002.4609375]
[86.0056381225586, -521.7821655273438, 1995.6650390625]
[78.0007095336914, -519.07275390625, 1987.7620849609375]
[70.23081970214844, -518.8798217773438, 1981.26513671875]
[55.586605072021484, -515.814697265625, 1969.859130859375]
[44.69863510131836, -515.9859008789062, 1963.446533203125]
[36.408931732177734, -508.2772521972656, 1953.8670654296875]
[16.38755989074707, -506.18426513671875, 1944.03125]
[10.528485298156738, -499.6420593261719, 1937.72607421875]
[-1.2844539880752563, -489.1582946777344, 1933.3209228515625]
[-11.480249404907227, -485.24755859375, 1929.7744140625]
[-24.55523109436035, -486.4737854003906, 1928.1044921875]
[-27.685932159423828, -489.86767578125, 1925.2613525390625]
[-36.304290771484375, -493.5223388671875, 1923.269775390625]
[-43.89735794067383, -505.1465148925781, 1919.7579345703125]
[-50.887027740478516, -511.2718811035156, 1914.11669921875]
[-49.476898193359375, -520.2732543945312, 1907.8609619140625]
[-48.593631744384766, -525.3063354492188, 1902.2493896484375]
[-44.787288665771484, -534.0419921875, 1895.8782958984375]
[-43.2287483215332, -536.857177734375, 1890.6199951171875]
[-40.170082092285156, -534.4026489257812, 1880.9119873046875]
[-32.39584732055664, -515.9804077148438, 1868.721435546875]
[-20.278484344482422, -513.37939453125, 1862.594482421875]
[-8.958477020263672, -511.31378173828125, 1858.78857421875]
[-0.2984842360019684, -510.505126953125, 1858.223876953125]
[28.002798080444336, -510.7771301269531, 1848.293212890625]
[31.878854751586914, -512.9598999023438, 1847.930908203125]
[62.860965728759766, -501.2372741699219, 1837.1658935546875]
[69.31071472167969, -496.5894775390625, 1836.4473876953125]
[76.19810485839844, -501.98382568359375, 1838.1866455078125]
[80.4715805053711, -505.2533874511719, 1838.1712646484375]
[95.6971206665039, -516.6168212890625, 1832.90771484375]
[99.62996673583984, -529.9803466796875, 1829.0992431640625]
[103.32222747802734, -539.39208984375, 1827.3983154296875]
[112.24235534667969, -546.71923828125, 1824.721435546875]
[120.60189819335938, -553.6077270507812, 1821.308349609375]
[120.72895812988281, -541.6795043945312, 1816.1026611328125]
[120.79316711425781, -546.0101928710938, 1823.2357177734375]
[123.8001708984375, -540.32470703125, 1832.0740966796875]
[121.4892578125, -531.8163452148438, 1840.585693359375]
[124.71451568603516, -520.4458618164062, 1822.6436767578125]
[138.29576110839844, -525.819091796875, 1853.068115234375]
[136.7266082763672, -507.0540771484375, 1856.5673828125]
[142.25198364257812, -493.4202880859375, 1881.7427978515625]
[149.3455810546875, -484.5777893066406, 1886.5843505859375]
[149.34698486328125, -482.02301025390625, 1877.4073486328125]
[154.5642547607422, -486.8735656738281, 1869.4168701171875]
[146.33412170410156, -485.8866271972656, 1851.4476318359375]
[141.6873321533203, -497.658203125, 1846.8074951171875]
[139.5513916015625, -503.34478759765625, 1840.5325927734375]
[141.20787048339844, -521.9292602539062, 1818.87158203125]
[141.03025817871094, -538.934326171875, 1810.8140869140625]
[135.1136016845703, -552.8408813476562, 1801.772705078125]
[130.5741424560547, -555.7842407226562, 1788.003173828125]
[131.71502685546875, -552.8591918945312, 1775.985595703125]
[138.3651885986328, -543.9302368164062, 1766.7222900390625]
[134.88516235351562, -524.99267578125, 1755.2977294921875]
[145.7012939453125, -499.9861145019531, 1719.7349853515625]
[150.60305786132812, -482.5772705078125, 1715.6162109375]
[151.11264038085938, -467.6707458496094, 1698.0213623046875]
[154.5904083251953, -470.9403381347656, 1697.5218505859375]
[159.07421875, -479.6694030761719, 1695.782958984375]
[163.52708435058594, -488.77935791015625, 1687.351318359375]
[165.13034057617188, -505.0201416015625, 1686.9388427734375]
[170.6642608642578, -515.5233154296875, 1691.7406005859375]
[177.3721923828125, -521.3798217773438, 1701.947998046875]
[187.56451416015625, -524.659423828125, 1714.2432861328125]
[193.5168914794922, -519.5875244140625, 1723.411865234375]
[206.78016662597656, -501.388916015625, 1728.91015625]
[219.38380432128906, -481.85943603515625, 1724.16015625]
[222.5914764404297, -465.1416015625, 1721.9619140625]
[224.68270874023438, -474.5008544921875, 1722.1973876953125]
[227.18214416503906, -476.6789245605469, 1720.6236572265625]
[234.4252166748047, -480.483642578125, 1718.54638671875]
[253.5797882080078, -491.7093200683594, 1723.9849853515625]
[257.2568664550781, -499.7437744140625, 1730.3621826171875]
[258.572021484375, -502.37274169921875, 1726.641357421875]
[256.6683044433594, -510.74261474609375, 1727.771240234375]
[256.8868713378906, -516.2078247070312, 1728.2119140625]
[253.97994995117188, -523.0226440429688, 1745.40380859375]
[252.55068969726562, -520.6300659179688, 1755.8597412109375]
[250.98231506347656, -520.6653442382812, 1760.1219482421875]
[247.22366333007812, -522.85400390625, 1763.7763671875]
[222.63690185546875, -525.940673828125, 1783.056396484375]
[216.85983276367188, -521.6561279296875, 1788.9801025390625]
[212.89466857910156, -510.2376403808594, 1789.115234375]
[195.749755859375, -497.91156005859375, 1765.818359375]
[182.26499938964844, -482.0814514160156, 1766.7974853515625]
[183.1506805419922, -467.0982971191406, 1760.9659423828125]
[164.33766174316406, -455.219482421875, 1771.895751953125]
[153.81568908691406, -446.5627746582031, 1765.4547119140625]
[139.68772888183594, -450.8044128417969, 1760.1068115234375]
[128.26463317871094, -463.93035888671875, 1765.36181640625]
[114.99798583984375, -477.7748107910156, 1773.5330810546875]
[102.85536193847656, -495.3345642089844, 1777.79931640625]
[94.59817504882812, -510.9981994628906, 1777.15087890625]
[77.80363464355469, -525.910888671875, 1779.201416015625]
[67.98838806152344, -532.0471801757812, 1789.191162109375]
[56.126888275146484, -532.5156860351562, 1793.187255859375]
[43.26799392700195, -526.9915161132812, 1798.896484375]
[26.517919540405273, -512.2557983398438, 1809.614990234375]
[10.874297142028809, -493.5008850097656, 1817.758544921875]
[-13.407578468322754, -466.07183837890625, 1821.32275390625]
[-29.969635009765625, -457.74041748046875, 1821.185302734375]
[-41.187034606933594, -457.7842102050781, 1818.4132080078125]
[-47.90993118286133, -465.2300109863281, 1816.9390869140625]
[-53.6951789855957, -471.79608154296875, 1811.584716796875]
[-58.871376037597656, -481.0574645996094, 1809.085693359375]
[-66.68407440185547, -490.15814208984375, 1799.6290283203125]
[-72.05577087402344, -495.3523864746094, 1789.030029296875]
[-76.8510513305664, -505.1403503417969, 1782.887451171875]
[-85.81565856933594, -508.88616943359375, 1770.8817138671875]
[-89.79474639892578, -513.96728515625, 1764.7947998046875]
[-94.52377319335938, -515.8816528320312, 1752.097900390625]
[-101.18737030029297, -520.5737915039062, 1743.185791015625]
[-102.50716400146484, -520.0131225585938, 1730.298828125]
[-106.9463119506836, -512.8739624023438, 1717.370361328125]
[-117.78141021728516, -502.0948791503906, 1707.6871337890625]
[-119.64808654785156, -490.69451904296875, 1699.2293701171875]
[-120.28946685791016, -471.2962646484375, 1689.0360107421875]
[-126.32604217529297, -453.0176086425781, 1672.8165283203125]
[-131.4495849609375, -438.2218322753906, 1653.321533203125]
[-136.60702514648438, -443.04241943359375, 1636.80322265625]
[-135.71405029296875, -454.2476501464844, 1618.0126953125]
[-144.0750732421875, -469.4434509277344, 1596.141845703125]
[-153.34278869628906, -473.45623779296875, 1572.2564697265625]
[-158.7020721435547, -484.3224792480469, 1550.3929443359375]
[-164.31468200683594, -486.75689697265625, 1528.8402099609375]
[-171.5247802734375, -481.627685546875, 1508.52392578125]
[-172.98329162597656, -475.9576110839844, 1493.44873046875]
[-181.1392822265625, -452.7989501953125, 1476.662109375]
[-189.90426635742188, -435.8486633300781, 1461.6614990234375]
[-191.44683837890625, -435.6504211425781, 1456.4171142578125]
[-200.43804931640625, -442.9479064941406, 1458.96826171875]
[-206.23049926757812, -442.7749938964844, 1460.6529541015625]
[-208.40122985839844, -442.25927734375, 1463.0521240234375]
[-214.58004760742188, -443.9404602050781, 1455.265380859375]
[-214.3267059326172, -442.5409851074219, 1456.331787109375]
[-210.70587158203125, -440.1143798828125, 1440.432373046875]
[-214.97314453125, -445.777587890625, 1444.3817138671875]
[-208.53146362304688, -444.4869689941406, 1437.4049072265625]
[-205.14056396484375, -443.4011535644531, 1440.1951904296875]
[-199.7297821044922, -445.05792236328125, 1443.790283203125]
[-198.7149200439453, -456.5099792480469, 1466.38525390625]
[-189.8768310546875, -462.84027099609375, 1468.9244384765625]
[-172.0819854736328, -460.3357238769531, 1474.7999267578125]
[-160.7009735107422, -454.63812255859375, 1475.24853515625]
[-157.36257934570312, -448.22991943359375, 1481.10400390625]
[-149.01766967773438, -453.0319519042969, 1495.3092041015625]
[-135.5560760498047, -470.1654968261719, 1514.978271484375]
[-131.53285217285156, -470.632080078125, 1534.2664794921875]
[-110.84654235839844, -473.0612487792969, 1563.18505859375]
[-104.73368072509766, -472.71429443359375, 1592.6749267578125]
[-88.99784851074219, -462.2992858886719, 1617.902099609375]
[-82.86786651611328, -461.97509765625, 1642.4140625]
[-76.3492431640625, -470.06768798828125, 1665.4208984375]
[-66.65045166015625, -482.5476379394531, 1684.7864990234375]
[-59.98056411743164, -498.0312805175781, 1703.4720458984375]
[-56.7571907043457, -508.25299072265625, 1720.531005859375]
[-51.839359283447266, -517.0435180664062, 1739.3719482421875]
[-45.26527786254883, -518.58447265625, 1754.8441162109375]
[-39.638980865478516, -521.5886840820312, 1776.045166015625]
[-29.492984771728516, -520.82666015625, 1792.9835205078125]
[-27.575702667236328, -516.4337768554688, 1808.83935546875]
[-18.66318130493164, -506.7533264160156, 1833.95068359375]
[-6.385598659515381, -505.2177429199219, 1864.910888671875]
[-0.6031869053840637, -495.3523864746094, 1897.444091796875]
[8.67048168182373, -491.3940734863281, 1931.1622314453125]
[15.922718048095703, -475.72882080078125, 1963.4356689453125]
[22.462600708007812, -471.81561279296875, 1989.66748046875]
[35.84559631347656, -488.5160217285156, 2003.4356689453125]
[43.26481246948242, -499.83660888671875, 2015.084716796875]
[49.89236068725586, -522.5711059570312, 2025.430419921875]
[62.53664779663086, -544.453125, 2025.7030029296875]
[74.24671173095703, -562.206298828125, 2023.4617919921875]
[83.69685363769531, -578.5162963867188, 2026.958740234375]
[90.806884765625, -581.681396484375, 2034.635986328125]
[104.18975067138672, -572.1747436523438, 2039.741455078125]
[115.1187744140625, -562.0584106445312, 2047.718017578125]
[123.64593505859375, -533.5730590820312, 2056.388671875]
[129.78494262695312, -514.195068359375, 2068.357666015625]
[143.2794647216797, -506.78778076171875, 2083.72119140625]
[149.77239990234375, -506.4302673339844, 2098.58984375]
[151.70330810546875, -509.3443908691406, 2109.2080078125]
[156.39492797851562, -509.958251953125, 2111.147216796875]
[163.5803680419922, -521.3646850585938, 2118.847412109375]
[163.91134643554688, -529.855224609375, 2119.410888671875]
[164.166748046875, -553.8072509765625, 2118.779296875]
[161.56222534179688, -579.1329956054688, 2119.435302734375]
[151.98040771484375, -613.5719604492188, 2123.694091796875]
[148.47451782226562, -640.2651977539062, 2124.063232421875]
[141.4486541748047, -653.8646240234375, 2121.611328125]
[134.87384033203125, -657.3594360351562, 2123.543701171875]
[134.32040405273438, -648.1737670898438, 2124.84228515625]
[129.83412170410156, -626.6109619140625, 2123.4296875]
[118.63311004638672, -606.0020141601562, 2121.27734375]
[127.73655700683594, -582.5032348632812, 2123.068359375]
[123.29061126708984, -538.321533203125, 2123.296875]
[120.15748596191406, -512.4339599609375, 2125.159423828125]
[121.28556823730469, -498.0857238769531, 2130.704345703125]
[118.40702819824219, -483.4438171386719, 2133.30615234375]
[120.11665344238281, -459.91302490234375, 2131.4833984375]
[121.96012115478516, -438.9190673828125, 2128.53564453125]
[118.927001953125, -413.1527099609375, 2130.515625]
[122.69672393798828, -382.1310119628906, 2128.58154296875]
[118.479736328125, -361.2965393066406, 2121.58984375]
[117.24414825439453, -319.7237243652344, 2123.720947265625]
[123.36589813232422, -283.46832275390625, 2121.097900390625]
[129.39993286132812, -246.84559631347656, 2116.6796875]
[134.84088134765625, -223.42381286621094, 2118.765380859375]
[127.65673065185547, -190.341064453125, 2115.954345703125]
[121.19528198242188, -176.13375854492188, 2120.0595703125]
[123.84449768066406, -170.9819793701172, 2121.961181640625]
[123.69657897949219, -173.45513916015625, 2125.0576171875]
[123.35636901855469, -179.07952880859375, 2123.1923828125]
[124.44212341308594, -196.62594604492188, 2123.682861328125]
[125.3754653930664, -215.93124389648438, 2123.8935546875]
[124.55641174316406, -239.52716064453125, 2126.943115234375]
[121.3751220703125, -267.48077392578125, 2125.41943359375]
[122.49826049804688, -311.55682373046875, 2129.6943359375]
[124.77000427246094, -362.3545837402344, 2119.244384765625]
[139.64979553222656, -419.4719543457031, 2110.7236328125]
[142.52249145507812, -484.7762756347656, 2101.56005859375]
[146.27023315429688, -539.7247314453125, 2090.2275390625]
[146.1331024169922, -587.1865234375, 2076.832275390625]
[150.01492309570312, -634.6519775390625, 2070.5751953125]
[156.96142578125, -653.0933227539062, 2059.697265625]
[159.54209899902344, -686.6878662109375, 2056.124755859375]
[159.3500518798828, -696.7815551757812, 2057.934326171875]
[163.11651611328125, -694.1015625, 2059.303955078125]
[163.05734252929688, -670.6336669921875, 2060.619384765625]
[169.5782470703125, -656.3859252929688, 2066.372802734375]
[173.0343475341797, -603.4203491210938, 2058.103759765625]
[176.2568359375, -566.1168212890625, 2057.796875]
[179.19656372070312, -538.9673461914062, 2056.09814453125]
[178.419189453125, -519.5322265625, 2056.373046875]
[168.53195190429688, -495.7715759277344, 2046.306884765625]
[159.0934600830078, -477.70391845703125, 2031.634033203125]
[142.75714111328125, -473.5197448730469, 2016.2205810546875]
[140.18875122070312, -467.9264221191406, 1989.8828125]
[126.75398254394531, -468.9757080078125, 1965.6451416015625]
[112.35308074951172, -466.5362854003906, 1935.49609375]
[111.70115661621094, -472.23388671875, 1915.2808837890625]
[111.4737319946289, -477.36181640625, 1906.7662353515625]
[107.07748413085938, -472.54937744140625, 1888.72265625]
[97.92139434814453, -478.568603515625, 1876.9498291015625]
[91.77364349365234, -487.2773742675781, 1860.262451171875]
[86.55194091796875, -482.97381591796875, 1844.985107421875]
[85.9119644165039, -483.2373962402344, 1828.8321533203125]
[81.02935791015625, -486.79840087890625, 1813.9293212890625]
[73.7181167602539, -493.7848205566406, 1790.10546875]
[73.45133972167969, -496.4500427246094, 1770.69287109375]
[64.60755157470703, -499.2128601074219, 1751.1737060546875]
[60.00706481933594, -494.8072814941406, 1735.1658935546875]
[63.42656326293945, -496.4709777832031, 1713.4373779296875]
[64.28817749023438, -496.26971435546875, 1690.6903076171875]
[69.0040512084961, -496.39105224609375, 1665.6497802734375]
[67.02531433105469, -497.696533203125, 1642.429931640625]
[73.7989730834961, -489.77679443359375, 1606.6983642578125]
[79.83908081054688, -479.9530334472656, 1576.1365966796875]
[86.13673400878906, -465.15155029296875, 1549.04541015625]
[88.02958679199219, -458.6681823730469, 1534.819091796875]
[97.600830078125, -444.0317077636719, 1516.8402099609375]
[99.09198760986328, -439.4869079589844, 1504.991943359375]
[102.01119232177734, -443.664794921875, 1499.76708984375]
[104.8348388671875, -446.8552551269531, 1491.85009765625]
[106.6612319946289, -453.5484924316406, 1483.924072265625]
[112.14476776123047, -461.3643493652344, 1478.75927734375]
[110.19986724853516, -467.7434997558594, 1470.77978515625]
[114.18704986572266, -471.22906494140625, 1465.2379150390625]
[117.57453155517578, -478.1058654785156, 1454.4666748046875]
[114.71845245361328, -488.4009094238281, 1451.848876953125]
[116.67277526855469, -494.7061462402344, 1451.878173828125]
[112.89237976074219, -494.4581298828125, 1453.3277587890625]
[112.90432739257812, -489.9937438964844, 1447.02978515625]
[109.37734985351562, -486.40972900390625, 1442.739501953125]
[104.10293579101562, -486.0722351074219, 1447.6591796875]
[97.05821228027344, -498.4505920410156, 1465.919189453125]
[89.20852661132812, -496.8819580078125, 1467.233642578125]
[83.45301818847656, -500.3117370605469, 1480.1207275390625]
[83.92105865478516, -492.208251953125, 1472.91650390625]
[85.78828430175781, -479.76629638671875, 1473.5765380859375]
[78.01839447021484, -474.0378112792969, 1510.8494873046875]
[85.7020263671875, -470.6763610839844, 1515.989501953125]
[87.26529693603516, -473.9296569824219, 1535.441162109375]
[77.59370422363281, -478.83624267578125, 1528.538330078125]
[80.38420104980469, -489.98291015625, 1531.8331298828125]
[61.754547119140625, -509.95391845703125, 1534.1151123046875]
[50.23398208618164, -534.9887084960938, 1534.4942626953125]
[38.20559310913086, -548.0532836914062, 1532.6107177734375]
[35.01407241821289, -566.633056640625, 1518.7108154296875]
[25.4622802734375, -569.6867065429688, 1507.2412109375]
[27.81809425354004, -577.1338500976562, 1493.3515625]
[19.509225845336914, -580.3338012695312, 1494.1353759765625]
[-10.048354148864746, -562.677734375, 1485.781005859375]
[-19.235015869140625, -534.5439453125, 1476.2186279296875]
[-44.06578826904297, -513.7807006835938, 1464.3858642578125]
[-64.88758087158203, -498.04949951171875, 1462.35986328125]
[-88.7732925415039, -484.7054138183594, 1463.3060302734375]
[-102.07500457763672, -471.3221130371094, 1457.2822265625]
[-112.2817153930664, -462.3984680175781, 1452.5517578125]
[-126.77867889404297, -464.7674255371094, 1448.71484375]
[-142.39480590820312, -473.57415771484375, 1468.4053955078125]
[-152.91262817382812, -473.4648742675781, 1477.392333984375]
[-159.39100646972656, -483.10113525390625, 1479.9251708984375]
[-167.34751892089844, -492.2059020996094, 1485.7529296875]
[-167.883056640625, -498.4110107421875, 1496.2183837890625]
[-168.353515625, -500.783447265625, 1501.926513671875]
[-170.87014770507812, -513.083251953125, 1507.969482421875]
[-168.49676513671875, -512.869140625, 1518.4300537109375]
[-170.98681640625, -514.9196166992188, 1528.9014892578125]
[-171.23184204101562, -505.90478515625, 1543.5963134765625]
[-164.42352294921875, -501.1938781738281, 1555.641357421875]
[-155.19752502441406, -492.4461975097656, 1567.3192138671875]
[-137.1952362060547, -476.29815673828125, 1572.845947265625]
[-132.1739501953125, -455.92706298828125, 1592.2027587890625]
[-124.28260040283203, -462.4956970214844, 1607.8145751953125]
[-119.34066009521484, -460.5247497558594, 1607.0379638671875]
[-107.60549926757812, -471.2018127441406, 1622.576904296875]
[-107.24561309814453, -488.8048400878906, 1640.941650390625]
[-98.94908142089844, -505.08624267578125, 1648.7860107421875]
[-96.29899597167969, -528.2880249023438, 1663.143798828125]
[-85.82425689697266, -544.2708129882812, 1674.2078857421875]
[-72.97877502441406, -553.966796875, 1692.75537109375]
[-68.41468811035156, -559.5181274414062, 1710.73583984375]
[-55.20610046386719, -567.06298828125, 1726.459716796875]
[-36.910667419433594, -565.9837646484375, 1733.57177734375]
[-23.262588500976562, -560.0991821289062, 1747.6549072265625]
[-6.318625450134277, -548.77490234375, 1759.5025634765625]
[6.17437219619751, -530.3467407226562, 1777.521728515625]
[27.11707305908203, -513.041259765625, 1797.702880859375]
[47.390663146972656, -494.24212646484375, 1821.570068359375]
[66.93894958496094, -486.44964599609375, 1838.6021728515625]
[84.46955871582031, -480.7246398925781, 1857.9716796875]
[97.67063903808594, -489.22625732421875, 1877.1859130859375]
[105.9899673461914, -500.4026184082031, 1893.149658203125]
[123.71485900878906, -509.4773864746094, 1903.2818603515625]
[133.3095703125, -521.3786010742188, 1914.85595703125]
[144.5018310546875, -520.7059936523438, 1916.0933837890625]
[151.15159606933594, -539.1741943359375, 1925.81640625]
[156.52574157714844, -536.6224975585938, 1934.0506591796875]
[158.02076721191406, -539.1763916015625, 1947.109375]
[160.52264404296875, -543.6893920898438, 1960.4752197265625]
[156.96498107910156, -539.8685913085938, 1973.62451171875]
[156.97503662109375, -535.3356323242188, 1988.6669921875]
[155.82643127441406, -533.4178466796875, 2002.16650390625]
[154.3949432373047, -538.9434204101562, 2019.7186279296875]
[152.9558868408203, -537.7473754882812, 2031.71533203125]
[147.72023010253906, -531.4552612304688, 2045.483154296875]
[144.09263610839844, -525.8394775390625, 2063.180419921875]
[145.79840087890625, -520.4505615234375, 2084.1083984375]
[140.94496154785156, -514.2298583984375, 2104.993408203125]
[136.1832733154297, -503.89044189453125, 2129.208251953125]
[132.7503204345703, -500.2206115722656, 2147.260986328125]
[127.61896514892578, -496.1993103027344, 2170.94775390625]
[129.65411376953125, -504.5885314941406, 2182.846435546875]
[131.31710815429688, -511.6195068359375, 2190.507568359375]
[134.862548828125, -530.9921264648438, 2194.07470703125]
[138.84649658203125, -537.4841918945312, 2200.094482421875]
[148.6495361328125, -545.7048950195312, 2207.43408203125]
[153.16000366210938, -551.5201416015625, 2213.684814453125]
[158.76577758789062, -549.0142211914062, 2216.95263671875]
[169.742919921875, -549.3119506835938, 2217.33056640625]
[174.27467346191406, -548.047607421875, 2224.720458984375]
[181.00070190429688, -546.2470703125, 2224.020263671875]
[190.96249389648438, -535.5670166015625, 2228.694580078125]
[200.57440185546875, -525.5027465820312, 2234.291748046875]
[212.64808654785156, -509.59759521484375, 2249.0380859375]
[222.00584411621094, -491.7267150878906, 2265.92431640625]
[228.64100646972656, -483.88092041015625, 2275.331298828125]
[236.64950561523438, -484.8815002441406, 2279.908203125]
[239.73460388183594, -485.0021057128906, 2279.130859375]
[242.29331970214844, -493.0815124511719, 2285.437744140625]
[251.73544311523438, -505.48248291015625, 2294.036865234375]
[253.25425720214844, -513.5436401367188, 2288.926513671875]
[251.1197967529297, -527.6309814453125, 2288.110107421875]
[239.45191955566406, -532.6646728515625, 2280.085205078125]
[232.2957763671875, -529.6311645507812, 2256.046875]
[223.96075439453125, -529.3264770507812, 2250.044677734375]
[223.20358276367188, -519.3703002929688, 2240.0966796875]
[212.80734252929688, -511.3132019042969, 2234.38623046875]
[205.26307678222656, -501.5854797363281, 2221.391357421875]
[199.4669952392578, -493.20941162109375, 2209.3974609375]
[183.33966064453125, -488.5474548339844, 2192.509765625]
[173.98268127441406, -483.968505859375, 2172.18359375]
[167.4796600341797, -474.6322326660156, 2158.298095703125]
[167.87701416015625, -466.763916015625, 2142.988525390625]
[161.07156372070312, -457.76837158203125, 2132.045166015625]
[147.69326782226562, -451.0481872558594, 2119.266357421875]
[134.98062133789062, -447.55853271484375, 2102.29931640625]
[121.29367065429688, -447.7637634277344, 2089.28125]
[109.32847595214844, -451.79022216796875, 2079.915283203125]
[97.86479187011719, -451.41094970703125, 2059.76220703125]
[86.11610412597656, -456.9046936035156, 2036.4014892578125]
[80.0045166015625, -458.03839111328125, 2015.1131591796875]
[71.44080352783203, -463.9242858886719, 1990.755126953125]
[62.2176513671875, -468.45709228515625, 1966.7572021484375]
[52.08937454223633, -468.17462158203125, 1940.8096923828125]
[46.75775146484375, -471.7951965332031, 1918.081787109375]
[36.02854537963867, -470.074951171875, 1893.7857666015625]
[23.32329750061035, -469.5800476074219, 1878.13623046875]
[9.53124713897705, -460.8087158203125, 1857.1427001953125]
[-0.44935569167137146, -452.1116027832031, 1835.0960693359375]
[-8.089147567749023, -452.2366027832031, 1815.76220703125]
[-9.345803260803223, -450.1757507324219, 1802.198486328125]
[-11.924966812133789, -453.0274353027344, 1796.2490234375]
[-22.712574005126953, -455.79974365234375, 1759.143798828125]
[-26.462772369384766, -456.4571533203125, 1726.9794921875]
[-29.44316291809082, -462.3370056152344, 1698.5924072265625]
[0,0,0]
[0,0,0]
[0,0,0]
[0,0,0]
[0,0,0]
[0,0,0]
[0,0,0]
[0,0,0]
[0,0,0]
[0,0,0]
[0,0,0]
[0,0,0]
[0,0,0]
[0,0,0]
[0,0,0]
[0,0,0]
[0,0,0]
[0,0,0]
[0,0,0]
[0,0,0]
[0,0,0]
[0,0,0]
[0,0,0]
[0,0,0]
[0,0,0]
[0,0,0]
[0,0,0]
[0,0,0]
[0,0,0]
[0,0,0]
[0,0,0]
[0,0,0]
[0,0,0]
[0,0,0]
[0,0,0]
[0,0,0]
[0,0,0]
[0,0,0]
[0,0,0]
[0,0,0]
[0,0,0]
[0,0,0]
[0,0,0]
[0,0,0]
[0,0,0]
[0,0,0]
[0,0,0]
[0,0,0]
[0,0,0]
[0,0,0]
[0,0,0]
[0,0,0]
[0,0,0]
[0,0,0]
[0,0,0]
[0,0,0]
[0,0,0]
[0,0,0]
[0,0,0]
[0,0,0]
[0,0,0]
[0,0,0]
[0,0,0]
[0,0,0]
[0,0,0]
[0,0,0]
[0,0,0]
[0,0,0]
[0,0,0]
[0,0,0]
[0,0,0]
[0,0,0]
[0,0,0]
[0,0,0]
[0,0,0]
[0,0,0]
[0,0,0]
[0,0,0]
[0,0,0]
[0,0,0]
[0,0,0]
[0,0,0]
[0,0,0]
[0,0,0]
[0,0,0]
[0,0,0]
[0,0,0]
[0,0,0]
[0,0,0]
[0,0,0]
[0,0,0]
[0,0,0]
[0,0,0]
[0,0,0]
[0,0,0]
[0,0,0]
[0,0,0]
[0,0,0]
[0,0,0]
[0,0,0]
[0,0,0]
[0,0,0]
[0,0,0]
[0,0,0]
[0,0,0]
[0,0,0]
[0,0,0]
[0,0,0]
[0,0,0]
[0,0,0]
[0,0,0]
[0,0,0]
[0,0,0]
[0,0,0]
[0,0,0]
[0,0,0]
[0,0,0]
[0,0,0]
[0,0,0]
[0,0,0]
[0,0,0]
[0,0,0]
[0,0,0]
[0,0,0]
[0,0,0]
[0,0,0]
[0,0,0]
[0,0,0]
[0,0,0]
[0,0,0]
[0,0,0]
[0,0,0]
[0,0,0]
[0,0,0]
[0,0,0]
[0,0,0]
[0,0,0]
[0,0,0]
[0,0,0]
[0,0,0]
[0,0,0]
[0,0,0]
[0,0,0]
[0,0,0]
[0,0,0]
[0,0,0]
[0,0,0]
[0,0,0]
[0,0,0]
[0,0,0]
[0,0,0]
[0,0,0]
[0,0,0]
[0,0,0]
[0,0,0]
[0,0,0]
[0,0,0]
[0,0,0]
[0,0,0]
[0,0,0]
[0,0,0]
[0,0,0]
[0,0,0]
[0,0,0]
[0,0,0]
[0,0,0]
[0,0,0]
[0,0,0]
[0,0,0]
[0,0,0]
[0,0,0]
[0,0,0]
[0,0,0]
[0,0,0]
[0,0,0]
[0,0,0]
[0,0,0]
[0,0,0]
[0,0,0]
[0,0,0]
[0,0,0]
[0,0,0]
[0,0,0]
[0,0,0]
[0,0,0]
[0,0,0]
[0,0,0]
[0,0,0]
[0,0,0]
[0,0,0]
[0,0,0]
[0,0,0]
[0,0,0]
[0,0,0]
[0,0,0]
[0,0,0]
[0,0,0]
[0,0,0]
[0,0,0]
[0,0,0]
[0,0,0]
[0,0,0]
[0,0,0]
[0,0,0]
[0,0,0]
[0,0,0]
[0,0,0]
[0,0,0]
[0,0,0]
[0,0,0]
[0,0,0]
[0,0,0]
[0,0,0]
[0,0,0]
[0,0,0]
[0,0,0]
[0,0,0]
[0,0,0]
[0,0,0]
[0,0,0]
[0,0,0]
[0,0,0]
[0,0,0]
[0,0,0]
[0,0,0]
[0,0,0]
[0,0,0]
[0,0,0]
[0,0,0]
[0,0,0]
[0,0,0]
[0,0,0]
[0,0,0]
[0,0,0]
[0,0,0]
[0,0,0]
[0,0,0]
[0,0,0]
[0,0,0]
[0,0,0]
[0,0,0]
[0,0,0]
[0,0,0]
[0,0,0]
[0,0,0]
[0,0,0]
[0,0,0]
[0,0,0]
[0,0,0]
[0,0,0]
[0,0,0]
[0,0,0]
[0,0,0]
[0,0,0]
[0,0,0]
[0,0,0]
[0,0,0]
[0,0,0]
[0,0,0]
[0,0,0]
[0,0,0]
[0,0,0]
[0,0,0]
[0,0,0]
[0,0,0]
[0,0,0]
[0,0,0]
[0,0,0]
[0,0,0]
[0,0,0]
[0,0,0]
[0,0,0]
[0,0,0]
[0,0,0]
[0,0,0]
[0,0,0]
[0,0,0]
[0,0,0]
[0,0,0]
[0,0,0]
[0,0,0]
[0,0,0]
[0,0,0]
[0,0,0]
[0,0,0]
[0,0,0]
[0,0,0]
[0,0,0]
[0,0,0]
[0,0,0]
[0,0,0]
[0,0,0]
[0,0,0]
[0,0,0]
[0,0,0]
[0,0,0]
[0,0,0]
[0,0,0]
[0,0,0]
[0,0,0]
[0,0,0]
[0,0,0]
[0,0,0]
[0,0,0]
[0,0,0]
[0,0,0]
[0,0,0]
[0,0,0]
[0,0,0]
[0,0,0]
[0,0,0]
[0,0,0]
[0,0,0]
[0,0,0]
[0,0,0]
[0,0,0]
[0,0,0]
[0,0,0]
[0,0,0]
[0,0,0]
[0,0,0]
[0,0,0]
[0,0,0]
[0,0,0]
[0,0,0]
[0,0,0]
[0,0,0]
[0,0,0]
[0,0,0]
[0,0,0]
[0,0,0]
[0,0,0]
[0,0,0]
[0,0,0]
[0,0,0]
[0,0,0]
[0,0,0]
[0,0,0]
[0,0,0]
[0,0,0]
[0,0,0]
[0,0,0]
[0,0,0]
[0,0,0]
[0,0,0]
[0,0,0]
[0,0,0]
[0,0,0]
[0,0,0]
[0,0,0]
[0,0,0]
[0,0,0]
[0,0,0]
[0,0,0]
[0,0,0]
[0,0,0]
[0,0,0]
[0,0,0]
[0,0,0]
[0,0,0]
[0,0,0]
[0,0,0]
[0,0,0]
[0,0,0]
[0,0,0]
[0,0,0]
[0,0,0]
[0,0,0]
[0,0,0]
[0,0,0]
[0,0,0]
[0,0,0]
[0,0,0]
[0,0,0]
[0,0,0]
[0,0,0]
[0,0,0]
[0,0,0]
[0,0,0]
[0,0,0]
[0,0,0]
[0,0,0]
[0,0,0]
[0,0,0]
[0,0,0]
[0,0,0]
[0,0,0]
[0,0,0]
[0,0,0]
[0,0,0]
[0,0,0]
[0,0,0]
[0,0,0]
[0,0,0]
[0,0,0]
[0,0,0]
[0,0,0]
[0,0,0]
[0,0,0]
[0,0,0]
[0,0,0]
[0,0,0]
[0,0,0]
[0,0,0]
[0,0,0]
[0,0,0]
[0,0,0]
[0,0,0]
[0,0,0]
[0,0,0]
[0,0,0]
[0,0,0]
[0,0,0]
[0,0,0]
[0,0,0]
[0,0,0]
[0,0,0]
[0,0,0]
[0,0,0]
[0,0,0]
[0,0,0]
[0,0,0]
[0,0,0]
[0,0,0]
[0,0,0]
[0,0,0]
[0,0,0]
[0,0,0]
[0,0,0]
[0,0,0]
[0,0,0]
[0,0,0]
[0,0,0]
[0,0,0]
[0,0,0]
[0,0,0]
[0,0,0]
[0,0,0]
[0,0,0]
[0,0,0]
[0,0,0]
[0,0,0]
[0,0,0]
[0,0,0]
[0,0,0]
[0,0,0]
[0,0,0]
[0,0,0]
[0,0,0]
[0,0,0]
[0,0,0]
[0,0,0]
