452
30
[145.7912139892578, 594.8466796875, 2221.369384765625]
[147.3924560546875, 603.3059692382812, 2219.735595703125]
[147.373291015625, 606.4832763671875, 2217.598876953125]
[147.58782958984375, 608.2369384765625, 2219.78955078125]
[147.2198486328125, 611.8251953125, 2222.407958984375]
[149.60720825195312, 609.5820922851562, 2223.126953125]
[150.00213623046875, 610.1455688476562, 2222.85888671875]
[153.38165283203125, 610.4874267578125, 2224.985595703125]
[153.0968475341797, 610.71435546875, 2224.95361328125]
[151.90133666992188, 610.764404296875, 2222.099365234375]
[151.7562713623047, 610.6220703125, 2224.455078125]
[156.3599395751953, 612.5155639648438, 2225.760009765625]
[155.85812377929688, 613.1402587890625, 2224.7607421875]
[156.16000366210938, 614.32421875, 2224.3046875]
[155.62159729003906, 616.2747192382812, 2224.3720703125]
[154.80545043945312, 615.84912109375, 2226.037353515625]
[155.61944580078125, 616.1121215820312, 2227.1181640625]
[155.29537963867188, 616.1974487304688, 2225.5322265625]
[155.3048858642578, 616.291259765625, 2225.28173828125]
[162.20358276367188, 614.21728515625, 2223.916015625]
[162.537109375, 610.7491455078125, 2225.500244140625]
[162.56385803222656, 606.7522583007812, 2223.795166015625]
[160.9091033935547, 606.864013671875, 2222.97265625]
[162.2242889404297, 608.3339233398438, 2223.237548828125]
[161.62875366210938, 607.1744995117188, 2222.950927734375]
[160.6874237060547, 607.5784301757812, 2220.823486328125]
[161.74008178710938, 605.54150390625, 2220.964599609375]
[160.7556915283203, 606.643798828125, 2221.23681640625]
[160.7036590576172, 606.6216430664062, 2219.993408203125]
[162.30474853515625, 606.57763671875, 2223.6875]
[160.70809936523438, 607.570556640625, 2219.296630859375]
[160.63058471679688, 607.4310913085938, 2219.5341796875]
[160.45166015625, 607.2752075195312, 2219.997314453125]
[158.75021362304688, 609.8265991210938, 2221.344482421875]
[160.82310485839844, 609.5811767578125, 2225.6513671875]
[160.40127563476562, 609.4381713867188, 2222.63818359375]
[160.24937438964844, 609.4590454101562, 2222.633056640625]
[162.29312133789062, 610.922119140625, 2226.4677734375]
[161.14944458007812, 610.4144897460938, 2224.62744140625]
[160.7600555419922, 611.2380981445312, 2224.17138671875]
[160.30572509765625, 608.2310180664062, 2219.724853515625]
[158.39146423339844, 612.2061157226562, 2223.74658203125]
[155.92897033691406, 611.6746826171875, 2222.821044921875]
[156.8323211669922, 608.3294067382812, 2219.12451171875]
[157.68490600585938, 607.6727905273438, 2219.810546875]
[156.01162719726562, 608.135498046875, 2218.540283203125]
[154.8428497314453, 611.3878784179688, 2220.002685546875]
[149.5144500732422, 609.9197387695312, 2217.919677734375]
[146.543212890625, 611.7091674804688, 2219.2431640625]
[144.7480010986328, 606.93896484375, 2210.415771484375]
[141.62930297851562, 587.4490966796875, 2197.160400390625]
[139.22720336914062, 569.2583618164062, 2161.804443359375]
[122.8626708984375, 526.2638549804688, 2116.522216796875]
[111.88868713378906, 471.44732666015625, 2067.546142578125]
[80.20904541015625, 428.418212890625, 2012.0201416015625]
[60.667945861816406, 395.4221496582031, 1962.616455078125]
[40.66264724731445, 362.5851745605469, 1914.634033203125]
[38.37705993652344, 346.49169921875, 1877.656005859375]
[48.78789138793945, 345.06494140625, 1846.33251953125]
[72.87824249267578, 357.6513366699219, 1836.5701904296875]
[85.4353256225586, 371.8059387207031, 1839.5947265625]
[123.22347259521484, 425.41815185546875, 1853.1990966796875]
[142.15460205078125, 442.8641662597656, 1868.778076171875]
[178.15281677246094, 482.2724609375, 1881.9615478515625]
[197.13180541992188, 510.1544189453125, 1902.1304931640625]
[219.38912963867188, 544.6384887695312, 1922.3851318359375]
[230.22035217285156, 565.6762084960938, 1954.4713134765625]
[231.81549072265625, 568.3867797851562, 1966.1134033203125]
[224.8480682373047, 577.9216918945312, 1994.407470703125]
[225.34844970703125, 580.5001831054688, 2006.583984375]
[228.89788818359375, 601.0198364257812, 2018.624267578125]
[227.01904296875, 604.2606811523438, 2009.938720703125]
[230.78445434570312, 601.6114501953125, 2008.10595703125]
[231.77024841308594, 601.7117309570312, 2007.926513671875]
[234.718017578125, 596.9443359375, 2005.859375]
[237.90467834472656, 586.6473999023438, 1990.573486328125]
[242.42137145996094, 584.7125244140625, 1980.729736328125]
[250.68569946289062, 576.7340087890625, 1951.025634765625]
[254.16978454589844, 573.7077026367188, 1939.9285888671875]
[255.94821166992188, 569.4744873046875, 1933.5059814453125]
[263.71209716796875, 566.996337890625, 1927.752197265625]
[259.3399353027344, 563.0547485351562, 1923.0238037109375]
[259.08526611328125, 565.4767456054688, 1925.130615234375]
[255.08859252929688, 566.8131103515625, 1923.0611572265625]
[252.37271118164062, 569.8489990234375, 1933.52001953125]
[224.59085083007812, 561.5473022460938, 1906.42138671875]
[191.88185119628906, 545.2111206054688, 1858.7969970703125]
[177.64659118652344, 540.9549560546875, 1833.2218017578125]
[143.7423553466797, 518.4031372070312, 1788.600830078125]
[121.64351654052734, 495.771240234375, 1758.1859130859375]
[78.20455932617188, 449.43487548828125, 1723.117431640625]
[58.24254608154297, 438.8551940917969, 1708.246826171875]
[52.66088104248047, 442.5835876464844, 1707.039306640625]
[32.675445556640625, 457.29901123046875, 1678.3140869140625]
[21.61771011352539, 489.7723693847656, 1640.131591796875]
[20.240604400634766, 517.9201049804688, 1613.90478515625]
[33.41537857055664, 542.6600952148438, 1593.079345703125]
[46.469329833984375, 554.3653564453125, 1589.3780517578125]
[69.07599639892578, 573.0528564453125, 1579.760009765625]
[100.54952239990234, 609.0005493164062, 1570.8714599609375]
[108.39933013916016, 629.66357421875, 1567.7509765625]
[112.29988861083984, 643.2206420898438, 1570.715087890625]
[115.34419250488281, 662.4086303710938, 1566.3907470703125]
[116.05179595947266, 660.583251953125, 1566.6046142578125]
[119.40733337402344, 659.2869873046875, 1570.991943359375]
[113.6902847290039, 654.8186645507812, 1564.0738525390625]
[110.69160461425781, 653.9474487304688, 1560.0621337890625]
[106.9542007446289, 655.8431396484375, 1556.3712158203125]
[103.31324005126953, 650.3418579101562, 1557.519287109375]
[97.95634460449219, 653.978271484375, 1562.609375]
[92.3495101928711, 653.0865478515625, 1574.5294189453125]
[89.3587875366211, 648.3870239257812, 1584.22412109375]
[94.39274597167969, 639.7588500976562, 1600.05712890625]
[95.28113555908203, 622.488525390625, 1613.6500244140625]
[108.20645141601562, 611.1744995117188, 1632.944091796875]
[108.4760513305664, 611.1127319335938, 1658.85009765625]
[112.80297088623047, 608.2288208007812, 1695.99951171875]
[151.3816375732422, 560.96435546875, 1707.02783203125]
[165.17041015625, 551.6875, 1730.0479736328125]
[176.83738708496094, 543.7618408203125, 1751.69140625]
[185.85545349121094, 540.3682250976562, 1771.706298828125]
[192.39878845214844, 540.05029296875, 1784.6363525390625]
[191.06399536132812, 545.5130615234375, 1802.1990966796875]
[188.8407440185547, 544.6658935546875, 1812.780029296875]
[191.0206298828125, 549.8485717773438, 1823.7325439453125]
[190.98170471191406, 555.3726196289062, 1832.796875]
[205.15342712402344, 574.368896484375, 1846.4376220703125]
[214.12689208984375, 585.0415649414062, 1856.524658203125]
[235.7998504638672, 594.9583129882812, 1867.652587890625]
[235.13194274902344, 593.01953125, 1862.6136474609375]
[248.6997833251953, 603.5587768554688, 1868.5484619140625]
[248.06207275390625, 605.1368408203125, 1865.7584228515625]
[254.71600341796875, 614.5962524414062, 1868.62109375]
[254.50718688964844, 616.9947509765625, 1865.7784423828125]
[245.7864227294922, 626.8766479492188, 1874.3302001953125]
[247.0457305908203, 628.3654174804688, 1878.2437744140625]
[253.42848205566406, 633.9671630859375, 1888.6337890625]
[253.24794006347656, 638.8746337890625, 1897.7381591796875]
[250.10549926757812, 646.8767700195312, 1907.8524169921875]
[230.01205444335938, 630.45703125, 1913.228759765625]
[217.55679321289062, 621.0300903320312, 1916.9091796875]
[203.85018920898438, 613.9464111328125, 1920.810546875]
[191.9308624267578, 610.26611328125, 1923.9150390625]
[173.48158264160156, 599.2978515625, 1929.38623046875]
[159.23696899414062, 593.6137084960938, 1933.632080078125]
[122.2940673828125, 577.7735595703125, 1941.7294921875]
[100.2409896850586, 564.7368774414062, 1952.4727783203125]
[69.08012390136719, 537.5952758789062, 1958.95556640625]
[32.707740783691406, 504.485595703125, 1977.3548583984375]
[4.740484237670898, 474.7533264160156, 1976.951416015625]
[-11.710268020629883, 442.2708740234375, 1982.164794921875]
[-40.37516403198242, 423.8890380859375, 1974.96240234375]
[-45.09547424316406, 415.982177734375, 1960.7947998046875]
[-57.711002349853516, 430.4544982910156, 1953.9217529296875]
[-64.80108642578125, 459.53570556640625, 1905.5626220703125]
[-76.39251708984375, 495.7718200683594, 1882.407470703125]
[-93.95420837402344, 557.4154052734375, 1848.93212890625]
[-96.33546447753906, 571.2717895507812, 1841.38720703125]
[-100.83036804199219, 580.6309204101562, 1845.6483154296875]
[-107.6269760131836, 601.23583984375, 1867.134521484375]
[-113.20520782470703, 607.6945190429688, 1877.3150634765625]
[-115.3897476196289, 619.1373901367188, 1875.1025390625]
[-112.18541717529297, 621.8490600585938, 1876.9642333984375]
[-113.81735229492188, 625.4314575195312, 1876.6251220703125]
[-114.44711303710938, 624.358154296875, 1880.026611328125]
[-120.11046600341797, 623.9193115234375, 1871.2435302734375]
[-122.69773864746094, 622.8201293945312, 1869.578369140625]
[-123.9996337890625, 608.1497802734375, 1859.323974609375]
[-126.60948944091797, 594.1752319335938, 1854.957275390625]
[-127.04518127441406, 578.295166015625, 1835.4862060546875]
[-133.1644287109375, 560.7693481445312, 1809.70751953125]
[-128.91143798828125, 539.4029541015625, 1759.0018310546875]
[-118.56865692138672, 518.8834228515625, 1695.3408203125]
[-107.96247100830078, 477.20867919921875, 1585.597412109375]
[-95.97201538085938, 450.6155700683594, 1460.1417236328125]
[-84.62140655517578, 461.6860656738281, 1351.2015380859375]
[-78.11618041992188, 419.29833984375, 1168.7667236328125]
[-54.598384857177734, 328.9212646484375, 951.6246948242188]
[-13.74410629272461, 227.4464569091797, 813.1333618164062]
[38.180477142333984, 203.94529724121094, 870.0819091796875]
[16.11475944519043, 271.9007263183594, 837.1724243164062]
[-0.3415253162384033, 377.1910095214844, 823.2518310546875]
[-8.87319278717041, 418.180419921875, 842.8906860351562]
[-21.149314880371094, 467.5049743652344, 919.9302978515625]
[-37.264137268066406, 359.4237976074219, 888.3751220703125]
[-16.563051223754883, 230.6378631591797, 740.9707641601562]
[-23.043745040893555, 222.2009735107422, 990.0008544921875]
[-18.314659118652344, 274.2961120605469, 1117.8880615234375]
[1.0316743850708008, 349.3412780761719, 1245.010009765625]
[7.912621021270752, 401.92437744140625, 1374.8812255859375]
[5.486726760864258, 440.0643310546875, 1498.2674560546875]
[-3.045380115509033, 477.27301025390625, 1615.0233154296875]
[-14.34390640258789, 525.1294555664062, 1720.44921875]
[-26.018978118896484, 538.48388671875, 1786.596923828125]
[-37.475765228271484, 556.4760131835938, 1833.8289794921875]
[-43.113990783691406, 576.4949340820312, 1853.788330078125]
[-47.47916793823242, 590.439208984375, 1876.1287841796875]
[-46.02452087402344, 590.736083984375, 1881.5213623046875]
[-46.12018966674805, 591.0022583007812, 1889.4671630859375]
[-45.71979522705078, 587.0775146484375, 1895.019775390625]
[-46.14522933959961, 590.639404296875, 1905.992919921875]
[-42.95161819458008, 601.8529663085938, 1915.927001953125]
[-39.75824737548828, 611.3577880859375, 1918.604248046875]
[-36.75313949584961, 619.4091796875, 1926.78076171875]
[-36.88094711303711, 624.6009521484375, 1924.465087890625]
[-35.14412307739258, 623.63427734375, 1927.7291259765625]
[-34.32301330566406, 620.7789306640625, 1926.769287109375]
[-26.71186637878418, 617.6726684570312, 1922.7606201171875]
[-19.99474334716797, 611.5369262695312, 1906.07373046875]
[1.8238686323165894, 598.5223999023438, 1887.8077392578125]
[17.93473243713379, 581.3973999023438, 1891.142822265625]
[77.42451477050781, 561.0904541015625, 1909.6663818359375]
[100.8556900024414, 527.615234375, 1954.8212890625]
[142.0723876953125, 500.8441162109375, 2006.051513671875]
[178.37237548828125, 482.6244201660156, 2054.709716796875]
[205.95401000976562, 476.0429992675781, 2097.775634765625]
[220.1339569091797, 488.8729248046875, 2135.899169921875]
[234.94923400878906, 503.692626953125, 2159.9765625]
[245.60614013671875, 526.0368041992188, 2203.008056640625]
[254.8470458984375, 541.1934814453125, 2241.779541015625]
[253.7034149169922, 556.0208129882812, 2278.2216796875]
[249.739501953125, 566.0743408203125, 2301.882568359375]
[243.89903259277344, 572.3800659179688, 2308.278076171875]
[242.23313903808594, 570.7347412109375, 2290.683837890625]
[240.10887145996094, 563.0217895507812, 2292.994140625]
[243.1343994140625, 556.589111328125, 2274.203125]
[242.5986785888672, 554.62158203125, 2268.9443359375]
[240.97793579101562, 554.9098510742188, 2268.54052734375]
[231.982177734375, 549.0260009765625, 2265.256591796875]
[229.46348571777344, 551.046875, 2265.509033203125]
[228.1274871826172, 552.259765625, 2271.12744140625]
[228.96009826660156, 540.1876220703125, 2275.448486328125]
[228.42654418945312, 527.2164306640625, 2276.595703125]
[229.51234436035156, 517.9508666992188, 2271.9970703125]
[226.1956329345703, 523.4857788085938, 2262.303466796875]
[230.70750427246094, 523.5933227539062, 2250.08837890625]
[236.95021057128906, 533.33154296875, 2256.281494140625]
[259.94915771484375, 542.4300537109375, 2249.893798828125]
[265.30438232421875, 551.51416015625, 2266.753662109375]
[260.4477844238281, 549.7664184570312, 2264.7177734375]
[253.77220153808594, 557.3238525390625, 2266.80712890625]
[258.22747802734375, 549.7044067382812, 2243.369873046875]
[256.0259704589844, 542.219482421875, 2221.389404296875]
[251.4129638671875, 534.9136352539062, 2210.443359375]
[246.66146850585938, 525.0064086914062, 2208.957763671875]
[246.57586669921875, 533.9100341796875, 2211.309814453125]
[246.66860961914062, 546.1629028320312, 2222.44921875]
[248.0139617919922, 561.0869140625, 2238.89599609375]
[248.79933166503906, 561.3453979492188, 2237.75927734375]
[245.40963745117188, 564.0400390625, 2243.59814453125]
[246.69381713867188, 562.4872436523438, 2253.66650390625]
[249.19659423828125, 561.9270629882812, 2259.028076171875]
[243.03610229492188, 567.9609985351562, 2254.98095703125]
[237.7167205810547, 578.5253295898438, 2273.010009765625]
[237.52896118164062, 583.1036376953125, 2277.67529296875]
[237.71536254882812, 587.806884765625, 2274.009765625]
[234.8826904296875, 588.6909790039062, 2280.38818359375]
[234.68751525878906, 591.6964721679688, 2277.50390625]
[230.94912719726562, 593.4334716796875, 2279.544677734375]
[232.51112365722656, 591.2619018554688, 2277.22802734375]
[234.39215087890625, 586.4845581054688, 2272.380126953125]
[235.06800842285156, 586.0457763671875, 2271.1943359375]
[235.73582458496094, 582.3397827148438, 2267.35107421875]
[237.6441650390625, 591.2694702148438, 2279.91357421875]
[240.1659393310547, 591.6823120117188, 2279.59228515625]
[254.0846405029297, 595.3849487304688, 2279.546142578125]
[255.21728515625, 588.9437255859375, 2274.87548828125]
[260.4352722167969, 556.2538452148438, 2246.21435546875]
[249.8386993408203, 536.7744140625, 2241.154296875]
[246.43695068359375, 529.7413330078125, 2254.290283203125]
[235.2008056640625, 493.3427429199219, 2273.19970703125]
[234.630859375, 474.6291198730469, 2302.943603515625]
[230.5330352783203, 467.7867126464844, 2333.789794921875]
[233.5169677734375, 466.760498046875, 2362.796142578125]
[234.45228576660156, 471.8995056152344, 2377.517578125]
[226.93287658691406, 484.8735046386719, 2394.680419921875]
[211.46250915527344, 500.1645812988281, 2420.753173828125]
[213.75833129882812, 510.3752746582031, 2423.651611328125]
[217.05169677734375, 521.5304565429688, 2434.68115234375]
[217.41641235351562, 528.9684448242188, 2443.403564453125]
[217.86773681640625, 534.2916870117188, 2440.409912109375]
[220.08096313476562, 541.8259887695312, 2431.107177734375]
[214.3138427734375, 538.1253662109375, 2439.947509765625]
[212.5809326171875, 534.0487670898438, 2423.173095703125]
[207.23568725585938, 518.0576782226562, 2400.64208984375]
[193.62921142578125, 503.6728515625, 2337.155517578125]
[160.06640625, 452.3808288574219, 2258.682373046875]
[136.14004516601562, 393.56201171875, 2168.70751953125]
[115.1301498413086, 341.07470703125, 2051.615478515625]
[104.39029693603516, 291.57452392578125, 1958.993896484375]
[108.60596466064453, 239.51510620117188, 1846.293212890625]
[95.62806701660156, 239.62896728515625, 1814.506103515625]
[83.95699310302734, 221.4779510498047, 1687.468505859375]
[65.47367858886719, 196.60047912597656, 1561.90869140625]
[52.75193786621094, 207.5402374267578, 1492.5667724609375]
[56.997047424316406, 214.0970458984375, 1440.8531494140625]
[73.750732421875, 240.69175720214844, 1405.5133056640625]
[87.48930358886719, 291.5975341796875, 1383.84326171875]
[110.33348083496094, 351.1651611328125, 1366.3309326171875]
[120.71603393554688, 398.0044860839844, 1375.8739013671875]
[141.6485595703125, 515.8218383789062, 1406.0941162109375]
[167.63153076171875, 589.0303344726562, 1436.1768798828125]
[172.9252471923828, 624.853759765625, 1482.3841552734375]
[157.9418487548828, 662.9928588867188, 1492.6014404296875]
[161.88656616210938, 653.0113525390625, 1496.91015625]
[183.7730712890625, 646.7454223632812, 1483.8209228515625]
[173.5099639892578, 635.6475219726562, 1508.2554931640625]
[157.2496337890625, 635.6293334960938, 1516.3719482421875]
[152.1385955810547, 637.0860595703125, 1508.735107421875]
[166.48776245117188, 632.4583129882812, 1509.5001220703125]
[172.493896484375, 630.7738037109375, 1500.592529296875]
[172.06100463867188, 623.9783935546875, 1493.118408203125]
[173.9438018798828, 623.6862182617188, 1491.4814453125]
[174.163330078125, 627.9456787109375, 1487.55859375]
[176.73471069335938, 633.0596923828125, 1493.7545166015625]
[178.17864990234375, 627.7672729492188, 1495.8565673828125]
[175.64743041992188, 620.8392333984375, 1493.7708740234375]
[172.1378173828125, 618.3145141601562, 1489.97509765625]
[168.42784118652344, 619.0560302734375, 1490.0035400390625]
[165.7608642578125, 618.8367919921875, 1485.867919921875]
[165.9680938720703, 631.29638671875, 1488.41650390625]
[161.91061401367188, 629.2430419921875, 1486.5675048828125]
[157.8213653564453, 632.2628173828125, 1489.06201171875]
[134.4302978515625, 599.5936279296875, 1466.5068359375]
[126.67289733886719, 592.0820922851562, 1462.4163818359375]
[80.8701400756836, 539.25048828125, 1419.4105224609375]
[68.68518829345703, 477.66552734375, 1418.22021484375]
[45.396297454833984, 334.7479248046875, 1437.9490966796875]
[28.943092346191406, 271.9055480957031, 1462.006591796875]
[-6.13856315612793, 226.59820556640625, 1489.333984375]
[-36.097110748291016, 209.06202697753906, 1513.590087890625]
[-81.31110382080078, 220.9851531982422, 1538.913330078125]
[-137.1505584716797, 263.82891845703125, 1542.0230712890625]
[-179.60769653320312, 325.0115661621094, 1534.17041015625]
[-212.17897033691406, 371.5805358886719, 1512.1585693359375]
[-275.2857971191406, 439.2865905761719, 1508.2252197265625]
[-280.0575866699219, 465.3455810546875, 1495.863037109375]
[-280.8379821777344, 540.45556640625, 1486.139404296875]
[-269.1127014160156, 547.4727172851562, 1457.871337890625]
[-249.74037170410156, 599.7467041015625, 1425.22119140625]
[-244.60214233398438, 643.4349975585938, 1402.1065673828125]
[-244.25765991210938, 666.6651000976562, 1392.0592041015625]
[-244.74072265625, 669.9081420898438, 1402.8382568359375]
[-251.27166748046875, 668.6591796875, 1396.43896484375]
[-254.27981567382812, 664.6903686523438, 1391.8560791015625]
[-259.6224365234375, 660.35888671875, 1390.557373046875]
[-260.724365234375, 654.6376953125, 1393.56005859375]
[-265.83245849609375, 644.0264892578125, 1397.16552734375]
[-267.4242248535156, 640.9952392578125, 1403.0069580078125]
[-274.05303955078125, 625.83935546875, 1408.0938720703125]
[-275.5168151855469, 624.6862182617188, 1418.2059326171875]
[-298.5256652832031, 591.2332763671875, 1413.60009765625]
[-317.36102294921875, 592.347412109375, 1410.44677734375]
[-331.6654968261719, 596.7135620117188, 1411.3121337890625]
[-336.15423583984375, 598.6644897460938, 1417.539794921875]
[-338.3726501464844, 598.128662109375, 1428.200439453125]
[-342.651123046875, 601.9232177734375, 1446.593994140625]
[-350.5266418457031, 589.62109375, 1480.98095703125]
[-363.6393127441406, 548.9110717773438, 1543.3707275390625]
[-408.1646423339844, 514.1784057617188, 1577.954833984375]
[-452.9129333496094, 468.80377197265625, 1651.1611328125]
[-286.537841796875, 535.6840209960938, 1806.863525390625]
[-118.18033599853516, 518.8513793945312, 1948.0755615234375]
[-62.079795837402344, 509.72186279296875, 1973.6663818359375]
[40.69407272338867, 462.7185974121094, 1960.1212158203125]
[112.84405517578125, 442.3128356933594, 1941.920654296875]
[-65.90318298339844, 227.05184936523438, 1944.9320068359375]
[2.5995373725891113, 255.95843505859375, 1958.9161376953125]
[73.68482971191406, 316.2474365234375, 1976.46435546875]
[139.48681640625, 371.8854064941406, 1993.298095703125]
[188.50466918945312, 423.51165771484375, 2010.57080078125]
[216.50762939453125, 478.82110595703125, 2036.0767822265625]
[220.6844482421875, 521.05712890625, 2049.732421875]
[228.8793487548828, 539.781982421875, 2091.66552734375]
[219.1284942626953, 556.406494140625, 2117.41748046875]
[214.6381378173828, 568.0571899414062, 2132.349609375]
[218.551513671875, 572.4055786132812, 2138.982421875]
[221.8416290283203, 575.971435546875, 2148.51171875]
[222.49606323242188, 576.0136108398438, 2155.44287109375]
[229.19796752929688, 585.0072021484375, 2163.4169921875]
[234.6445770263672, 590.8221435546875, 2170.55712890625]
[235.94656372070312, 579.1358642578125, 2161.82666015625]
[236.2034149169922, 582.44482421875, 2163.7275390625]
[238.6755828857422, 581.7066650390625, 2166.82568359375]
[238.49168395996094, 582.7313842773438, 2166.999755859375]
[235.6800994873047, 581.3746948242188, 2173.822265625]
[235.43011474609375, 588.1229858398438, 2174.2529296875]
[236.99380493164062, 596.1148681640625, 2183.811767578125]
[236.3804473876953, 613.550048828125, 2181.379638671875]
[238.23699951171875, 623.2131958007812, 2178.147216796875]
[239.9400634765625, 627.6566772460938, 2179.260986328125]
[240.44000244140625, 630.753173828125, 2173.930908203125]
[241.69422912597656, 622.3687133789062, 2162.31884765625]
[244.79039001464844, 595.6473999023438, 2133.297607421875]
[244.67750549316406, 545.3841552734375, 2084.198974609375]
[239.63082885742188, 498.4053039550781, 2066.692138671875]
[223.47518920898438, 415.64349365234375, 2075.76318359375]
[198.8574676513672, 337.79998779296875, 2092.80419921875]
[194.1101837158203, 268.2191467285156, 2120.699462890625]
[189.2980194091797, 205.85910034179688, 2159.662109375]
[195.18797302246094, 179.7147216796875, 2194.97314453125]
[212.9921875, 175.0281219482422, 2210.640869140625]
[243.42555236816406, 196.4481201171875, 2248.571533203125]
[275.2074890136719, 237.75704956054688, 2300.560302734375]
[301.8522033691406, 287.389404296875, 2353.5244140625]
[334.29327392578125, 350.6670837402344, 2399.204833984375]
[351.01788330078125, 406.9753723144531, 2443.48583984375]
[360.6514587402344, 465.1329650878906, 2491.416259765625]
[384.2940673828125, 498.2558898925781, 2546.0771484375]
[388.8729553222656, 511.5390930175781, 2583.650146484375]
[391.7320861816406, 525.8552856445312, 2599.4365234375]
[399.2098388671875, 538.5101318359375, 2609.211669921875]
[394.4730529785156, 543.1791381835938, 2602.865478515625]
[396.3723449707031, 539.7611694335938, 2593.5732421875]
[397.51043701171875, 529.6575317382812, 2581.5498046875]
[397.8073425292969, 535.9334716796875, 2583.160888671875]
[403.6911315917969, 504.24420166015625, 2584.6953125]
[403.4532775878906, 499.0299987792969, 2591.314697265625]
[411.6728210449219, 491.796875, 2573.050048828125]
[409.7820129394531, 500.4411926269531, 2568.35302734375]
[405.06683349609375, 498.5392150878906, 2571.121826171875]
[402.9967956542969, 507.0848388671875, 2564.3662109375]
[404.17449951171875, 508.8443603515625, 2564.906982421875]
[405.2171630859375, 508.9136962890625, 2566.74462890625]
[403.7611999511719, 509.80621337890625, 2565.552490234375]
[397.9201965332031, 519.0540771484375, 2565.8515625]
[391.4595947265625, 509.7538757324219, 2559.11376953125]
[378.81256103515625, 514.6798095703125, 2543.523193359375]
[363.7290954589844, 503.1099853515625, 2505.85693359375]
[346.5296936035156, 492.3334045410156, 2468.156005859375]
[320.6494445800781, 464.1818542480469, 2413.17431640625]
[297.1277770996094, 467.63330078125, 2392.731689453125]
[254.53952026367188, 461.74371337890625, 2310.234375]
[219.42562866210938, 477.1239013671875, 2255.26513671875]
[172.40426635742188, 488.2099609375, 2187.5966796875]
[139.65928649902344, 536.509033203125, 2130.535888671875]
[102.96160125732422, 559.3106079101562, 2078.073486328125]
[79.93367004394531, 579.8965454101562, 2021.8543701171875]
[51.470340728759766, 590.1104125976562, 1985.0335693359375]
[31.021595001220703, 601.55224609375, 1965.4493408203125]
[-9.768173217773438, 623.3600463867188, 1986.576904296875]
[-19.358448028564453, 623.1909790039062, 1993.16650390625]
[-9.923316955566406, 622.983154296875, 2010.3326416015625]
[-47.60427474975586, 634.0567016601562, 2003.306396484375]
[-45.75790023803711, 651.1630249023438, 2001.4512939453125]
[-59.46491622924805, 652.5255737304688, 1979.453857421875]
[-66.63389587402344, 641.3168334960938, 1979.7559814453125]
[-73.15750122070312, 631.3985595703125, 1969.731689453125]
[-72.02680969238281, 629.4526977539062, 1963.2247314453125]
[-67.02482604980469, 611.1265869140625, 1956.5980224609375]
[-79.8008804321289, 600.9354858398438, 1953.896728515625]
[-80.14060974121094, 601.222900390625, 1954.9971923828125]
