452
30
[145.79121399, 205.15332031, 1221.36938477]
[147.39245605, 196.69403076, 1219.7355957]
[147.37329102, 193.51672363, 1217.59887695]
[147.58782959, 191.76306152, 1219.78955078]
[147.21984863, 188.17480469, 1222.40795898]
[149.60720825, 190.41790771, 1223.12695312]
[150.00213623, 189.85443115, 1222.85888672]
[153.38165283, 189.51257324, 1224.9855957]
[153.09684753, 189.28564453, 1224.95361328]
[151.90133667, 189.2355957, 1222.09936523]
[151.75627136, 189.37792969, 1224.45507812]
[156.35993958, 187.48443604, 1225.76000977]
[155.85812378, 186.85974121, 1224.76074219]
[156.16000366, 185.67578125, 1224.3046875]
[155.62159729, 183.72528076, 1224.37207031]
[154.80545044, 184.15087891, 1226.03735352]
[155.6194458, 183.88787842, 1227.11816406]
[155.29537964, 183.80255127, 1225.53222656]
[155.30488586, 183.70874023, 1225.28173828]
[162.20358276, 185.78271484, 1223.91601562]
[162.53710938, 189.25085449, 1225.50024414]
[162.56385803, 193.2477417, 1223.79516602]
[160.90910339, 193.13598633, 1222.97265625]
[162.22428894, 191.66607666, 1223.23754883]
[161.62875366, 192.82550049, 1222.95092773]
[160.68742371, 192.42156982, 1220.82348633]
[161.74008179, 194.45849609, 1220.96459961]
[160.75569153, 193.35620117, 1221.23681641]
[160.70365906, 193.37835693, 1219.9934082]
[162.30474854, 193.42236328, 1223.6875]
[160.70809937, 192.42944336, 1219.29663086]
[160.63058472, 192.56890869, 1219.53417969]
[160.45166016, 192.72479248, 1219.99731445]
[158.75021362, 190.17340088, 1221.34448242]
[160.82310486, 190.41882324, 1225.65136719]
[160.40127563, 190.56182861, 1222.63818359]
[160.24937439, 190.54095459, 1222.63305664]
[162.29312134, 189.07788086, 1226.46777344]
[161.14944458, 189.58551025, 1224.62744141]
[160.76005554, 188.76190186, 1224.17138672]
[160.3057251, 191.76898193, 1219.72485352]
[158.39146423, 187.79388428, 1223.74658203]
[155.92897034, 188.32531738, 1222.82104492]
[156.83232117, 191.67059326, 1219.12451172]
[157.68490601, 192.32720947, 1219.81054688]
[156.0116272, 191.86450195, 1218.5402832]
[154.84284973, 188.61212158, 1220.00268555]
[149.51445007, 190.08026123, 1217.91967773]
[146.54321289, 188.29083252, 1219.24316406]
[144.7480011, 193.06103516, 1210.41577148]
[141.62930298, 212.55090332, 1197.16040039]
[139.22720337, 230.74163818, 1161.80444336]
[122.8626709, 273.73614502, 1116.5222168]
[111.88868713, 328.55267334, 1067.54614258]
[80.20904541, 371.58178711, 1012.0201416]
[60.66794586, 404.57785034, 962.61645508]
[40.66264725, 437.41482544, 914.6340332]
[38.37705994, 453.50830078, 877.65600586]
[48.78789139, 454.93505859, 846.33251953]
[72.87824249, 442.34866333, 836.57019043]
[85.43532562, 428.19406128, 839.59472656]
[123.2234726, 374.58184814, 853.19909668]
[142.15460205, 357.13583374, 868.77807617]
[178.15281677, 317.72753906, 881.96154785]
[197.13180542, 289.84558105, 902.13049316]
[219.38912964, 255.36151123, 922.38513184]
[230.22035217, 234.3237915, 954.47131348]
[231.81549072, 231.61322021, 966.11340332]
[224.84806824, 222.07830811, 994.4074707]
[225.34844971, 219.49981689, 1006.58398438]
[228.89788818, 198.98016357, 1018.62426758]
[227.01904297, 195.73931885, 1009.9387207]
[230.78445435, 198.3885498, 1008.10595703]
[231.77024841, 198.28826904, 1007.92651367]
[234.71801758, 203.05566406, 1005.859375]
[237.90467834, 213.3526001, 990.57348633]
[242.42137146, 215.28747559, 980.72973633]
[250.68569946, 223.26599121, 951.02563477]
[254.16978455, 226.29229736, 939.92858887]
[255.94821167, 230.5255127, 933.50598145]
[263.71209717, 233.00366211, 927.75219727]
[259.3399353, 236.94525146, 923.02380371]
[259.08526611, 234.52325439, 925.13061523]
[255.08859253, 233.18688965, 923.06115723]
[252.37271118, 230.15100098, 933.52001953]
[224.59085083, 238.45269775, 906.42138672]
[191.8818512, 254.78887939, 858.79699707]
[177.64659119, 259.04504395, 833.22180176]
[143.74235535, 281.59686279, 788.60083008]
[121.64351654, 304.22875977, 758.18591309]
[78.20455933, 350.56512451, 723.11743164]
[58.24254608, 361.14480591, 708.24682617]
[52.66088104, 357.41641235, 707.03930664]
[32.67544556, 342.70098877, 678.31408691]
[21.61771011, 310.22763062, 640.1315918]
[20.2406044, 282.07989502, 613.90478516]
[33.41537857, 257.33990479, 593.0793457]
[46.46932983, 245.63464355, 589.37805176]
[69.0759964, 226.94714355, 579.76000977]
[100.5495224, 190.99945068, 570.87145996]
[108.39933014, 170.33642578, 567.75097656]
[112.29988861, 156.77935791, 570.71508789]
[115.3441925, 137.59136963, 566.39074707]
[116.05179596, 139.41674805, 566.60461426]
[119.40733337, 140.7130127, 570.99194336]
[113.69028473, 145.18133545, 564.07385254]
[110.69160461, 146.05255127, 560.06213379]
[106.95420074, 144.15686035, 556.37121582]
[103.31324005, 149.65814209, 557.51928711]
[97.9563446, 146.02172852, 562.609375]
[92.34951019, 146.91345215, 574.52941895]
[89.35878754, 151.61297607, 584.22412109]
[94.39274597, 160.2411499, 600.05712891]
[95.28113556, 177.51147461, 613.65002441]
[108.20645142, 188.82550049, 632.9440918]
[108.47605133, 188.88726807, 658.85009766]
[112.80297089, 191.7711792, 695.99951172]
[151.38163757, 239.03564453, 707.02783203]
[165.17041016, 248.3125, 730.04797363]
[176.83738708, 256.23815918, 751.69140625]
[185.85545349, 259.6317749, 771.70629883]
[192.39878845, 259.94970703, 784.63635254]
[191.06399536, 254.48693848, 802.19909668]
[188.84074402, 255.33410645, 812.7800293]
[191.02062988, 250.15142822, 823.73254395]
[190.98170471, 244.62738037, 832.796875]
[205.15342712, 225.63110352, 846.43762207]
[214.12689209, 214.95843506, 856.5246582]
[235.79985046, 205.04168701, 867.65258789]
[235.13194275, 206.98046875, 862.61364746]
[248.69978333, 196.44122314, 868.54846191]
[248.06207275, 194.86315918, 865.75842285]
[254.71600342, 185.40374756, 868.62109375]
[254.50718689, 183.00524902, 865.77844238]
[245.78642273, 173.12335205, 874.3302002]
[247.04573059, 171.63458252, 878.24377441]
[253.42848206, 166.03283691, 888.63378906]
[253.24794006, 161.12536621, 897.73815918]
[250.10549927, 153.12322998, 907.85241699]
[230.01205444, 169.54296875, 913.22875977]
[217.55679321, 178.96990967, 916.90917969]
[203.85018921, 186.05358887, 920.81054688]
[191.93086243, 189.73388672, 923.91503906]
[173.48158264, 200.70214844, 929.38623047]
[159.23696899, 206.3862915, 933.63208008]
[122.29406738, 222.22644043, 941.72949219]
[100.24098969, 235.26312256, 952.47277832]
[69.0801239, 262.40472412, 958.95556641]
[32.70774078, 295.5144043, 977.3548584]
[4.74048424, 325.24667358, 976.95141602]
[-11.71026802, 357.72912598, 982.16479492]
[-40.37516403, 376.11096191, 974.96240234]
[-45.09547424, 384.01782227, 960.7947998]
[-57.71100235, 369.54550171, 953.92175293]
[-64.80108643, 340.46429443, 905.56262207]
[-76.39251709, 304.22817993, 882.4074707]
[-93.95420837, 242.58459473, 848.93212891]
[-96.33546448, 228.72821045, 841.38720703]
[-100.83036804, 219.36907959, 845.64831543]
[-107.62697601, 198.76416016, 867.13452148]
[-113.20520782, 192.30548096, 877.31506348]
[-115.38974762, 180.86260986, 875.10253906]
[-112.18541718, 178.15093994, 876.9642334]
[-113.81735229, 174.56854248, 876.62512207]
[-114.44711304, 175.6418457, 880.02661133]
[-120.110466, 176.08068848, 871.24353027]
[-122.69773865, 177.17987061, 869.57836914]
[-123.99963379, 191.85021973, 859.32397461]
[-126.60948944, 205.82476807, 854.95727539]
[-127.04518127, 221.70483398, 835.48620605]
[-133.16442871, 239.23065186, 809.70751953]
[-128.91143799, 260.5970459, 759.00183105]
[-118.56865692, 281.11657715, 695.34082031]
[-107.96247101, 322.7913208, 585.59741211]
[-95.97201538, 349.38442993, 460.14172363]
[-84.62140656, 338.31393433, 351.20153809]
[-78.11618042, 380.70166016, 168.76672363]
[-54.59838486, 471.07873535, -48.37530518]
[-13.74410629, 572.55354309, -186.86663818]
[38.18047714, 596.05470276, -129.91809082]
[16.11475945, 528.09927368, -162.82757568]
[-3.41525316e-01, 4.22808990e+02, -1.76748169e+02]
[-8.87319279, 381.81958008, -157.10931396]
[-21.14931488, 332.49502563, -80.06970215]
[-37.26413727, 440.57620239, -111.62487793]
[-16.56305122, 569.36213684, -259.02923584]
[-23.04374504, 577.79902649, -9.99914551]
[-18.31465912, 525.70388794, 117.88806152]
[1.03167439, 450.65872192, 245.01000977]
[7.91262102, 398.07562256, 374.88122559]
[5.48672676, 359.93566895, 498.26745605]
[-3.04538012, 322.72698975, 615.02331543]
[-14.3439064, 274.87054443, 720.44921875]
[-26.01897812, 261.51611328, 786.59692383]
[-37.47576523, 243.52398682, 833.82897949]
[-43.11399078, 223.50506592, 853.78833008]
[-47.47916794, 209.56079102, 876.12878418]
[-46.02452087, 209.26391602, 881.5213623]
[-46.12018967, 208.9977417, 889.46716309]
[-45.71979523, 212.92248535, 895.01977539]
[-46.14522934, 209.3605957, 905.99291992]
[-42.95161819, 198.14703369, 915.92700195]
[-39.75824738, 188.64221191, 918.60424805]
[-36.7531395, 180.59082031, 926.78076172]
[-36.88094711, 175.39904785, 924.46508789]
[-35.14412308, 176.36572266, 927.72912598]
[-34.32301331, 179.22106934, 926.76928711]
[-26.71186638, 182.32733154, 922.76062012]
[-19.99474335, 188.46307373, 906.07373047]
[1.82386863, 201.4776001, 887.80773926]
[17.93473244, 218.6026001, 891.14282227]
[77.42451477, 238.9095459, 909.66638184]
[100.85569, 272.38476562, 954.82128906]
[142.0723877, 299.15588379, 1006.05151367]
[178.37237549, 317.37557983, 1054.7097168]
[205.95401001, 323.95700073, 1097.77563477]
[220.13395691, 311.1270752, 1135.89916992]
[234.94923401, 296.30737305, 1159.9765625]
[245.60614014, 273.9631958, 1203.00805664]
[254.8470459, 258.80651855, 1241.77954102]
[253.70341492, 243.97918701, 1278.22167969]
[249.73950195, 233.92565918, 1301.88256836]
[243.89903259, 227.61993408, 1308.27807617]
[242.23313904, 229.26525879, 1290.68383789]
[240.10887146, 236.97821045, 1292.99414062]
[243.13439941, 243.41088867, 1274.203125]
[242.59867859, 245.37841797, 1268.94433594]
[240.97793579, 245.09014893, 1268.54052734]
[231.98217773, 250.97399902, 1265.2565918]
[229.46348572, 248.953125, 1265.5090332]
[228.12748718, 247.74023438, 1271.12744141]
[228.96009827, 259.81237793, 1275.44848633]
[228.42654419, 272.78356934, 1276.59570312]
[229.51234436, 282.0491333, 1271.99707031]
[226.19563293, 276.51422119, 1262.3034668]
[230.70750427, 276.40667725, 1250.08837891]
[236.95021057, 266.66845703, 1256.28149414]
[259.94915771, 257.56994629, 1249.89379883]
[265.30438232, 248.48583984, 1266.75366211]
[260.44778442, 250.23358154, 1264.71777344]
[253.77220154, 242.67614746, 1266.80712891]
[258.22747803, 250.29559326, 1243.36987305]
[256.02597046, 257.78051758, 1221.3894043]
[251.41296387, 265.08636475, 1210.44335938]
[246.66146851, 274.99359131, 1208.95776367]
[246.5758667, 266.08996582, 1211.30981445]
[246.66860962, 253.83709717, 1222.44921875]
[248.01396179, 238.91308594, 1238.89599609]
[248.79933167, 238.65460205, 1237.75927734]
[245.40963745, 235.95996094, 1243.59814453]
[246.69381714, 237.51275635, 1253.66650391]
[249.19659424, 238.07293701, 1259.02807617]
[243.03610229, 232.03900146, 1254.98095703]
[237.71672058, 221.47467041, 1273.01000977]
[237.52896118, 216.8963623, 1277.67529297]
[237.71536255, 212.19311523, 1274.00976562]
[234.88269043, 211.309021, 1280.38818359]
[234.68751526, 208.30352783, 1277.50390625]
[230.9491272, 206.56652832, 1279.54467773]
[232.51112366, 208.73809814, 1277.22802734]
[234.39215088, 213.51544189, 1272.38012695]
[235.06800842, 213.95422363, 1271.19433594]
[235.73582458, 217.66021729, 1267.35107422]
[237.64416504, 208.73052979, 1279.91357422]
[240.16593933, 208.31768799, 1279.59228516]
[254.0846405, 204.61505127, 1279.54614258]
[255.21728516, 211.05627441, 1274.87548828]
[260.43527222, 243.74615479, 1246.21435547]
[249.83869934, 263.22558594, 1241.15429688]
[246.43695068, 270.25866699, 1254.2902832]
[235.20080566, 306.65725708, 1273.19970703]
[234.63085938, 325.37088013, 1302.94360352]
[230.53303528, 332.21328735, 1333.78979492]
[233.51696777, 333.23950195, 1362.79614258]
[234.45228577, 328.10049438, 1377.51757812]
[226.93287659, 315.12649536, 1394.68041992]
[211.46250916, 299.8354187, 1420.75317383]
[213.7583313, 289.62472534, 1423.65161133]
[217.05169678, 278.46954346, 1434.68115234]
[217.41641235, 271.03155518, 1443.40356445]
[217.86773682, 265.70831299, 1440.40991211]
[220.08096313, 258.17401123, 1431.10717773]
[214.31384277, 261.87463379, 1439.94750977]
[212.58093262, 265.95123291, 1423.1730957]
[207.23568726, 281.94232178, 1400.64208984]
[193.62921143, 296.32714844, 1337.15551758]
[160.06640625, 347.61917114, 1258.68237305]
[136.14004517, 406.43798828, 1168.70751953]
[115.13014984, 458.92529297, 1051.61547852]
[104.39029694, 508.42547607, 958.99389648]
[108.60596466, 560.4848938, 846.29321289]
[95.62806702, 560.37103271, 814.50610352]
[83.9569931, 578.52204895, 687.46850586]
[65.47367859, 603.39952087, 561.90869141]
[52.75193787, 592.45976257, 492.56677246]
[56.99704742, 585.9029541, 440.85314941]
[73.75073242, 559.3082428, 405.51330566]
[87.48930359, 508.40246582, 383.84326172]
[110.33348083, 448.83483887, 366.33093262]
[120.71603394, 401.99551392, 375.87390137]
[141.64855957, 284.17816162, 406.09411621]
[167.63153076, 210.96966553, 436.17687988]
[172.92524719, 175.14624023, 482.38415527]
[157.94184875, 137.00714111, 492.60144043]
[161.88656616, 146.98864746, 496.91015625]
[183.77307129, 153.25457764, 483.82092285]
[173.50996399, 164.35247803, 508.25549316]
[157.24963379, 164.3706665, 516.37194824]
[152.13859558, 162.91394043, 508.73510742]
[166.48776245, 167.54168701, 509.50012207]
[172.49389648, 169.22619629, 500.5925293]
[172.06100464, 176.02160645, 493.1184082]
[173.94380188, 176.31378174, 491.48144531]
[174.16333008, 172.05432129, 487.55859375]
[176.73471069, 166.94030762, 493.7545166]
[178.1786499, 172.23272705, 495.85656738]
[175.64743042, 179.1607666, 493.77087402]
[172.13781738, 181.68548584, 489.97509766]
[168.42784119, 180.94396973, 490.00354004]
[165.76086426, 181.16320801, 485.86791992]
[165.96809387, 168.70361328, 488.41650391]
[161.91061401, 170.75695801, 486.56750488]
[157.82136536, 167.73718262, 489.06201172]
[134.43029785, 200.40637207, 466.50683594]
[126.67289734, 207.91790771, 462.41638184]
[80.87014008, 260.74951172, 419.41052246]
[68.68518829, 322.33447266, 418.22021484]
[45.39629745, 465.2520752, 437.94909668]
[28.94309235, 528.0944519, 462.0065918]
[-6.13856316, 573.40179443, 489.33398438]
[-36.09711075, 590.93797302, 513.59008789]
[-81.31110382, 579.0148468, 538.91333008]
[-137.15055847, 536.17108154, 542.02307129]
[-179.60769653, 474.98843384, 534.17041016]
[-212.17897034, 428.41946411, 512.15856934]
[-275.28579712, 360.71340942, 508.22521973]
[-280.05758667, 334.65441895, 495.86303711]
[-280.83798218, 259.54443359, 486.1394043]
[-269.11270142, 252.52728271, 457.87133789]
[-249.7403717, 200.2532959, 425.22119141]
[-244.60214233, 156.56500244, 402.10656738]
[-244.25765991, 133.3348999, 392.0592041]
[-244.74072266, 130.09185791, 402.83825684]
[-251.27166748, 131.34082031, 396.43896484]
[-254.27981567, 135.30963135, 391.8560791]
[-259.62243652, 139.64111328, 390.55737305]
[-260.72436523, 145.36230469, 393.56005859]
[-265.8324585, 155.97351074, 397.16552734]
[-267.42422485, 159.00476074, 403.00695801]
[-274.05303955, 174.16064453, 408.09387207]
[-275.51681519, 175.31378174, 418.20593262]
[-298.52566528, 208.76672363, 413.60009766]
[-317.36102295, 207.65258789, 410.44677734]
[-331.66549683, 203.28643799, 411.31213379]
[-336.15423584, 201.33551025, 417.53979492]
[-338.37265015, 201.87133789, 428.20043945]
[-342.65112305, 198.07678223, 446.59399414]
[-350.52664185, 210.37890625, 480.98095703]
[-363.63931274, 251.08892822, 543.37072754]
[-408.16464233, 285.82159424, 577.95483398]
[-452.91293335, 331.19622803, 651.16113281]
[-286.5378418, 264.315979, 806.86352539]
[-118.180336, 281.14862061, 948.07556152]
[-62.07979584, 290.27813721, 973.66638184]
[40.69407272, 337.28140259, 960.12121582]
[112.84405518, 357.68716431, 941.9206543]
[-65.90318298, 572.94815063, 944.93200684]
[2.59953737, 544.04156494, 958.9161377]
[73.68482971, 483.75256348, 976.46435547]
[139.48681641, 428.11459351, 993.2980957]
[188.50466919, 376.48834229, 1010.57080078]
[216.50762939, 321.17889404, 1036.07678223]
[220.68444824, 278.94287109, 1049.73242188]
[228.87934875, 260.21801758, 1091.66552734]
[219.12849426, 243.59350586, 1117.41748047]
[214.63813782, 231.94281006, 1132.34960938]
[218.55151367, 227.59442139, 1138.98242188]
[221.84162903, 224.02856445, 1148.51171875]
[222.49606323, 223.98638916, 1155.44287109]
[229.19796753, 214.99279785, 1163.41699219]
[234.64457703, 209.17785645, 1170.55712891]
[235.94656372, 220.86413574, 1161.82666016]
[236.20341492, 217.55517578, 1163.72753906]
[238.67558289, 218.29333496, 1166.82568359]
[238.49168396, 217.26861572, 1166.99975586]
[235.68009949, 218.62530518, 1173.82226562]
[235.43011475, 211.87701416, 1174.25292969]
[236.99380493, 203.88513184, 1183.81176758]
[236.38044739, 186.44995117, 1181.37963867]
[238.23699951, 176.7868042, 1178.1472168]
[239.94006348, 172.34332275, 1179.26098633]
[240.44000244, 169.24682617, 1173.9309082]
[241.69422913, 177.63128662, 1162.31884766]
[244.79039001, 204.3526001, 1133.29760742]
[244.67750549, 254.61584473, 1084.19897461]
[239.63082886, 301.59469604, 1066.69213867]
[223.47518921, 384.35650635, 1075.76318359]
[198.85746765, 462.20001221, 1092.80419922]
[194.11018372, 531.78085327, 1120.69946289]
[189.29801941, 594.14089966, 1159.66210938]
[195.18797302, 620.28527832, 1194.97314453]
[212.9921875, 624.97187805, 1210.64086914]
[243.42555237, 603.55187988, 1248.5715332]
[275.20748901, 562.24295044, 1300.56030273]
[301.85220337, 512.6105957, 1353.52441406]
[334.29327393, 449.33291626, 1399.20483398]
[351.0178833, 393.02462769, 1443.48583984]
[360.65145874, 334.86703491, 1491.41625977]
[384.29406738, 301.74411011, 1546.07714844]
[388.87295532, 288.46090698, 1583.65014648]
[391.73208618, 274.14471436, 1599.43652344]
[399.20983887, 261.48986816, 1609.21166992]
[394.47305298, 256.82086182, 1602.86547852]
[396.37234497, 260.23883057, 1593.57324219]
[397.51043701, 270.34246826, 1581.54980469]
[397.80734253, 264.06652832, 1583.16088867]
[403.69113159, 295.75579834, 1584.6953125]
[403.45327759, 300.97000122, 1591.31469727]
[411.67282104, 308.203125, 1573.05004883]
[409.78201294, 299.55880737, 1568.35302734]
[405.0668335, 301.46078491, 1571.12182617]
[402.99679565, 292.91516113, 1564.36621094]
[404.17449951, 291.15563965, 1564.90698242]
[405.21716309, 291.08630371, 1566.74462891]
[403.76119995, 290.19378662, 1565.55249023]
[397.92019653, 280.94592285, 1565.8515625]
[391.45959473, 290.24612427, 1559.11376953]
[378.81256104, 285.32019043, 1543.52319336]
[363.72909546, 296.89001465, 1505.85693359]
[346.5296936, 307.66659546, 1468.15600586]
[320.64944458, 335.81814575, 1413.17431641]
[297.1277771, 332.36669922, 1392.73168945]
[254.53952026, 338.25628662, 1310.234375]
[219.42562866, 322.87609863, 1255.26513672]
[172.40426636, 311.79003906, 1187.59667969]
[139.6592865, 263.4909668, 1130.53588867]
[102.96160126, 240.68939209, 1078.07348633]
[79.93367004, 220.10345459, 1021.85437012]
[51.47034073, 209.8895874, 985.03356934]
[31.021595, 198.44775391, 965.44934082]
[-9.76817322, 176.63995361, 986.5769043]
[-19.35844803, 176.809021, 993.16650391]
[-9.92331696, 177.0168457, 1010.3326416]
[-47.60427475, 165.94329834, 1003.30639648]
[-45.75790024, 148.8369751, 1001.45129395]
[-59.46491623, 147.47442627, 979.45385742]
[-66.63389587, 158.6831665, 979.75598145]
[-73.15750122, 168.60144043, 969.73168945]
[-72.02680969, 170.54730225, 963.22473145]
[-67.02482605, 188.87341309, 956.59802246]
[-79.80088043, 199.06451416, 953.89672852]
[-80.14060974, 198.77709961, 954.99719238]
[0, 0, 0]
[0, 0, 0]
[0, 0, 0]
[0, 0, 0]
[0, 0, 0]
[0, 0, 0]
[0, 0, 0]
[0, 0, 0]
[0, 0, 0]
[0, 0, 0]
[0, 0, 0]
[0, 0, 0]
[0, 0, 0]
[0, 0, 0]
[0, 0, 0]
[0, 0, 0]
[0, 0, 0]
[0, 0, 0]
[0, 0, 0]
[0, 0, 0]
[0, 0, 0]
[0, 0, 0]
[0, 0, 0]
[0, 0, 0]
[0, 0, 0]
[0, 0, 0]
[0, 0, 0]
[0, 0, 0]
[0, 0, 0]
[0, 0, 0]
[0, 0, 0]
[0, 0, 0]
[0, 0, 0]
[0, 0, 0]
[0, 0, 0]
[0, 0, 0]
[0, 0, 0]
[0, 0, 0]
[0, 0, 0]
[0, 0, 0]
[0, 0, 0]
[0, 0, 0]
[0, 0, 0]
[0, 0, 0]
[0, 0, 0]
[0, 0, 0]
[0, 0, 0]
[0, 0, 0]
[0, 0, 0]
[0, 0, 0]
[0, 0, 0]
[0, 0, 0]
[0, 0, 0]
[0, 0, 0]
[0, 0, 0]
[0, 0, 0]
[0, 0, 0]
[0, 0, 0]
[0, 0, 0]
[0, 0, 0]
[0, 0, 0]
[0, 0, 0]
[0, 0, 0]
[0, 0, 0]
[0, 0, 0]
[0, 0, 0]
[0, 0, 0]
[0, 0, 0]
[0, 0, 0]
[0, 0, 0]
[0, 0, 0]
[0, 0, 0]
[0, 0, 0]
[0, 0, 0]
[0, 0, 0]
[0, 0, 0]
[0, 0, 0]
[0, 0, 0]
[0, 0, 0]
[0, 0, 0]
[0, 0, 0]
[0, 0, 0]
[0, 0, 0]
[0, 0, 0]
[0, 0, 0]
[0, 0, 0]
[0, 0, 0]
[0, 0, 0]
[0, 0, 0]
[0, 0, 0]
[0, 0, 0]
[0, 0, 0]
[0, 0, 0]
[0, 0, 0]
[0, 0, 0]
[0, 0, 0]
[0, 0, 0]
[0, 0, 0]
[0, 0, 0]
[0, 0, 0]
[0, 0, 0]
[0, 0, 0]
[0, 0, 0]
[0, 0, 0]
[0, 0, 0]
[0, 0, 0]
[0, 0, 0]
[0, 0, 0]
[0, 0, 0]
[0, 0, 0]
[0, 0, 0]
[0, 0, 0]
[0, 0, 0]
[0, 0, 0]
[0, 0, 0]
[0, 0, 0]
[0, 0, 0]
[0, 0, 0]
[0, 0, 0]
[0, 0, 0]
[0, 0, 0]
[0, 0, 0]
[0, 0, 0]
[0, 0, 0]
[0, 0, 0]
[0, 0, 0]
[0, 0, 0]
[0, 0, 0]
[0, 0, 0]
[0, 0, 0]
[0, 0, 0]
[0, 0, 0]
[0, 0, 0]
[0, 0, 0]
[0, 0, 0]
[0, 0, 0]
[0, 0, 0]
[0, 0, 0]
[0, 0, 0]
[0, 0, 0]
[0, 0, 0]
[0, 0, 0]
[0, 0, 0]
[0, 0, 0]
[0, 0, 0]
[0, 0, 0]
[0, 0, 0]
[0, 0, 0]
[0, 0, 0]
[0, 0, 0]
[0, 0, 0]
[0, 0, 0]
[0, 0, 0]
[0, 0, 0]
[0, 0, 0]
[0, 0, 0]
[0, 0, 0]
[0, 0, 0]
[0, 0, 0]
[0, 0, 0]
[0, 0, 0]
[0, 0, 0]
[0, 0, 0]
[0, 0, 0]
[0, 0, 0]
[0, 0, 0]
[0, 0, 0]
[0, 0, 0]
[0, 0, 0]
[0, 0, 0]
[0, 0, 0]
[0, 0, 0]
[0, 0, 0]
[0, 0, 0]
[0, 0, 0]
[0, 0, 0]
[0, 0, 0]
[0, 0, 0]
[0, 0, 0]
[0, 0, 0]
[0, 0, 0]
[0, 0, 0]
[0, 0, 0]
[0, 0, 0]
[0, 0, 0]
[0, 0, 0]
[0, 0, 0]
[0, 0, 0]
[0, 0, 0]
[0, 0, 0]
[0, 0, 0]
[0, 0, 0]
[0, 0, 0]
[0, 0, 0]
[0, 0, 0]
[0, 0, 0]
[0, 0, 0]
[0, 0, 0]
[0, 0, 0]
[0, 0, 0]
[0, 0, 0]
[0, 0, 0]
[0, 0, 0]
[0, 0, 0]
[0, 0, 0]
[0, 0, 0]
[0, 0, 0]
[0, 0, 0]
[0, 0, 0]
[0, 0, 0]
[0, 0, 0]
[0, 0, 0]
[0, 0, 0]
[0, 0, 0]
[0, 0, 0]
[0, 0, 0]
[0, 0, 0]
[0, 0, 0]
[0, 0, 0]
[0, 0, 0]
[0, 0, 0]
[0, 0, 0]
[0, 0, 0]
[0, 0, 0]
[0, 0, 0]
[0, 0, 0]
[0, 0, 0]
[0, 0, 0]
[0, 0, 0]
[0, 0, 0]
[0, 0, 0]
[0, 0, 0]
[0, 0, 0]
[0, 0, 0]
[0, 0, 0]
[0, 0, 0]
[0, 0, 0]
[0, 0, 0]
[0, 0, 0]
[0, 0, 0]
[0, 0, 0]
[0, 0, 0]
[0, 0, 0]
[0, 0, 0]
[0, 0, 0]
[0, 0, 0]
[0, 0, 0]
[0, 0, 0]
[0, 0, 0]
[0, 0, 0]
[0, 0, 0]
[0, 0, 0]
[0, 0, 0]
[0, 0, 0]
[0, 0, 0]
[0, 0, 0]
[0, 0, 0]
[0, 0, 0]
[0, 0, 0]
[0, 0, 0]
[0, 0, 0]
[0, 0, 0]
[0, 0, 0]
[0, 0, 0]
[0, 0, 0]
[0, 0, 0]
[0, 0, 0]
[0, 0, 0]
[0, 0, 0]
[0, 0, 0]
[0, 0, 0]
[0, 0, 0]
[0, 0, 0]
[0, 0, 0]
[0, 0, 0]
[0, 0, 0]
[0, 0, 0]
[0, 0, 0]
[0, 0, 0]
[0, 0, 0]
[0, 0, 0]
[0, 0, 0]
[0, 0, 0]
[0, 0, 0]
[0, 0, 0]
[0, 0, 0]
[0, 0, 0]
[0, 0, 0]
[0, 0, 0]
[0, 0, 0]
[0, 0, 0]
[0, 0, 0]
[0, 0, 0]
[0, 0, 0]
[0, 0, 0]
[0, 0, 0]
[0, 0, 0]
[0, 0, 0]
[0, 0, 0]
[0, 0, 0]
[0, 0, 0]
[0, 0, 0]
[0, 0, 0]
[0, 0, 0]
[0, 0, 0]
[0, 0, 0]
[0, 0, 0]
[0, 0, 0]
[0, 0, 0]
[0, 0, 0]
[0, 0, 0]
[0, 0, 0]
[0, 0, 0]
[0, 0, 0]
[0, 0, 0]
[0, 0, 0]
[0, 0, 0]
[0, 0, 0]
[0, 0, 0]
[0, 0, 0]
[0, 0, 0]
[0, 0, 0]
[0, 0, 0]
[0, 0, 0]
[0, 0, 0]
[0, 0, 0]
[0, 0, 0]
[0, 0, 0]
[0, 0, 0]
[0, 0, 0]
[0, 0, 0]
[0, 0, 0]
[0, 0, 0]
[0, 0, 0]
[0, 0, 0]
[0, 0, 0]
[0, 0, 0]
[0, 0, 0]
[0, 0, 0]
[0, 0, 0]
[0, 0, 0]
[0, 0, 0]
[0, 0, 0]
[0, 0, 0]
[0, 0, 0]
[0, 0, 0]
[0, 0, 0]
[0, 0, 0]
[0, 0, 0]
[0, 0, 0]
[0, 0, 0]
[0, 0, 0]
[0, 0, 0]
[0, 0, 0]
[0, 0, 0]
[0, 0, 0]
[0, 0, 0]
[0, 0, 0]
[0, 0, 0]
[0, 0, 0]
[0, 0, 0]
[0, 0, 0]
[0, 0, 0]
[0, 0, 0]
[0, 0, 0]
[0, 0, 0]
[0, 0, 0]
[0, 0, 0]
[0, 0, 0]
[0, 0, 0]
[0, 0, 0]
[0, 0, 0]
[0, 0, 0]
[0, 0, 0]
[0, 0, 0]
[0, 0, 0]
[0, 0, 0]
[0, 0, 0]
[0, 0, 0]
[0, 0, 0]
[0, 0, 0]
[0, 0, 0]
[0, 0, 0]
[0, 0, 0]
[0, 0, 0]
[0, 0, 0]
[0, 0, 0]
[0, 0, 0]
[0, 0, 0]
[0, 0, 0]
[0, 0, 0]
[0, 0, 0]
[0, 0, 0]
[0, 0, 0]
[0, 0, 0]
[0, 0, 0]
[0, 0, 0]
[0, 0, 0]
[0, 0, 0]
[0, 0, 0]
[0, 0, 0]
[0, 0, 0]
[0, 0, 0]
[0, 0, 0]
[0, 0, 0]
[0, 0, 0]
[0, 0, 0]
[0, 0, 0]
[0, 0, 0]
[0, 0, 0]
[0, 0, 0]
[0, 0, 0]
[0, 0, 0]
[0, 0, 0]
[0, 0, 0]
[0, 0, 0]
[0, 0, 0]
[0, 0, 0]
[0, 0, 0]
[0, 0, 0]
[0, 0, 0]
[0, 0, 0]
[0, 0, 0]
[0, 0, 0]
[0, 0, 0]
[0, 0, 0]
[0, 0, 0]
[0, 0, 0]
[0, 0, 0]
[0, 0, 0]
[0, 0, 0]
[0, 0, 0]
[0, 0, 0]
[0, 0, 0]
[0, 0, 0]
[0, 0, 0]
[0, 0, 0]
[0, 0, 0]
[0, 0, 0]
[0, 0, 0]
[0, 0, 0]
[0, 0, 0]
[0, 0, 0]
[0, 0, 0]
[0, 0, 0]
[0, 0, 0]
[0, 0, 0]
[0, 0, 0]
[0, 0, 0]
[0, 0, 0]
[0, 0, 0]
[0, 0, 0]
