452
30
[155.9833526611328, 730.2567749023438, 2081.274658203125]
[154.46484375, 729.30517578125, 2070.011962890625]
[161.49105834960938, 732.4384155273438, 2068.2861328125]
[161.30221557617188, 732.3255615234375, 2068.87255859375]
[160.2482147216797, 731.2147827148438, 2067.46240234375]
[156.1536102294922, 730.8046875, 2069.17724609375]
[156.626953125, 730.8776245117188, 2068.483642578125]
[157.39535522460938, 730.2638549804688, 2068.194580078125]
[157.286865234375, 731.1987915039062, 2068.827392578125]
[157.68963623046875, 732.29296875, 2067.104736328125]
[156.80271911621094, 731.6066284179688, 2069.134033203125]
[152.35801696777344, 729.2723388671875, 2066.8349609375]
[153.39578247070312, 729.4616088867188, 2065.58056640625]
[151.5096893310547, 729.0534057617188, 2063.817138671875]
[151.12791442871094, 731.5228881835938, 2063.8974609375]
[153.7209014892578, 731.871337890625, 2065.8818359375]
[152.42311096191406, 731.9696044921875, 2066.659912109375]
[152.5163116455078, 732.6881713867188, 2065.985595703125]
[153.55111694335938, 730.6166381835938, 2064.18212890625]
[154.79786682128906, 730.0393676757812, 2064.705810546875]
[152.06468200683594, 731.343017578125, 2070.0068359375]
[152.13998413085938, 731.2308959960938, 2071.85791015625]
[158.08531188964844, 734.0422973632812, 2073.2412109375]
[152.03370666503906, 730.8956298828125, 2069.603515625]
[153.96554565429688, 731.8309936523438, 2070.775390625]
[152.9222869873047, 734.6222534179688, 2070.545166015625]
[152.36715698242188, 733.0510864257812, 2071.85009765625]
[152.77499389648438, 734.225830078125, 2072.11669921875]
[153.2129669189453, 734.1725463867188, 2071.296142578125]
[152.1622314453125, 731.6873168945312, 2072.7001953125]
[157.47622680664062, 733.8660888671875, 2068.947509765625]
[156.33872985839844, 734.0508422851562, 2069.48779296875]
[154.76669311523438, 734.223876953125, 2070.31201171875]
[156.1079559326172, 734.6229858398438, 2069.294921875]
[155.578125, 733.173828125, 2071.644775390625]
[158.13018798828125, 734.4255981445312, 2071.168212890625]
[157.82965087890625, 734.4445190429688, 2071.16748046875]
[154.0907440185547, 733.984619140625, 2072.647216796875]
[155.38316345214844, 735.177734375, 2074.188232421875]
[157.49005126953125, 733.901611328125, 2071.176513671875]
[156.4674072265625, 732.4656372070312, 2069.1865234375]
[157.3682403564453, 730.6090698242188, 2066.7705078125]
[157.81820678710938, 728.3555908203125, 2064.675048828125]
[158.9163055419922, 734.653564453125, 2069.480224609375]
[157.57583618164062, 734.0830688476562, 2070.3056640625]
[159.35104370117188, 735.4374389648438, 2070.385498046875]
[159.6527862548828, 736.1109619140625, 2068.557861328125]
[158.23313903808594, 739.125244140625, 2071.05419921875]
[159.25701904296875, 737.0130004882812, 2067.97314453125]
[160.47039794921875, 740.0075073242188, 2068.0166015625]
[160.9696044921875, 736.7438354492188, 2072.553955078125]
[154.2251739501953, 729.3229370117188, 2051.431640625]
[146.19479370117188, 705.163330078125, 2041.1009521484375]
[134.07432556152344, 652.5177001953125, 2001.34375]
[97.8680419921875, 606.4752197265625, 1938.9969482421875]
[70.96859741210938, 569.3516845703125, 1878.06103515625]
[40.354251861572266, 527.463134765625, 1814.3402099609375]
[23.91800308227539, 504.2893981933594, 1765.7191162109375]
[31.069351196289062, 507.4051513671875, 1744.023681640625]
[44.74353790283203, 523.6336669921875, 1739.928466796875]
[64.7208251953125, 542.83984375, 1748.1815185546875]
[101.16606903076172, 597.5773315429688, 1761.82080078125]
[124.0562515258789, 628.269775390625, 1803.8426513671875]
[164.43333435058594, 670.2156982421875, 1824.8118896484375]
[183.13365173339844, 696.3281860351562, 1849.9990234375]
[185.62477111816406, 728.3385620117188, 1874.0589599609375]
[187.9869384765625, 744.5283813476562, 1894.10009765625]
[193.14675903320312, 746.2666625976562, 1901.4405517578125]
[199.0941619873047, 751.1864624023438, 1909.18359375]
[200.04721069335938, 749.591064453125, 1910.308349609375]
[198.85543823242188, 754.8488159179688, 1899.1724853515625]
[198.50791931152344, 757.87255859375, 1890.9825439453125]
[194.79092407226562, 760.787109375, 1897.235595703125]
[197.2773895263672, 761.9830322265625, 1896.926513671875]
[191.09841918945312, 752.1368408203125, 1888.7982177734375]
[191.20835876464844, 750.6548461914062, 1888.3702392578125]
[190.85601806640625, 748.72802734375, 1879.091064453125]
[186.16717529296875, 750.3480834960938, 1879.0955810546875]
[185.2021484375, 749.0394287109375, 1874.461181640625]
[183.22183227539062, 743.8223266601562, 1876.38916015625]
[183.28041076660156, 742.9937133789062, 1883.4837646484375]
[190.42294311523438, 743.708251953125, 1892.55517578125]
[191.87258911132812, 748.05810546875, 1904.1109619140625]
[185.28260803222656, 747.1751098632812, 1907.7110595703125]
[171.07620239257812, 744.7559814453125, 1872.1976318359375]
[157.065673828125, 740.599365234375, 1851.130126953125]
[122.31085968017578, 729.0818481445312, 1829.5511474609375]
[92.12792205810547, 705.1746826171875, 1769.0322265625]
[60.263946533203125, 682.3681640625, 1723.995361328125]
[26.43863868713379, 647.9324340820312, 1679.5975341796875]
[4.380918979644775, 615.2763671875, 1653.753662109375]
[-29.787212371826172, 599.1052856445312, 1635.117431640625]
[-40.126827239990234, 600.8861083984375, 1631.597900390625]
[-71.58824920654297, 618.2088623046875, 1626.871826171875]
[-84.37018585205078, 658.8668212890625, 1636.3355712890625]
[-64.60394287109375, 697.8712158203125, 1644.4217529296875]
[-48.37128829956055, 720.4467163085938, 1635.1474609375]
[-29.02814292907715, 733.5059814453125, 1634.409423828125]
[-12.306131362915039, 746.397705078125, 1627.9661865234375]
[-7.745728015899658, 763.6600952148438, 1629.7471923828125]
[6.591573238372803, 775.646240234375, 1649.2303466796875]
[0.23464858531951904, 773.7632446289062, 1662.7637939453125]
[2.2832603454589844, 777.5181884765625, 1678.5201416015625]
[-7.316991806030273, 772.8875732421875, 1671.16943359375]
[-9.30329418182373, 771.1060180664062, 1670.7847900390625]
[-4.601210594177246, 770.7055053710938, 1672.4039306640625]
[0.33862143754959106, 768.416259765625, 1680.580078125]
[3.7443339824676514, 769.2731323242188, 1686.9034423828125]
[7.1254072189331055, 769.6671142578125, 1688.0694580078125]
[14.553994178771973, 777.7747802734375, 1700.066650390625]
[16.437179565429688, 782.7107543945312, 1709.8057861328125]
[15.52287483215332, 781.5707397460938, 1712.8759765625]
[8.73380184173584, 775.9119262695312, 1714.0419921875]
[15.637577056884766, 756.2354736328125, 1730.227783203125]
[21.461307525634766, 748.31005859375, 1744.7452392578125]
[37.560062408447266, 746.1109008789062, 1784.924072265625]
[54.285194396972656, 744.9234619140625, 1827.1231689453125]
[95.87052154541016, 691.2660522460938, 1843.971435546875]
[119.4658203125, 672.8903198242188, 1878.9666748046875]
[139.4910888671875, 667.7691040039062, 1900.2529296875]
[133.08338928222656, 674.8536376953125, 1906.8232421875]
[124.97620391845703, 680.944091796875, 1906.4989013671875]
[118.09822845458984, 691.6775512695312, 1915.123046875]
[103.9404296875, 700.6923828125, 1898.944091796875]
[84.47490692138672, 714.1867065429688, 1848.791259765625]
[91.21823120117188, 725.3214721679688, 1854.1434326171875]
[107.9185562133789, 745.1224365234375, 1875.911376953125]
[117.95806884765625, 755.214111328125, 1896.0223388671875]
[124.87994384765625, 762.036376953125, 1864.5196533203125]
[147.82485961914062, 767.83984375, 1862.974365234375]
[147.97962951660156, 769.3831787109375, 1838.43603515625]
[138.1693572998047, 763.1099243164062, 1857.5986328125]
[140.77061462402344, 772.1512451171875, 1867.8070068359375]
[140.46383666992188, 769.2944946289062, 1833.7777099609375]
[142.61184692382812, 785.0779418945312, 1836.38134765625]
[125.82469177246094, 777.2494506835938, 1853.145263671875]
[120.59444427490234, 769.93212890625, 1839.6146240234375]
[126.25394439697266, 764.6386108398438, 1810.2698974609375]
[119.70246124267578, 761.3866577148438, 1805.4671630859375]
[122.71984100341797, 760.4923095703125, 1803.6199951171875]
[120.76060485839844, 758.71826171875, 1807.8148193359375]
[123.09557342529297, 761.2188110351562, 1812.1658935546875]
[120.79948425292969, 762.6778564453125, 1817.08642578125]
[121.901123046875, 763.4916381835938, 1831.1126708984375]
[119.56867218017578, 759.3154296875, 1838.191650390625]
[104.2684326171875, 748.2493896484375, 1848.6488037109375]
[85.95891571044922, 732.9813232421875, 1855.018310546875]
[56.66754150390625, 715.0242309570312, 1875.3046875]
[22.79738426208496, 683.1978759765625, 1896.01123046875]
[-0.9655076861381531, 664.5565185546875, 1923.028076171875]
[-20.066694259643555, 635.466796875, 1939.4105224609375]
[-38.94244384765625, 617.96630859375, 1937.8560791015625]
[-51.48379135131836, 609.5243530273438, 1928.337646484375]
[-61.300716400146484, 618.4472045898438, 1890.75]
[-73.95193481445312, 646.1754150390625, 1852.1160888671875]
[-85.05935668945312, 674.21142578125, 1801.596435546875]
[-107.67220306396484, 713.3538208007812, 1728.8604736328125]
[-123.06210327148438, 725.0830078125, 1719.65185546875]
[-125.10089874267578, 740.7395629882812, 1733.0650634765625]
[-130.56341552734375, 763.3541870117188, 1755.3701171875]
[-130.7399139404297, 776.3062744140625, 1776.836669921875]
[-133.67335510253906, 781.3538818359375, 1764.7919921875]
[-128.80081176757812, 778.331787109375, 1759.8214111328125]
[-129.1591033935547, 774.1813354492188, 1751.8509521484375]
[-127.75902557373047, 776.1309204101562, 1760.0030517578125]
[-127.31148529052734, 775.6975708007812, 1749.8388671875]
[-123.59253692626953, 776.6065673828125, 1747.6806640625]
[-129.50787353515625, 776.7562866210938, 1758.973388671875]
[-127.4603042602539, 771.041259765625, 1771.93701171875]
[-136.2608642578125, 766.2169799804688, 1786.7230224609375]
[-140.5676727294922, 751.0556030273438, 1778.044189453125]
[-139.20980834960938, 730.7360229492188, 1758.8668212890625]
[-135.8144073486328, 708.4318237304688, 1717.451171875]
[-129.07957458496094, 662.2432861328125, 1619.8486328125]
[-116.77996063232422, 634.8480834960938, 1477.366455078125]
[-97.23806762695312, 640.4766845703125, 1299.3153076171875]
[-37.418296813964844, 548.27978515625, 1036.9351806640625]
[-4.879377841949463, 384.98358154296875, 778.4855346679688]
[37.314388275146484, 264.1556701660156, 635.1860961914062]
[85.03948211669922, 268.6304016113281, 699.3184204101562]
[44.87278747558594, 332.6714782714844, 660.3328857421875]
[13.005574226379395, 431.19891357421875, 643.0187377929688]
[-4.908492565155029, 472.7886962890625, 660.3424682617188]
[10.865545272827148, 513.4257202148438, 739.92822265625]
[-41.71021270751953, 427.6640930175781, 713.6939697265625]
[13.504179000854492, 167.4291534423828, 569.6408081054688]
[-13.056436538696289, 300.5682678222656, 816.9525756835938]
[-23.371826171875, 429.75579833984375, 1009.7335815429688]
[-32.354427337646484, 532.0042114257812, 1211.988525390625]
[-33.53583908081055, 584.8936157226562, 1389.2012939453125]
[-39.26428985595703, 616.1719360351562, 1545.0411376953125]
[-44.34770202636719, 656.3935546875, 1663.431396484375]
[-51.45016860961914, 715.2825927734375, 1736.68896484375]
[-61.996726989746094, 727.5958251953125, 1783.8603515625]
[-63.98503494262695, 743.794189453125, 1811.6917724609375]
[-64.22313690185547, 765.0386962890625, 1832.7568359375]
[-62.24761962890625, 775.7005615234375, 1833.9915771484375]
[-64.68231201171875, 773.0548095703125, 1832.196044921875]
[-58.437522888183594, 770.5034790039062, 1825.8603515625]
[-59.66228103637695, 757.6920776367188, 1811.1739501953125]
[-59.44968795776367, 753.3734741210938, 1803.5281982421875]
[-56.497867584228516, 753.4222412109375, 1795.5491943359375]
[-57.26812744140625, 751.4483032226562, 1783.7276611328125]
[-61.74026870727539, 744.38916015625, 1777.20654296875]
[-61.675758361816406, 748.7418212890625, 1772.885986328125]
[-62.48921585083008, 744.5401000976562, 1774.1295166015625]
[-61.93680191040039, 740.74169921875, 1774.2449951171875]
[-61.91700744628906, 740.97119140625, 1775.3431396484375]
[-60.853050231933594, 743.8519897460938, 1769.1839599609375]
[-53.07780838012695, 738.3212280273438, 1767.013916015625]
[-35.76607131958008, 718.5335693359375, 1765.325439453125]
[26.007448196411133, 706.029541015625, 1794.835205078125]
[72.3802261352539, 682.2278442382812, 1843.2139892578125]
[120.64960479736328, 665.2603149414062, 1900.7896728515625]
[162.9404754638672, 652.903076171875, 1956.561767578125]
[188.6794891357422, 651.00146484375, 2002.6678466796875]
[197.55148315429688, 667.631591796875, 2047.1884765625]
[206.60206604003906, 686.5722045898438, 2088.23095703125]
[205.31304931640625, 703.3994140625, 2118.128173828125]
[218.5334930419922, 718.3368530273438, 2153.254150390625]
[218.67578125, 723.9151000976562, 2174.004150390625]
[214.23777770996094, 726.4931030273438, 2186.39599609375]
[214.39077758789062, 733.4407348632812, 2198.275634765625]
[218.020263671875, 745.9575805664062, 2212.432373046875]
[219.40733337402344, 742.4849853515625, 2224.289306640625]
[214.92977905273438, 740.88232421875, 2230.382080078125]
[222.79771423339844, 743.1842651367188, 2238.042236328125]
[224.59437561035156, 743.583251953125, 2237.656005859375]
[223.68626403808594, 738.5322875976562, 2240.58935546875]
[219.15892028808594, 727.3344116210938, 2188.7998046875]
[210.48562622070312, 724.6776733398438, 2183.06005859375]
[210.7317657470703, 718.4494018554688, 2197.968994140625]
[216.60537719726562, 707.3101806640625, 2195.490478515625]
[214.44798278808594, 693.5665283203125, 2179.14501953125]
[216.1343994140625, 697.2939453125, 2160.364013671875]
[219.4534912109375, 697.6651000976562, 2148.11865234375]
[222.09201049804688, 703.051513671875, 2145.805419921875]
[231.24620056152344, 713.8893432617188, 2147.51123046875]
[239.86851501464844, 717.6619873046875, 2153.72216796875]
[242.3179168701172, 726.5891723632812, 2169.96533203125]
[232.89739990234375, 727.5924682617188, 2163.29833984375]
[231.14569091796875, 724.8499755859375, 2157.925048828125]
[229.90753173828125, 721.6869506835938, 2146.246826171875]
[229.10328674316406, 711.7573852539062, 2132.736328125]
[232.0643768310547, 701.5673217773438, 2127.427490234375]
[232.4530487060547, 705.7691040039062, 2123.032958984375]
[238.24490356445312, 719.4751586914062, 2140.88134765625]
[240.16943359375, 731.0508422851562, 2150.907958984375]
[239.2367706298828, 732.96826171875, 2162.8310546875]
[240.52235412597656, 738.54150390625, 2187.193359375]
[243.82550048828125, 729.9970092773438, 2181.4091796875]
[242.9072723388672, 725.468017578125, 2181.151611328125]
[237.02133178710938, 731.4963989257812, 2179.548583984375]
[231.5576171875, 728.77001953125, 2167.319091796875]
[231.11642456054688, 726.3887939453125, 2162.989501953125]
[230.30255126953125, 728.44580078125, 2156.09130859375]
[224.01890563964844, 727.8197631835938, 2158.5009765625]
[226.45150756835938, 730.4400024414062, 2155.98583984375]
[226.8509063720703, 728.683349609375, 2150.411865234375]
[225.69154357910156, 728.8888549804688, 2149.609130859375]
[222.52650451660156, 729.79638671875, 2149.17138671875]
[221.85275268554688, 730.6305541992188, 2149.239990234375]
[220.97508239746094, 733.0087280273438, 2146.236328125]
[216.1995391845703, 730.8500366210938, 2141.5078125]
[215.90042114257812, 735.9013671875, 2144.457763671875]
[216.94708251953125, 733.7877807617188, 2136.384765625]
[223.17515563964844, 729.6464233398438, 2132.09716796875]
[230.02613830566406, 721.3287353515625, 2137.814208984375]
[231.42282104492188, 703.353759765625, 2129.422119140625]
[216.66685485839844, 689.5384521484375, 2132.940673828125]
[196.97857666015625, 666.0968627929688, 2174.345458984375]
[203.14984130859375, 657.0716552734375, 2220.202880859375]
[206.52268981933594, 657.3238525390625, 2264.80615234375]
[217.181396484375, 660.816650390625, 2312.54443359375]
[219.51304626464844, 668.6731567382812, 2343.72509765625]
[212.79579162597656, 677.1278076171875, 2365.73974609375]
[205.56344604492188, 688.2760620117188, 2377.7958984375]
[203.5409698486328, 699.8712768554688, 2399.175048828125]
[205.66050720214844, 712.5869750976562, 2427.8017578125]
[207.8064727783203, 719.4371948242188, 2433.51513671875]
[210.21334838867188, 724.3880004882812, 2446.27197265625]
[220.94677734375, 734.2329711914062, 2429.582763671875]
[217.75238037109375, 732.2344970703125, 2419.3125]
[204.87342834472656, 727.3843994140625, 2388.58837890625]
[207.5811004638672, 710.4840698242188, 2366.244384765625]
[214.4866180419922, 698.017822265625, 2346.4228515625]
[194.60433959960938, 645.7151489257812, 2278.453125]
[160.33680725097656, 588.1765747070312, 2186.299072265625]
[127.55532836914062, 532.1812744140625, 2092.29931640625]
[98.33018493652344, 485.6590270996094, 1960.906494140625]
[90.6087417602539, 430.4578857421875, 1847.4129638671875]
[81.98524475097656, 431.01531982421875, 1817.3155517578125]
[54.09870910644531, 405.41455078125, 1642.1234130859375]
[36.21954345703125, 337.87164306640625, 1431.9310302734375]
[34.57160568237305, 316.8503723144531, 1332.4552001953125]
[34.673370361328125, 323.5660705566406, 1282.189697265625]
[53.291893005371094, 364.63372802734375, 1258.1973876953125]
[76.14793395996094, 425.19732666015625, 1245.5322265625]
[85.97124481201172, 504.44342041015625, 1248.7734375]
[83.98151397705078, 569.3576049804688, 1285.176513671875]
[80.1713638305664, 671.5330810546875, 1301.2239990234375]
[75.56171417236328, 747.26611328125, 1361.1060791015625]
[76.08148956298828, 776.20263671875, 1400.0699462890625]
[65.24869537353516, 802.0545654296875, 1386.634765625]
[71.32609558105469, 795.146728515625, 1394.5880126953125]
[79.8009033203125, 788.7180786132812, 1401.859375]
[87.69729614257812, 778.4360961914062, 1412.13232421875]
[86.57426452636719, 784.0827026367188, 1414.9659423828125]
[89.47358703613281, 783.8389892578125, 1400.09423828125]
[85.9010009765625, 775.8956298828125, 1408.6766357421875]
[85.69117736816406, 775.3734741210938, 1407.2196044921875]
[89.45317840576172, 777.1286010742188, 1412.76953125]
[86.08112335205078, 776.0234985351562, 1414.9886474609375]
[83.32510375976562, 780.9155883789062, 1413.6168212890625]
[81.16712951660156, 779.4284057617188, 1407.2393798828125]
[84.27776336669922, 778.6758422851562, 1416.322998046875]
[91.48443603515625, 775.848876953125, 1415.17626953125]
[92.20613098144531, 777.8142700195312, 1419.8570556640625]
[90.17445373535156, 780.8694458007812, 1423.3004150390625]
[86.5048828125, 786.2120361328125, 1436.1807861328125]
[87.53724670410156, 802.4295654296875, 1434.1177978515625]
[91.44432830810547, 804.4901733398438, 1433.6640625]
[79.48345947265625, 802.7299194335938, 1419.9200439453125]
[83.52098083496094, 780.4711303710938, 1412.2496337890625]
[80.26445007324219, 755.34912109375, 1376.4808349609375]
[32.48924255371094, 723.0789184570312, 1361.476806640625]
[24.273775100708008, 662.7315063476562, 1365.6058349609375]
[25.67021942138672, 529.7617797851562, 1415.9952392578125]
[13.847081184387207, 451.72760009765625, 1539.5291748046875]
[-44.84625244140625, 392.1080017089844, 1590.0885009765625]
[-118.07994842529297, 386.8414001464844, 1552.4862060546875]
[-183.04071044921875, 393.32568359375, 1560.39697265625]
[-248.52626037597656, 426.7076416015625, 1575.3953857421875]
[-304.3460693359375, 477.22418212890625, 1579.9027099609375]
[-326.10784912109375, 533.3120727539062, 1546.3194580078125]
[-352.3705749511719, 606.4912109375, 1585.6563720703125]
[-349.4422302246094, 646.1471557617188, 1543.92578125]
[-334.07830810546875, 702.7717895507812, 1585.8033447265625]
[-314.4844970703125, 725.4130249023438, 1519.1744384765625]
[-294.2054443359375, 770.1122436523438, 1509.8377685546875]
[-274.6799011230469, 825.3082275390625, 1478.5390625]
[-277.78729248046875, 825.1353149414062, 1510.81298828125]
[-283.9765625, 805.3114624023438, 1542.2672119140625]
[-282.7087097167969, 805.8036499023438, 1535.8956298828125]
[-268.31134033203125, 791.0729370117188, 1544.006103515625]
[-257.9969177246094, 798.5243530273438, 1534.810302734375]
[-253.69944763183594, 803.623291015625, 1523.927978515625]
[-262.0924072265625, 811.5614624023438, 1502.64013671875]
[-243.9872283935547, 799.3368530273438, 1521.04150390625]
[-244.8376922607422, 781.1399536132812, 1525.752685546875]
[-245.13919067382812, 782.2564697265625, 1531.3463134765625]
[-246.30836486816406, 760.1868896484375, 1490.4930419921875]
[-257.7393798828125, 760.0849609375, 1485.765869140625]
[-258.7105712890625, 761.471435546875, 1484.2069091796875]
[-256.9208679199219, 761.849365234375, 1484.393310546875]
[-256.6018981933594, 762.050537109375, 1489.4715576171875]
[-265.9165954589844, 774.1824951171875, 1496.6676025390625]
[-266.4688415527344, 765.2721557617188, 1501.8438720703125]
[-293.19970703125, 727.1459350585938, 1520.35986328125]
[-352.7349548339844, 701.039306640625, 1570.92822265625]
[-459.0766906738281, 626.2453002929688, 1767.403076171875]
[-229.81402587890625, 719.64208984375, 1845.9547119140625]
[-39.31072235107422, 694.766357421875, 1981.1220703125]
[41.033973693847656, 674.0316772460938, 2004.47412109375]
[139.84962463378906, 630.4840087890625, 1973.943603515625]
[220.4484100341797, 604.713623046875, 1947.0245361328125]
[-55.54840087890625, 418.7654724121094, 1914.733154296875]
[26.434024810791016, 447.3424072265625, 1941.084716796875]
[120.79287719726562, 502.3746337890625, 1944.318603515625]
[191.858154296875, 551.1287231445312, 1939.3594970703125]
[222.853271484375, 605.2374877929688, 1955.2371826171875]
[234.56895446777344, 660.3077392578125, 1967.1827392578125]
[234.95265197753906, 707.124755859375, 1993.874755859375]
[234.28758239746094, 721.2385864257812, 2021.0902099609375]
[230.5186309814453, 731.530517578125, 2037.17138671875]
[224.4077606201172, 739.3450317382812, 2043.8406982421875]
[220.28225708007812, 743.8781127929688, 2051.30615234375]
[220.48532104492188, 740.9185791015625, 2045.65576171875]
[217.75047302246094, 728.1065673828125, 2031.4700927734375]
[218.74191284179688, 728.4130859375, 2028.573486328125]
[222.39381408691406, 729.5838623046875, 2029.9658203125]
[222.39537048339844, 725.8367309570312, 2035.1900634765625]
[221.79837036132812, 728.1430053710938, 2032.8802490234375]
[220.54782104492188, 722.6478271484375, 2033.612548828125]
[220.7534942626953, 719.9385375976562, 2030.7357177734375]
[223.15098571777344, 717.0132446289062, 2035.2855224609375]
[223.4246063232422, 722.0289306640625, 2034.2176513671875]
[222.7547149658203, 720.2552490234375, 2034.7835693359375]
[214.06118774414062, 722.2344360351562, 2019.41064453125]
[218.33474731445312, 730.1976318359375, 2011.9683837890625]
[217.0740203857422, 730.7088623046875, 2009.5682373046875]
[216.15390014648438, 733.7883911132812, 2004.1561279296875]
[219.56680297851562, 736.2539672851562, 1999.3460693359375]
[219.3426971435547, 731.1328125, 1991.4288330078125]
[218.91036987304688, 713.59619140625, 1983.9169921875]
[218.2368927001953, 656.45556640625, 1955.0838623046875]
[217.16632080078125, 577.4385986328125, 1970.85693359375]
[197.42103576660156, 507.6031188964844, 2005.76904296875]
[187.99627685546875, 449.3045959472656, 2061.656005859375]
[184.17437744140625, 393.6806335449219, 2125.24853515625]
[187.71951293945312, 369.9104919433594, 2177.8408203125]
[204.850830078125, 363.7152404785156, 2244.125244140625]
[231.8629608154297, 383.49249267578125, 2287.6416015625]
[271.7389221191406, 426.3323974609375, 2334.73046875]
[291.1903991699219, 479.668701171875, 2364.0439453125]
[324.5331115722656, 544.5227661132812, 2398.586669921875]
[339.4885559082031, 599.3009643554688, 2421.57763671875]
[344.9033203125, 653.6705932617188, 2451.128662109375]
[353.88580322265625, 681.8746337890625, 2489.551513671875]
[360.9677429199219, 692.1432495117188, 2519.591552734375]
[357.97882080078125, 701.6217651367188, 2530.59375]
[357.70452880859375, 716.3553466796875, 2552.882568359375]
[346.8836975097656, 718.5867309570312, 2548.267578125]
[353.6389465332031, 718.7429809570312, 2545.179931640625]
[357.1637268066406, 713.3240356445312, 2562.251220703125]
[356.35186767578125, 721.035888671875, 2554.3671875]
[368.0580139160156, 689.35791015625, 2555.95361328125]
[395.1955871582031, 681.4677734375, 2531.982666015625]
[383.98956298828125, 679.798828125, 2547.308837890625]
[373.1534729003906, 687.9506225585938, 2539.186767578125]
[370.6225280761719, 686.590576171875, 2542.101318359375]
[372.9251708984375, 696.4396362304688, 2536.006591796875]
[372.9850158691406, 697.6605834960938, 2546.16796875]
[375.8671875, 698.3309936523438, 2556.772705078125]
[374.6064453125, 698.4232788085938, 2564.6689453125]
[367.2773742675781, 707.99755859375, 2562.366455078125]
[366.4371032714844, 699.3615112304688, 2558.7998046875]
[359.0774230957031, 705.1914672851562, 2530.502197265625]
[357.0294494628906, 694.3629760742188, 2498.06494140625]
[353.7568664550781, 683.2044677734375, 2461.966796875]
[340.5802917480469, 654.8526000976562, 2408.658203125]
[326.119384765625, 644.8013916015625, 2324.587890625]
[289.9270324707031, 643.4046020507812, 2263.083740234375]
[229.57057189941406, 647.2500610351562, 2169.19677734375]
[196.3938751220703, 650.4583740234375, 2092.206298828125]
[155.05848693847656, 667.4088134765625, 1993.241943359375]
[103.11988830566406, 670.6495361328125, 1921.87109375]
[76.60238647460938, 683.8220825195312, 1861.105712890625]
[52.650394439697266, 689.6027221679688, 1820.4423828125]
[24.31618881225586, 704.9177856445312, 1801.6885986328125]
[0.7535461187362671, 727.5238037109375, 1819.80810546875]
[-23.262142181396484, 730.444580078125, 1828.7943115234375]
[37.35519790649414, 745.8019409179688, 1866.2301025390625]
[-41.591285705566406, 739.25732421875, 1837.328125]
[-38.51390838623047, 739.7940673828125, 1825.78466796875]
[-33.26814651489258, 747.352294921875, 1811.3277587890625]
[-44.20576858520508, 747.478271484375, 1817.7803955078125]
[-39.6237907409668, 750.2733764648438, 1821.87109375]
[-35.76597595214844, 753.9100341796875, 1820.37109375]
[-38.539608001708984, 759.4220581054688, 1839.732421875]
[-48.25366973876953, 755.3175048828125, 1848.633544921875]
[-41.37595748901367, 752.6828002929688, 1846.9136962890625]
[0,0,0]
[0,0,0]
[0,0,0]
[0,0,0]
[0,0,0]
[0,0,0]
[0,0,0]
[0,0,0]
[0,0,0]
[0,0,0]
[0,0,0]
[0,0,0]
[0,0,0]
[0,0,0]
[0,0,0]
[0,0,0]
[0,0,0]
[0,0,0]
[0,0,0]
[0,0,0]
[0,0,0]
[0,0,0]
[0,0,0]
[0,0,0]
[0,0,0]
[0,0,0]
[0,0,0]
[0,0,0]
[0,0,0]
[0,0,0]
[0,0,0]
[0,0,0]
[0,0,0]
[0,0,0]
[0,0,0]
[0,0,0]
[0,0,0]
[0,0,0]
[0,0,0]
[0,0,0]
[0,0,0]
[0,0,0]
[0,0,0]
[0,0,0]
[0,0,0]
[0,0,0]
[0,0,0]
[0,0,0]
[0,0,0]
[0,0,0]
[0,0,0]
[0,0,0]
[0,0,0]
[0,0,0]
[0,0,0]
[0,0,0]
[0,0,0]
[0,0,0]
[0,0,0]
[0,0,0]
[0,0,0]
[0,0,0]
[0,0,0]
[0,0,0]
[0,0,0]
[0,0,0]
[0,0,0]
[0,0,0]
[0,0,0]
[0,0,0]
[0,0,0]
[0,0,0]
[0,0,0]
[0,0,0]
[0,0,0]
[0,0,0]
[0,0,0]
[0,0,0]
[0,0,0]
[0,0,0]
[0,0,0]
[0,0,0]
[0,0,0]
[0,0,0]
[0,0,0]
[0,0,0]
[0,0,0]
[0,0,0]
[0,0,0]
[0,0,0]
[0,0,0]
[0,0,0]
[0,0,0]
[0,0,0]
[0,0,0]
[0,0,0]
[0,0,0]
[0,0,0]
[0,0,0]
[0,0,0]
[0,0,0]
[0,0,0]
[0,0,0]
[0,0,0]
[0,0,0]
[0,0,0]
[0,0,0]
[0,0,0]
[0,0,0]
[0,0,0]
[0,0,0]
[0,0,0]
[0,0,0]
[0,0,0]
[0,0,0]
[0,0,0]
[0,0,0]
[0,0,0]
[0,0,0]
[0,0,0]
[0,0,0]
[0,0,0]
[0,0,0]
[0,0,0]
[0,0,0]
[0,0,0]
[0,0,0]
[0,0,0]
[0,0,0]
[0,0,0]
[0,0,0]
[0,0,0]
[0,0,0]
[0,0,0]
[0,0,0]
[0,0,0]
[0,0,0]
[0,0,0]
[0,0,0]
[0,0,0]
[0,0,0]
[0,0,0]
[0,0,0]
[0,0,0]
[0,0,0]
[0,0,0]
[0,0,0]
[0,0,0]
[0,0,0]
[0,0,0]
[0,0,0]
[0,0,0]
[0,0,0]
[0,0,0]
[0,0,0]
[0,0,0]
[0,0,0]
[0,0,0]
[0,0,0]
[0,0,0]
[0,0,0]
[0,0,0]
[0,0,0]
[0,0,0]
[0,0,0]
[0,0,0]
[0,0,0]
[0,0,0]
[0,0,0]
[0,0,0]
[0,0,0]
[0,0,0]
[0,0,0]
[0,0,0]
[0,0,0]
[0,0,0]
[0,0,0]
[0,0,0]
[0,0,0]
[0,0,0]
[0,0,0]
[0,0,0]
[0,0,0]
[0,0,0]
[0,0,0]
[0,0,0]
[0,0,0]
[0,0,0]
[0,0,0]
[0,0,0]
[0,0,0]
[0,0,0]
[0,0,0]
[0,0,0]
[0,0,0]
[0,0,0]
[0,0,0]
[0,0,0]
[0,0,0]
[0,0,0]
[0,0,0]
[0,0,0]
[0,0,0]
[0,0,0]
[0,0,0]
[0,0,0]
[0,0,0]
[0,0,0]
[0,0,0]
[0,0,0]
[0,0,0]
[0,0,0]
[0,0,0]
[0,0,0]
[0,0,0]
[0,0,0]
[0,0,0]
[0,0,0]
[0,0,0]
[0,0,0]
[0,0,0]
[0,0,0]
[0,0,0]
[0,0,0]
[0,0,0]
[0,0,0]
[0,0,0]
[0,0,0]
[0,0,0]
[0,0,0]
[0,0,0]
[0,0,0]
[0,0,0]
[0,0,0]
[0,0,0]
[0,0,0]
[0,0,0]
[0,0,0]
[0,0,0]
[0,0,0]
[0,0,0]
[0,0,0]
[0,0,0]
[0,0,0]
[0,0,0]
[0,0,0]
[0,0,0]
[0,0,0]
[0,0,0]
[0,0,0]
[0,0,0]
[0,0,0]
[0,0,0]
[0,0,0]
[0,0,0]
[0,0,0]
[0,0,0]
[0,0,0]
[0,0,0]
[0,0,0]
[0,0,0]
[0,0,0]
[0,0,0]
[0,0,0]
[0,0,0]
[0,0,0]
[0,0,0]
[0,0,0]
[0,0,0]
[0,0,0]
[0,0,0]
[0,0,0]
[0,0,0]
[0,0,0]
[0,0,0]
[0,0,0]
[0,0,0]
[0,0,0]
[0,0,0]
[0,0,0]
[0,0,0]
[0,0,0]
[0,0,0]
[0,0,0]
[0,0,0]
[0,0,0]
[0,0,0]
[0,0,0]
[0,0,0]
[0,0,0]
[0,0,0]
[0,0,0]
[0,0,0]
[0,0,0]
[0,0,0]
[0,0,0]
[0,0,0]
[0,0,0]
[0,0,0]
[0,0,0]
[0,0,0]
[0,0,0]
[0,0,0]
[0,0,0]
[0,0,0]
[0,0,0]
[0,0,0]
[0,0,0]
[0,0,0]
[0,0,0]
[0,0,0]
[0,0,0]
[0,0,0]
[0,0,0]
[0,0,0]
[0,0,0]
[0,0,0]
[0,0,0]
[0,0,0]
[0,0,0]
[0,0,0]
[0,0,0]
[0,0,0]
[0,0,0]
[0,0,0]
[0,0,0]
[0,0,0]
[0,0,0]
[0,0,0]
[0,0,0]
[0,0,0]
[0,0,0]
[0,0,0]
[0,0,0]
[0,0,0]
[0,0,0]
[0,0,0]
[0,0,0]
[0,0,0]
[0,0,0]
[0,0,0]
[0,0,0]
[0,0,0]
[0,0,0]
[0,0,0]
[0,0,0]
[0,0,0]
[0,0,0]
[0,0,0]
[0,0,0]
[0,0,0]
[0,0,0]
[0,0,0]
[0,0,0]
[0,0,0]
[0,0,0]
[0,0,0]
[0,0,0]
[0,0,0]
[0,0,0]
[0,0,0]
[0,0,0]
[0,0,0]
[0,0,0]
[0,0,0]
[0,0,0]
[0,0,0]
[0,0,0]
[0,0,0]
[0,0,0]
[0,0,0]
[0,0,0]
[0,0,0]
[0,0,0]
[0,0,0]
[0,0,0]
[0,0,0]
[0,0,0]
[0,0,0]
[0,0,0]
[0,0,0]
[0,0,0]
[0,0,0]
[0,0,0]
[0,0,0]
[0,0,0]
[0,0,0]
[0,0,0]
[0,0,0]
[0,0,0]
[0,0,0]
[0,0,0]
[0,0,0]
[0,0,0]
[0,0,0]
[0,0,0]
[0,0,0]
[0,0,0]
[0,0,0]
[0,0,0]
[0,0,0]
[0,0,0]
[0,0,0]
[0,0,0]
[0,0,0]
[0,0,0]
[0,0,0]
[0,0,0]
[0,0,0]
[0,0,0]
[0,0,0]
[0,0,0]
[0,0,0]
[0,0,0]
[0,0,0]
[0,0,0]
[0,0,0]
[0,0,0]
[0,0,0]
[0,0,0]
[0,0,0]
[0,0,0]
[0,0,0]
[0,0,0]
[0,0,0]
[0,0,0]
[0,0,0]
[0,0,0]
[0,0,0]
[0,0,0]
[0,0,0]
[0,0,0]
[0,0,0]
[0,0,0]
[0,0,0]
[0,0,0]
[0,0,0]
[0,0,0]
[0,0,0]
[0,0,0]
[0,0,0]
[0,0,0]
[0,0,0]
[0,0,0]
[0,0,0]
[0,0,0]
[0,0,0]
[0,0,0]
[0,0,0]
[0,0,0]
[0,0,0]
[0,0,0]
