452
30
[155.98335266,69.7432251,1081.2746582]
[154.46484375,70.69482422,1070.01196289]
[161.49105835,67.56158447,1068.28613281]
[161.30221558,67.67443848,1068.87255859]
[160.24821472,68.78521729,1067.46240234]
[156.15361023,69.1953125,1069.17724609]
[156.62695312,69.12237549,1068.48364258]
[157.39535522,69.73614502,1068.19458008]
[157.28686523,68.8012085,1068.82739258]
[157.68963623,67.70703125,1067.10473633]
[156.80271912,68.39337158,1069.1340332]
[152.35801697,70.72766113,1066.83496094]
[153.39578247,70.53839111,1065.58056641]
[151.50968933,70.94659424,1063.81713867]
[151.12791443,68.47711182,1063.89746094]
[153.72090149,68.12866211,1065.88183594]
[152.42311096,68.03039551,1066.65991211]
[152.51631165,67.31182861,1065.9855957]
[153.55111694,69.38336182,1064.18212891]
[154.79786682,69.96063232,1064.70581055]
[152.06468201,68.65698242,1070.00683594]
[152.13998413,68.769104,1071.85791016]
[158.08531189,65.95770264,1073.24121094]
[152.03370667,69.10437012,1069.60351562]
[153.96554565,68.16900635,1070.77539062]
[152.92228699,65.37774658,1070.54516602]
[152.36715698,66.94891357,1071.85009766]
[152.7749939,65.77416992,1072.11669922]
[153.21296692,65.82745361,1071.29614258]
[152.16223145,68.31268311,1072.70019531]
[157.47622681,66.13391113,1068.94750977]
[156.33872986,65.94915771,1069.48779297]
[154.76669312,65.77612305,1070.31201172]
[156.10795593,65.37701416,1069.29492188]
[155.578125,66.82617188,1071.64477539]
[158.13018799,65.57440186,1071.16821289]
[157.82965088,65.55548096,1071.16748047]
[154.09074402,66.01538086,1072.6472168]
[155.38316345,64.82226562,1074.18823242]
[157.49005127,66.09838867,1071.17651367]
[156.46740723,67.53436279,1069.18652344]
[157.36824036,69.39093018,1066.77050781]
[157.81820679,71.64440918,1064.67504883]
[158.91630554,65.34643555,1069.48022461]
[157.57583618,65.91693115,1070.30566406]
[159.3510437,64.56256104,1070.38549805]
[159.65278625,63.88903809,1068.55786133]
[158.23313904,60.87475586,1071.05419922]
[159.25701904,62.98699951,1067.97314453]
[160.47039795,59.99249268,1068.01660156]
[160.96960449,63.25616455,1072.55395508]
[154.22517395,70.67706299,1051.43164062]
[146.1947937,94.83666992,1041.10095215]
[134.07432556,147.4822998,1001.34375]
[97.86804199,193.52478027,938.99694824]
[70.96859741,230.64831543,878.06103516]
[40.35425186,272.53686523,814.34020996]
[23.91800308,295.71060181,765.71911621]
[31.0693512,292.59484863,744.02368164]
[44.7435379,276.36633301,739.9284668]
[64.7208252,257.16015625,748.18151855]
[101.16606903,202.42266846,761.82080078]
[124.05625153,171.73022461,803.84265137]
[164.43333435,129.78430176,824.81188965]
[183.13365173,103.67181396,849.99902344]
[185.62477112,71.66143799,874.05895996]
[187.98693848,55.47161865,894.10009766]
[193.14675903,53.7333374,901.44055176]
[199.09416199,48.8135376,909.18359375]
[200.04721069,50.40893555,910.30834961]
[198.85543823,45.15118408,899.17248535]
[198.50791931,42.12744141,890.98254395]
[194.79092407,39.21289062,897.2355957]
[197.27738953,38.01696777,896.92651367]
[191.09841919,47.86315918,888.79821777]
[191.20835876,49.34515381,888.37023926]
[190.85601807,51.27197266,879.09106445]
[186.16717529,49.6519165,879.09558105]
[185.20214844,50.96057129,874.46118164]
[183.22183228,56.17767334,876.38916016]
[183.28041077,57.00628662,883.48376465]
[190.42294312,56.29174805,892.55517578]
[191.87258911,51.94189453,904.11096191]
[185.28260803,52.82489014,907.71105957]
[171.07620239,55.24401855,872.19763184]
[157.06567383,59.40063477,851.13012695]
[122.31085968,70.91815186,829.55114746]
[92.12792206,94.82531738,769.03222656]
[60.26394653,117.63183594,723.99536133]
[26.43863869,152.06756592,679.59753418]
[4.38091898,184.72363281,653.75366211]
[-29.78721237,200.89471436,635.11743164]
[-40.12682724,199.1138916,631.59790039]
[-71.58824921,181.7911377,626.87182617]
[-84.37018585,141.13317871,636.33557129]
[-64.60394287,102.12878418,644.42175293]
[-48.3712883,79.55328369,635.14746094]
[-29.02814293,66.49401855,634.40942383]
[-12.30613136,53.60229492,627.96618652]
[-7.74572802,36.33990479,629.74719238]
[6.59157324,24.35375977,649.23034668]
[2.34648585e-01,2.62367554e+01,6.62763794e+02]
[2.28326035,22.48181152,678.5201416]
[-7.31699181,27.11242676,671.16943359]
[-9.30329418,28.89398193,670.78479004]
[-4.60121059,29.29449463,672.40393066]
[3.38621438e-01,3.15837402e+01,6.80580078e+02]
[3.74433398,30.72686768,686.90344238]
[7.12540722,30.33288574,688.06945801]
[14.55399418,22.22521973,700.06665039]
[16.43717957,17.28924561,709.80578613]
[15.52287483,18.42926025,712.87597656]
[8.73380184,24.08807373,714.04199219]
[15.63757706,43.76452637,730.2277832]
[21.46130753,51.68994141,744.74523926]
[37.56006241,53.88909912,784.92407227]
[54.2851944,55.07653809,827.12316895]
[95.87052155,108.73394775,843.97143555]
[119.46582031,127.10968018,878.9666748]
[139.49108887,132.230896,900.25292969]
[133.08338928,125.1463623,906.82324219]
[124.97620392,119.0559082,906.49890137]
[118.09822845,108.32244873,915.12304688]
[103.94042969,99.30761719,898.9440918]
[84.47490692,85.81329346,848.79125977]
[91.2182312,74.67852783,854.14343262]
[107.91855621,54.87756348,875.91137695]
[117.95806885,44.78588867,896.02233887]
[124.87994385,37.96362305,864.51965332]
[147.82485962,32.16015625,862.97436523]
[147.97962952,30.61682129,838.43603516]
[138.1693573,36.89007568,857.59863281]
[140.77061462,27.84875488,867.80700684]
[140.46383667,30.70550537,833.77770996]
[142.61184692,14.92205811,836.38134766]
[125.82469177,22.75054932,853.14526367]
[120.59444427,30.06787109,839.61462402]
[126.2539444,35.36138916,810.26989746]
[119.70246124,38.61334229,805.46716309]
[122.719841,39.50769043,803.61999512]
[120.76060486,41.28173828,807.81481934]
[123.09557343,38.78118896,812.16589355]
[120.79948425,37.32214355,817.08642578]
[121.90112305,36.50836182,831.1126709]
[119.56867218,40.68457031,838.19165039]
[104.26843262,51.75061035,848.64880371]
[85.95891571,67.01867676,855.01831055]
[56.6675415,84.97576904,875.3046875]
[22.79738426,116.80212402,896.01123047]
[-0.96550769,135.44348145,923.02807617]
[-20.06669426,164.53320312,939.41052246]
[-38.94244385,182.03369141,937.8560791]
[-51.48379135,190.47564697,928.33764648]
[-61.3007164,181.55279541,890.75]
[-73.95193481,153.82458496,852.11608887]
[-85.05935669,125.78857422,801.59643555]
[-107.67220306,86.6461792,728.86047363]
[-123.06210327,74.91699219,719.65185547]
[-125.10089874,59.26043701,733.06506348]
[-130.56341553,36.64581299,755.37011719]
[-130.73991394,23.69372559,776.83666992]
[-133.6733551,18.64611816,764.79199219]
[-128.80081177,21.66821289,759.82141113]
[-129.15910339,25.81866455,751.85095215]
[-127.75902557,23.86907959,760.00305176]
[-127.31148529,24.3024292,749.83886719]
[-123.59253693,23.39343262,747.68066406]
[-129.50787354,23.24371338,758.97338867]
[-127.46030426,28.95874023,771.93701172]
[-136.26086426,33.78302002,786.72302246]
[-140.56767273,48.94439697,778.04418945]
[-139.20980835,69.26397705,758.86682129]
[-135.81440735,91.56817627,717.45117188]
[-129.07957458,137.75671387,619.84863281]
[-116.77996063,165.1519165,477.36645508]
[-97.23806763,159.52331543,299.31530762]
[-37.41829681,251.72021484,36.93518066]
[-4.87937784,415.01641846,-221.51446533]
[37.31438828,535.84432983,-364.81390381]
[85.03948212,531.36959839,-300.68157959]
[44.87278748,467.32852173,-339.66711426]
[13.00557423,368.80108643,-356.98126221]
[-4.90849257,327.21130371,-339.65753174]
[10.86554527,286.57427979,-260.07177734]
[-41.71021271,372.33590698,-286.30603027]
[13.504179,632.57084656,-430.35919189]
[-13.05643654,499.43173218,-183.04742432]
[-23.37182617,370.24420166,9.73358154]
[-32.35442734,267.99578857,211.98852539]
[-33.53583908,215.10638428,389.20129395]
[-39.26428986,183.82806396,545.0411377]
[-44.34770203,143.60644531,663.43139648]
[-51.45016861,84.71740723,736.68896484]
[-61.99672699,72.4041748,783.86035156]
[-63.98503494,56.20581055,811.69177246]
[-64.2231369,34.96130371,832.75683594]
[-62.24761963,24.29943848,833.99157715]
[-64.68231201,26.94519043,832.19604492]
[-58.43752289,29.496521,825.86035156]
[-59.66228104,42.30792236,811.1739502]
[-59.44968796,46.62652588,803.52819824]
[-56.49786758,46.57775879,795.54919434]
[-57.26812744,48.55169678,783.72766113]
[-61.74026871,55.61083984,777.20654297]
[-61.67575836,51.25817871,772.88598633]
[-62.48921585,55.4598999,774.1295166]
[-61.93680191,59.25830078,774.24499512]
[-61.91700745,59.02880859,775.34313965]
[-60.85305023,56.14801025,769.18395996]
[-53.07780838,61.67877197,767.01391602]
[-35.76607132,81.46643066,765.32543945]
[26.0074482,93.97045898,794.83520508]
[72.38022614,117.77215576,843.21398926]
[120.6496048,134.73968506,900.78967285]
[162.94047546,147.09692383,956.56176758]
[188.67948914,148.99853516,1002.66784668]
[197.55148315,132.3684082,1047.18847656]
[206.60206604,113.42779541,1088.23095703]
[205.31304932,96.60058594,1118.12817383]
[218.53349304,81.66314697,1153.25415039]
[218.67578125,76.0848999,1174.00415039]
[214.23777771,73.50689697,1186.39599609]
[214.39077759,66.55926514,1198.27563477]
[218.02026367,54.04241943,1212.43237305]
[219.40733337,57.51501465,1224.28930664]
[214.92977905,59.11767578,1230.38208008]
[222.79771423,56.81573486,1238.04223633]
[224.59437561,56.41674805,1237.65600586]
[223.68626404,61.4677124,1240.58935547]
[219.15892029,72.66558838,1188.79980469]
[210.48562622,75.32232666,1183.06005859]
[210.73176575,81.55059814,1197.96899414]
[216.6053772,92.68981934,1195.49047852]
[214.44798279,106.43347168,1179.14501953]
[216.13439941,102.70605469,1160.36401367]
[219.45349121,102.3348999,1148.11865234]
[222.0920105,96.94848633,1145.80541992]
[231.24620056,86.11065674,1147.51123047]
[239.86851501,82.3380127,1153.72216797]
[242.31791687,73.41082764,1169.96533203]
[232.8973999,72.40753174,1163.29833984]
[231.14569092,75.15002441,1157.92504883]
[229.90753174,78.31304932,1146.24682617]
[229.10328674,88.24261475,1132.73632812]
[232.06437683,98.43267822,1127.42749023]
[232.45304871,94.230896,1123.03295898]
[238.24490356,80.52484131,1140.88134766]
[240.16943359,68.94915771,1150.90795898]
[239.23677063,67.03173828,1162.83105469]
[240.52235413,61.45849609,1187.19335938]
[243.82550049,70.00299072,1181.40917969]
[242.90727234,74.53198242,1181.15161133]
[237.02133179,68.50360107,1179.54858398]
[231.55761719,71.22998047,1167.3190918]
[231.11642456,73.61120605,1162.98950195]
[230.30255127,71.55419922,1156.09130859]
[224.01890564,72.18023682,1158.50097656]
[226.45150757,69.55999756,1155.98583984]
[226.85090637,71.31665039,1150.41186523]
[225.69154358,71.11114502,1149.60913086]
[222.52650452,70.20361328,1149.17138672]
[221.85275269,69.3694458,1149.23999023]
[220.9750824,66.99127197,1146.23632812]
[216.19953918,69.14996338,1141.5078125]
[215.90042114,64.09863281,1144.45776367]
[216.94708252,66.21221924,1136.38476562]
[223.17515564,70.35357666,1132.09716797]
[230.02613831,78.67126465,1137.81420898]
[231.42282104,96.64624023,1129.42211914]
[216.66685486,110.46154785,1132.94067383]
[196.97857666,133.90313721,1174.34545898]
[203.14984131,142.92834473,1220.20288086]
[206.52268982,142.67614746,1264.80615234]
[217.18139648,139.18334961,1312.54443359]
[219.51304626,131.32684326,1343.72509766]
[212.79579163,122.87219238,1365.73974609]
[205.56344604,111.72393799,1377.79589844]
[203.54096985,100.12872314,1399.17504883]
[205.6605072,87.4130249,1427.80175781]
[207.80647278,80.56280518,1433.51513672]
[210.21334839,75.61199951,1446.27197266]
[220.94677734,65.76702881,1429.58276367]
[217.75238037,67.76550293,1419.3125]
[204.87342834,72.61560059,1388.58837891]
[207.58110046,89.51593018,1366.24438477]
[214.48661804,101.98217773,1346.42285156]
[194.6043396,154.28485107,1278.453125]
[160.33680725,211.82342529,1186.29907227]
[127.55532837,267.81872559,1092.29931641]
[98.33018494,314.3409729,960.90649414]
[90.60874176,369.54211426,847.41296387]
[81.98524475,368.98468018,817.31555176]
[54.09870911,394.58544922,642.12341309]
[36.21954346,462.12835693,431.93103027]
[34.57160568,483.14962769,332.4552002]
[34.67337036,476.43392944,282.18969727]
[53.29189301,435.36627197,258.1973877]
[76.14793396,374.80267334,245.53222656]
[85.97124481,295.55657959,248.7734375]
[83.98151398,230.64239502,285.17651367]
[80.17136383,128.46691895,301.22399902]
[75.56171417,52.73388672,361.1060791]
[76.08148956,23.79736328,400.06994629]
[65.24869537,-2.05456543,386.63476562]
[71.32609558,4.85327148,394.5880127]
[79.80090332,11.28192139,401.859375]
[87.69729614,21.56390381,412.13232422]
[86.57426453,15.91729736,414.96594238]
[89.47358704,16.16101074,400.09423828]
[85.90100098,24.10437012,408.67663574]
[85.69117737,24.62652588,407.21960449]
[89.45317841,22.87139893,412.76953125]
[86.08112335,23.97650146,414.98864746]
[83.32510376,19.08441162,413.61682129]
[81.16712952,20.57159424,407.23937988]
[84.27776337,21.32415771,416.32299805]
[91.48443604,24.15112305,415.17626953]
[92.20613098,22.18572998,419.85705566]
[90.17445374,19.1305542,423.30041504]
[86.50488281,13.78796387,436.18078613]
[87.5372467,-2.42956543,434.11779785]
[91.44432831,-4.49017334,433.6640625]
[79.48345947,-2.72991943,419.92004395]
[83.52098083,19.52886963,412.24963379]
[80.26445007,44.65087891,376.48083496]
[32.48924255,76.92108154,361.47680664]
[24.2737751,137.26849365,365.60583496]
[25.67021942,270.23822021,415.99523926]
[13.84708118,348.2723999,539.5291748]
[-44.84625244,407.89199829,590.08850098]
[-118.07994843,413.15859985,552.48620605]
[-183.04071045,406.67431641,560.39697266]
[-248.52626038,373.2923584,575.39538574]
[-304.34606934,322.77581787,579.90270996]
[-326.10784912,266.68792725,546.31945801]
[-352.37057495,193.50878906,585.65637207]
[-349.44223022,153.85284424,543.92578125]
[-334.07830811,97.22821045,585.80334473]
[-314.48449707,74.5869751,519.17443848]
[-294.20544434,29.88775635,509.83776855]
[-274.67990112,-25.30822754,478.5390625]
[-277.78729248,-25.13531494,510.81298828]
[-283.9765625,-5.3114624,542.26721191]
[-282.70870972,-5.8036499,535.89562988]
[-268.31134033,8.92706299,544.00610352]
[-257.99691772,1.47564697,534.81030273]
[-253.69944763,-3.62329102,523.92797852]
[-262.09240723,-11.5614624,502.64013672]
[-243.98722839,0.66314697,521.04150391]
[-244.83769226,18.86004639,525.75268555]
[-245.13919067,17.74353027,531.34631348]
[-246.30836487,39.81311035,490.49304199]
[-257.73937988,39.91503906,485.76586914]
[-258.71057129,38.52856445,484.20690918]
[-256.92086792,38.15063477,484.39331055]
[-256.60189819,37.94946289,489.47155762]
[-265.91659546,25.81750488,496.66760254]
[-266.46884155,34.72784424,501.84387207]
[-293.19970703,72.85406494,520.35986328]
[-352.73495483,98.96069336,570.92822266]
[-459.07669067,173.75469971,767.40307617]
[-229.81402588,80.35791016,845.95471191]
[-39.31072235,105.23364258,981.12207031]
[41.03397369,125.96832275,1004.47412109]
[139.84962463,169.51599121,973.94360352]
[220.44841003,195.28637695,947.02453613]
[-55.54840088,381.23452759,914.7331543]
[26.43402481,352.65759277,941.0847168]
[120.7928772,297.62536621,944.31860352]
[191.8581543,248.87127686,939.35949707]
[222.85327148,194.76251221,955.23718262]
[234.56895447,139.69226074,967.18273926]
[234.95265198,92.87524414,993.87475586]
[234.2875824,78.76141357,1021.09020996]
[230.51863098,68.46948242,1037.17138672]
[224.40776062,60.65496826,1043.84069824]
[220.28225708,56.12188721,1051.30615234]
[220.48532104,59.0814209,1045.65576172]
[217.75047302,71.89343262,1031.47009277]
[218.74191284,71.58691406,1028.57348633]
[222.39381409,70.4161377,1029.96582031]
[222.39537048,74.16326904,1035.19006348]
[221.79837036,71.85699463,1032.88024902]
[220.54782104,77.35217285,1033.61254883]
[220.75349426,80.0614624,1030.73571777]
[223.15098572,82.98675537,1035.28552246]
[223.42460632,77.97106934,1034.21765137]
[222.75471497,79.74475098,1034.78356934]
[214.06118774,77.76556396,1019.41064453]
[218.33474731,69.80236816,1011.96838379]
[217.07402039,69.2911377,1009.5682373]
[216.15390015,66.21160889,1004.15612793]
[219.56680298,63.74603271,999.34606934]
[219.34269714,68.8671875,991.42883301]
[218.91036987,86.40380859,983.91699219]
[218.2368927,143.54443359,955.0838623]
[217.1663208,222.56140137,970.85693359]
[197.42103577,292.3968811,1005.76904297]
[187.99627686,350.69540405,1061.65600586]
[184.17437744,406.31936646,1125.24853516]
[187.71951294,430.08950806,1177.84082031]
[204.85083008,436.28475952,1244.12524414]
[231.86296082,416.50750732,1287.64160156]
[271.73892212,373.66760254,1334.73046875]
[291.19039917,320.33129883,1364.04394531]
[324.53311157,255.47723389,1398.58666992]
[339.48855591,200.69903564,1421.57763672]
[344.90332031,146.32940674,1451.12866211]
[353.88580322,118.12536621,1489.55151367]
[360.96774292,107.85675049,1519.59155273]
[357.9788208,98.37823486,1530.59375]
[357.70452881,83.64465332,1552.88256836]
[346.88369751,81.41326904,1548.26757812]
[353.63894653,81.25701904,1545.17993164]
[357.16372681,86.67596436,1562.2512207]
[356.35186768,78.96411133,1554.3671875]
[368.05801392,110.64208984,1555.95361328]
[395.19558716,118.53222656,1531.98266602]
[383.98956299,120.20117188,1547.30883789]
[373.1534729,112.04937744,1539.18676758]
[370.62252808,113.40942383,1542.10131836]
[372.9251709,103.56036377,1536.0065918]
[372.98501587,102.3394165,1546.16796875]
[375.8671875,101.66900635,1556.77270508]
[374.60644531,101.57672119,1564.66894531]
[367.27737427,92.00244141,1562.36645508]
[366.43710327,100.63848877,1558.79980469]
[359.0774231,94.80853271,1530.50219727]
[357.02944946,105.63702393,1498.06494141]
[353.75686646,116.79553223,1461.96679688]
[340.58029175,145.1473999,1408.65820312]
[326.11938477,155.1986084,1324.58789062]
[289.92703247,156.59539795,1263.08374023]
[229.5705719,152.74993896,1169.19677734]
[196.39387512,149.54162598,1092.20629883]
[155.05848694,132.59118652,993.24194336]
[103.11988831,129.35046387,921.87109375]
[76.60238647,116.17791748,861.10571289]
[52.65039444,110.39727783,820.44238281]
[24.31618881,95.08221436,801.68859863]
[7.53546119e-01,7.24761963e+01,8.19808105e+02]
[-23.26214218,69.55541992,828.79431152]
[37.35519791,54.19805908,866.23010254]
[-41.59128571,60.74267578,837.328125]
[-38.51390839,60.20593262,825.78466797]
[-33.26814651,52.64770508,811.32775879]
[-44.20576859,52.52172852,817.78039551]
[-39.62379074,49.72662354,821.87109375]
[-35.76597595,46.08996582,820.37109375]
[-38.539608,40.57794189,839.73242188]
[-48.25366974,44.68249512,848.63354492]
[-41.37595749,47.31719971,846.91369629]
[0,0,0]
[0,0,0]
[0,0,0]
[0,0,0]
[0,0,0]
[0,0,0]
[0,0,0]
[0,0,0]
[0,0,0]
[0,0,0]
[0,0,0]
[0,0,0]
[0,0,0]
[0,0,0]
[0,0,0]
[0,0,0]
[0,0,0]
[0,0,0]
[0,0,0]
[0,0,0]
[0,0,0]
[0,0,0]
[0,0,0]
[0,0,0]
[0,0,0]
[0,0,0]
[0,0,0]
[0,0,0]
[0,0,0]
[0,0,0]
[0,0,0]
[0,0,0]
[0,0,0]
[0,0,0]
[0,0,0]
[0,0,0]
[0,0,0]
[0,0,0]
[0,0,0]
[0,0,0]
[0,0,0]
[0,0,0]
[0,0,0]
[0,0,0]
[0,0,0]
[0,0,0]
[0,0,0]
[0,0,0]
[0,0,0]
[0,0,0]
[0,0,0]
[0,0,0]
[0,0,0]
[0,0,0]
[0,0,0]
[0,0,0]
[0,0,0]
[0,0,0]
[0,0,0]
[0,0,0]
[0,0,0]
[0,0,0]
[0,0,0]
[0,0,0]
[0,0,0]
[0,0,0]
[0,0,0]
[0,0,0]
[0,0,0]
[0,0,0]
[0,0,0]
[0,0,0]
[0,0,0]
[0,0,0]
[0,0,0]
[0,0,0]
[0,0,0]
[0,0,0]
[0,0,0]
[0,0,0]
[0,0,0]
[0,0,0]
[0,0,0]
[0,0,0]
[0,0,0]
[0,0,0]
[0,0,0]
[0,0,0]
[0,0,0]
[0,0,0]
[0,0,0]
[0,0,0]
[0,0,0]
[0,0,0]
[0,0,0]
[0,0,0]
[0,0,0]
[0,0,0]
[0,0,0]
[0,0,0]
[0,0,0]
[0,0,0]
[0,0,0]
[0,0,0]
[0,0,0]
[0,0,0]
[0,0,0]
[0,0,0]
[0,0,0]
[0,0,0]
[0,0,0]
[0,0,0]
[0,0,0]
[0,0,0]
[0,0,0]
[0,0,0]
[0,0,0]
[0,0,0]
[0,0,0]
[0,0,0]
[0,0,0]
[0,0,0]
[0,0,0]
[0,0,0]
[0,0,0]
[0,0,0]
[0,0,0]
[0,0,0]
[0,0,0]
[0,0,0]
[0,0,0]
[0,0,0]
[0,0,0]
[0,0,0]
[0,0,0]
[0,0,0]
[0,0,0]
[0,0,0]
[0,0,0]
[0,0,0]
[0,0,0]
[0,0,0]
[0,0,0]
[0,0,0]
[0,0,0]
[0,0,0]
[0,0,0]
[0,0,0]
[0,0,0]
[0,0,0]
[0,0,0]
[0,0,0]
[0,0,0]
[0,0,0]
[0,0,0]
[0,0,0]
[0,0,0]
[0,0,0]
[0,0,0]
[0,0,0]
[0,0,0]
[0,0,0]
[0,0,0]
[0,0,0]
[0,0,0]
[0,0,0]
[0,0,0]
[0,0,0]
[0,0,0]
[0,0,0]
[0,0,0]
[0,0,0]
[0,0,0]
[0,0,0]
[0,0,0]
[0,0,0]
[0,0,0]
[0,0,0]
[0,0,0]
[0,0,0]
[0,0,0]
[0,0,0]
[0,0,0]
[0,0,0]
[0,0,0]
[0,0,0]
[0,0,0]
[0,0,0]
[0,0,0]
[0,0,0]
[0,0,0]
[0,0,0]
[0,0,0]
[0,0,0]
[0,0,0]
[0,0,0]
[0,0,0]
[0,0,0]
[0,0,0]
[0,0,0]
[0,0,0]
[0,0,0]
[0,0,0]
[0,0,0]
[0,0,0]
[0,0,0]
[0,0,0]
[0,0,0]
[0,0,0]
[0,0,0]
[0,0,0]
[0,0,0]
[0,0,0]
[0,0,0]
[0,0,0]
[0,0,0]
[0,0,0]
[0,0,0]
[0,0,0]
[0,0,0]
[0,0,0]
[0,0,0]
[0,0,0]
[0,0,0]
[0,0,0]
[0,0,0]
[0,0,0]
[0,0,0]
[0,0,0]
[0,0,0]
[0,0,0]
[0,0,0]
[0,0,0]
[0,0,0]
[0,0,0]
[0,0,0]
[0,0,0]
[0,0,0]
[0,0,0]
[0,0,0]
[0,0,0]
[0,0,0]
[0,0,0]
[0,0,0]
[0,0,0]
[0,0,0]
[0,0,0]
[0,0,0]
[0,0,0]
[0,0,0]
[0,0,0]
[0,0,0]
[0,0,0]
[0,0,0]
[0,0,0]
[0,0,0]
[0,0,0]
[0,0,0]
[0,0,0]
[0,0,0]
[0,0,0]
[0,0,0]
[0,0,0]
[0,0,0]
[0,0,0]
[0,0,0]
[0,0,0]
[0,0,0]
[0,0,0]
[0,0,0]
[0,0,0]
[0,0,0]
[0,0,0]
[0,0,0]
[0,0,0]
[0,0,0]
[0,0,0]
[0,0,0]
[0,0,0]
[0,0,0]
[0,0,0]
[0,0,0]
[0,0,0]
[0,0,0]
[0,0,0]
[0,0,0]
[0,0,0]
[0,0,0]
[0,0,0]
[0,0,0]
[0,0,0]
[0,0,0]
[0,0,0]
[0,0,0]
[0,0,0]
[0,0,0]
[0,0,0]
[0,0,0]
[0,0,0]
[0,0,0]
[0,0,0]
[0,0,0]
[0,0,0]
[0,0,0]
[0,0,0]
[0,0,0]
[0,0,0]
[0,0,0]
[0,0,0]
[0,0,0]
[0,0,0]
[0,0,0]
[0,0,0]
[0,0,0]
[0,0,0]
[0,0,0]
[0,0,0]
[0,0,0]
[0,0,0]
[0,0,0]
[0,0,0]
[0,0,0]
[0,0,0]
[0,0,0]
[0,0,0]
[0,0,0]
[0,0,0]
[0,0,0]
[0,0,0]
[0,0,0]
[0,0,0]
[0,0,0]
[0,0,0]
[0,0,0]
[0,0,0]
[0,0,0]
[0,0,0]
[0,0,0]
[0,0,0]
[0,0,0]
[0,0,0]
[0,0,0]
[0,0,0]
[0,0,0]
[0,0,0]
[0,0,0]
[0,0,0]
[0,0,0]
[0,0,0]
[0,0,0]
[0,0,0]
[0,0,0]
[0,0,0]
[0,0,0]
[0,0,0]
[0,0,0]
[0,0,0]
[0,0,0]
[0,0,0]
[0,0,0]
[0,0,0]
[0,0,0]
[0,0,0]
[0,0,0]
[0,0,0]
[0,0,0]
[0,0,0]
[0,0,0]
[0,0,0]
[0,0,0]
[0,0,0]
[0,0,0]
[0,0,0]
[0,0,0]
[0,0,0]
[0,0,0]
[0,0,0]
[0,0,0]
[0,0,0]
[0,0,0]
[0,0,0]
[0,0,0]
[0,0,0]
[0,0,0]
[0,0,0]
[0,0,0]
[0,0,0]
[0,0,0]
[0,0,0]
[0,0,0]
[0,0,0]
[0,0,0]
[0,0,0]
[0,0,0]
[0,0,0]
[0,0,0]
[0,0,0]
[0,0,0]
[0,0,0]
[0,0,0]
[0,0,0]
[0,0,0]
[0,0,0]
[0,0,0]
[0,0,0]
[0,0,0]
[0,0,0]
[0,0,0]
[0,0,0]
[0,0,0]
[0,0,0]
[0,0,0]
[0,0,0]
[0,0,0]
[0,0,0]
[0,0,0]
[0,0,0]
[0,0,0]
[0,0,0]
[0,0,0]
[0,0,0]
[0,0,0]
[0,0,0]
[0,0,0]
[0,0,0]
[0,0,0]
[0,0,0]
[0,0,0]
[0,0,0]
[0,0,0]
[0,0,0]
[0,0,0]
[0,0,0]
[0,0,0]
[0,0,0]
[0,0,0]
[0,0,0]
[0,0,0]
[0,0,0]
[0,0,0]
[0,0,0]
[0,0,0]
[0,0,0]
[0,0,0]
[0,0,0]
[0,0,0]
[0,0,0]
[0,0,0]
[0,0,0]
[0,0,0]
[0,0,0]
[0,0,0]
