452
30
[-42.561302185058594, -196.54327392578125, 2054.505126953125]
[-41.3575439453125, -194.86273193359375, 2058.48974609375]
[-37.35837173461914, -193.67254638671875, 2058.601318359375]
[-34.98728942871094, -192.80763244628906, 2060.78515625]
[-28.61305046081543, -189.10777282714844, 2061.635986328125]
[-21.183788299560547, -187.17135620117188, 2059.3759765625]
[-18.846027374267578, -187.6031494140625, 2061.426513671875]
[-11.549562454223633, -191.2066650390625, 2059.35791015625]
[-9.39987564086914, -190.8640594482422, 2059.511474609375]
[-3.6194920539855957, -190.20021057128906, 2059.370849609375]
[-2.016648769378662, -189.8038787841797, 2059.689208984375]
[2.704024314880371, -189.1287841796875, 2061.96826171875]
[4.547834396362305, -188.81787109375, 2062.75048828125]
[5.4020209312438965, -188.79371643066406, 2062.86865234375]
[11.026993751525879, -188.7009735107422, 2062.517822265625]
[13.59221363067627, -189.47427368164062, 2064.239501953125]
[14.004081726074219, -189.67465209960938, 2063.85400390625]
[16.00127601623535, -188.74671936035156, 2063.074462890625]
[16.658180236816406, -188.63658142089844, 2062.846435546875]
[20.94207000732422, -187.81192016601562, 2059.421630859375]
[28.750225067138672, -186.7978057861328, 2056.109130859375]
[28.779483795166016, -187.60658264160156, 2055.202392578125]
[28.06022834777832, -187.72412109375, 2053.576904296875]
[28.17580795288086, -187.83956909179688, 2050.769775390625]
[27.40433120727539, -187.08663940429688, 2048.248046875]
[26.73552131652832, -186.73678588867188, 2044.411376953125]
[26.707290649414062, -185.9155731201172, 2042.940185546875]
[26.955514907836914, -185.81488037109375, 2040.8660888671875]
[25.382503509521484, -184.56298828125, 2038.6988525390625]
[19.97685432434082, -185.42800903320312, 2039.1092529296875]
[19.71027183532715, -185.60256958007812, 2038.2535400390625]
[19.661231994628906, -185.63247680664062, 2038.1536865234375]
[19.619226455688477, -185.51657104492188, 2037.98291015625]
[15.87536907196045, -183.6781768798828, 2034.6224365234375]
[14.602385520935059, -184.0181121826172, 2036.2978515625]
[15.016182899475098, -181.34359741210938, 2038.423095703125]
[15.040166854858398, -181.333740234375, 2038.3994140625]
[8.001067161560059, -185.10165405273438, 2056.29150390625]
[2.961836814880371, -180.97268676757812, 2060.155517578125]
[1.2830719947814941, -182.27052307128906, 2065.1865234375]
[-3.49875545501709, -186.74649047851562, 2064.836181640625]
[-13.578184127807617, -192.60987854003906, 2067.471435546875]
[-21.61090087890625, -198.5668487548828, 2063.085205078125]
[-34.982234954833984, -202.94857788085938, 2053.522216796875]
[-39.55934143066406, -203.4380645751953, 2048.2587890625]
[-50.12378692626953, -202.1312713623047, 2036.61328125]
[-56.77375793457031, -199.95889282226562, 2030.6470947265625]
[-68.31522369384766, -195.2427520751953, 2011.608154296875]
[-81.11698150634766, -193.3204803466797, 1997.383056640625]
[-87.42915344238281, -187.35687255859375, 1983.4923095703125]
[-102.84558868408203, -183.23487854003906, 1969.6917724609375]
[-108.73420715332031, -177.31112670898438, 1960.48681640625]
[-128.89576721191406, -168.91741943359375, 1959.6256103515625]
[-133.21224975585938, -165.44911193847656, 1955.1461181640625]
[-141.95057678222656, -166.12469482421875, 1946.4888916015625]
[-143.93435668945312, -167.97731018066406, 1939.1907958984375]
[-146.3603973388672, -170.64413452148438, 1936.3717041015625]
[-146.13331604003906, -177.99835205078125, 1935.110595703125]
[-146.29879760742188, -184.61280822753906, 1929.895263671875]
[-144.80728149414062, -191.62147521972656, 1931.458984375]
[-138.97923278808594, -193.77005004882812, 1927.5743408203125]
[-126.67865753173828, -198.10992431640625, 1920.4083251953125]
[-123.59979248046875, -198.29702758789062, 1914.554931640625]
[-116.34156799316406, -195.38548278808594, 1904.908447265625]
[-106.0865478515625, -182.036865234375, 1893.144287109375]
[-94.45397186279297, -180.89971923828125, 1879.9534912109375]
[-83.9343490600586, -177.9423065185547, 1870.4893798828125]
[-76.73788452148438, -177.9865264892578, 1866.17724609375]
[-58.31001663208008, -177.63453674316406, 1859.3126220703125]
[-55.97474670410156, -177.52430725097656, 1860.7982177734375]
[-36.646671295166016, -168.30722045898438, 1863.2899169921875]
[-29.794633865356445, -164.7060546875, 1859.9619140625]
[-23.16064453125, -168.38555908203125, 1861.12109375]
[-19.93355941772461, -170.67498779296875, 1860.937744140625]
[-3.2566561698913574, -180.8425750732422, 1873.0888671875]
[3.2131896018981934, -195.23216247558594, 1875.7091064453125]
[8.857645034790039, -203.07835388183594, 1879.0614013671875]
[26.030414581298828, -212.1294708251953, 1887.599609375]
[40.0013313293457, -218.51390075683594, 1895.4998779296875]
[50.7193489074707, -208.32318115234375, 1891.022705078125]
[56.131351470947266, -208.95382690429688, 1894.981201171875]
[59.63389205932617, -207.56436157226562, 1899.0953369140625]
[63.555152893066406, -196.67245483398438, 1900.533203125]
[71.92247772216797, -192.80044555664062, 1907.9632568359375]
[79.92749786376953, -184.14442443847656, 1939.22412109375]
[93.58721923828125, -174.0795135498047, 1960.653076171875]
[108.70826721191406, -160.5570068359375, 1989.7486572265625]
[131.2142791748047, -154.7567138671875, 1991.3892822265625]
[157.8459014892578, -154.90504455566406, 1986.4862060546875]
[171.48516845703125, -160.63201904296875, 1985.0040283203125]
[170.9740753173828, -163.30709838867188, 1967.05224609375]
[165.0469970703125, -170.38377380371094, 1962.113525390625]
[164.30419921875, -174.5371551513672, 1958.85205078125]
[171.2845001220703, -191.29995727539062, 1932.5572509765625]
[171.53936767578125, -203.5832061767578, 1915.840576171875]
[169.09066772460938, -212.03704833984375, 1897.6881103515625]
[168.44361877441406, -216.9225311279297, 1881.9176025390625]
[169.3577423095703, -216.21495056152344, 1874.05029296875]
[173.1379852294922, -207.99705505371094, 1855.934326171875]
[185.58291625976562, -189.54661560058594, 1840.7154541015625]
[189.62062072753906, -171.38995361328125, 1818.88671875]
[190.1719207763672, -152.5638427734375, 1807.9046630859375]
[197.8030242919922, -136.8332977294922, 1793.2896728515625]
[204.9298858642578, -137.20021057128906, 1783.25048828125]
[211.31011962890625, -145.2275390625, 1782.4974365234375]
[232.1097869873047, -152.62686157226562, 1756.605712890625]
[244.60958862304688, -166.02975463867188, 1744.3985595703125]
[257.5824279785156, -172.13009643554688, 1729.647216796875]
[274.3830261230469, -180.0847930908203, 1731.65234375]
[287.27783203125, -180.6737823486328, 1737.0771484375]
[291.74761962890625, -176.33306884765625, 1741.758544921875]
[302.92047119140625, -162.56065368652344, 1746.339111328125]
[331.8637390136719, -152.29774475097656, 1737.580810546875]
[333.23956298828125, -139.69952392578125, 1733.466796875]
[339.2190246582031, -145.53749084472656, 1734.966796875]
[343.54107666015625, -146.81417846679688, 1729.1396484375]
[349.3370361328125, -149.54852294921875, 1729.884033203125]
[352.3495178222656, -157.79078674316406, 1733.17236328125]
[349.52227783203125, -163.10501098632812, 1738.05029296875]
[349.11309814453125, -166.2335968017578, 1744.392822265625]
[347.9394836425781, -174.30496215820312, 1752.0115966796875]
[347.1990661621094, -180.40228271484375, 1763.24609375]
[346.6194152832031, -186.94720458984375, 1778.585693359375]
[336.9627380371094, -185.77627563476562, 1803.983642578125]
[323.6220397949219, -185.82012939453125, 1825.4639892578125]
[318.174072265625, -187.5588836669922, 1835.5892333984375]
[271.75482177734375, -190.68748474121094, 1875.9251708984375]
[246.36729431152344, -186.91673278808594, 1896.2186279296875]
[183.2279815673828, -179.14329528808594, 1913.0106201171875]
[126.85160064697266, -182.1174774169922, 1887.90966796875]
[86.36051177978516, -158.99981689453125, 1849.9013671875]
[88.03009796142578, -149.79263305664062, 1840.2540283203125]
[87.00628662109375, -130.40631103515625, 1854.501953125]
[71.01123046875, -124.99519348144531, 1844.295654296875]
[53.071266174316406, -134.95716857910156, 1854.280029296875]
[34.061126708984375, -147.12274169921875, 1855.079833984375]
[18.079608917236328, -158.33433532714844, 1868.70556640625]
[-0.03622472286224365, -174.9408416748047, 1879.96728515625]
[-23.55556869506836, -192.2855987548828, 1883.475341796875]
[-45.550437927246094, -208.2005615234375, 1880.2166748046875]
[-59.004234313964844, -212.66854858398438, 1877.0513916015625]
[-78.9303970336914, -211.81480407714844, 1857.274658203125]
[-91.06779479980469, -205.4185791015625, 1851.4971923828125]
[-113.09659576416016, -191.42237854003906, 1829.5443115234375]
[-125.00128173828125, -176.15609741210938, 1830.952880859375]
[-144.98800659179688, -147.30332946777344, 1833.1746826171875]
[-156.7300262451172, -137.4966278076172, 1838.221923828125]
[-165.7317352294922, -133.91600036621094, 1838.0382080078125]
[-172.28823852539062, -141.216064453125, 1838.431884765625]
[-176.57717895507812, -145.7897491455078, 1834.359619140625]
[-181.50531005859375, -153.7822723388672, 1832.23974609375]
[-186.8911590576172, -163.55772399902344, 1831.8885498046875]
[-186.46693420410156, -170.06271362304688, 1830.656982421875]
[-190.71987915039062, -175.836669921875, 1824.24658203125]
[-196.183837890625, -186.90362548828125, 1819.3409423828125]
[-199.1211395263672, -188.4828338623047, 1813.9063720703125]
[-200.83737182617188, -187.6194610595703, 1804.3056640625]
[-200.12387084960938, -188.12728881835938, 1791.2615966796875]
[-198.9058837890625, -187.4002685546875, 1772.65087890625]
[-205.31451416015625, -178.090087890625, 1752.0848388671875]
[-202.86244201660156, -164.65382385253906, 1727.2008056640625]
[-202.3895721435547, -152.95594787597656, 1720.6240234375]
[-205.66629028320312, -135.21002197265625, 1701.2354736328125]
[-212.8341827392578, -119.59626770019531, 1675.1053466796875]
[-215.5069580078125, -105.95008850097656, 1638.4068603515625]
[-226.50205993652344, -112.20638275146484, 1608.8394775390625]
[-230.60389709472656, -122.0078353881836, 1585.287109375]
[-238.3238067626953, -137.26315307617188, 1560.569091796875]
[-245.65306091308594, -143.31993103027344, 1529.272705078125]
[-253.36769104003906, -156.73324584960938, 1506.8350830078125]
[-257.0382385253906, -161.1441650390625, 1484.235595703125]
[-260.5456237792969, -158.39544677734375, 1460.210205078125]
[-261.6428527832031, -153.5643768310547, 1439.0126953125]
[-256.9563903808594, -131.96969604492188, 1418.0926513671875]
[-250.49513244628906, -117.39483642578125, 1403.54443359375]
[-251.7263641357422, -116.63449096679688, 1397.11279296875]
[-248.48562622070312, -120.35403442382812, 1386.56103515625]
[-252.09158325195312, -119.60511779785156, 1392.2401123046875]
[-257.642578125, -124.79391479492188, 1374.541259765625]
[-262.6031188964844, -126.3488540649414, 1367.90380859375]
[-276.7491149902344, -129.9700164794922, 1356.0216064453125]
[-269.4610595703125, -125.90864562988281, 1344.79150390625]
[-272.71160888671875, -128.1921844482422, 1347.1654052734375]
[-276.9855041503906, -129.7513885498047, 1351.2823486328125]
[-266.35418701171875, -128.8018035888672, 1357.11669921875]
[-256.35052490234375, -132.94186401367188, 1367.419189453125]
[-249.9258270263672, -133.30763244628906, 1388.801513671875]
[-230.06495666503906, -138.41954040527344, 1395.311279296875]
[-222.69149780273438, -137.28236389160156, 1408.9669189453125]
[-218.8313446044922, -130.88363647460938, 1424.7984619140625]
[-218.6602020263672, -125.32634735107422, 1438.0386962890625]
[-218.3046875, -127.35748291015625, 1454.6568603515625]
[-215.25352478027344, -138.7398223876953, 1476.20556640625]
[-205.4841766357422, -140.32843017578125, 1504.6226806640625]
[-203.01339721679688, -149.45811462402344, 1554.173583984375]
[-198.061767578125, -148.4735565185547, 1580.13134765625]
[-193.50450134277344, -141.8460235595703, 1617.25]
[-181.08001708984375, -141.05734252929688, 1646.7286376953125]
[-171.3984832763672, -146.60470581054688, 1671.4793701171875]
[-157.9080810546875, -158.73130798339844, 1704.0433349609375]
[-150.1409912109375, -170.7960662841797, 1735.3013916015625]
[-147.05789184570312, -180.89817810058594, 1770.226318359375]
[-142.56597900390625, -189.14385986328125, 1798.8446044921875]
[-134.507080078125, -191.04576110839844, 1829.2086181640625]
[-124.45243072509766, -193.6239013671875, 1860.2335205078125]
[-112.08183288574219, -192.6248321533203, 1877.4466552734375]
[-108.37255096435547, -190.54360961914062, 1893.7164306640625]
[-86.54134368896484, -178.23654174804688, 1915.73388671875]
[-79.61516571044922, -179.36935424804688, 1947.61669921875]
[-71.35499572753906, -174.37393188476562, 1987.0355224609375]
[-57.95182800292969, -168.9189453125, 2025.737060546875]
[-49.6887321472168, -156.01173400878906, 2056.937744140625]
[-38.38018798828125, -148.37669372558594, 2079.134765625]
[-29.064315795898438, -158.88668823242188, 2091.919921875]
[-24.378448486328125, -168.9178924560547, 2101.833740234375]
[-20.035140991210938, -185.9962615966797, 2107.57470703125]
[-11.347882270812988, -206.60855102539062, 2105.927734375]
[-3.506951093673706, -227.59544372558594, 2094.553955078125]
[2.757124662399292, -241.08364868164062, 2101.2412109375]
[5.863972187042236, -242.52206420898438, 2100.97119140625]
[13.85536003112793, -234.25311279296875, 2098.965087890625]
[21.805004119873047, -223.1147918701172, 2097.29833984375]
[24.760969161987305, -201.75588989257812, 2099.191162109375]
[24.320743560791016, -188.952880859375, 2080.6630859375]
[32.654544830322266, -183.40396118164062, 2076.509521484375]
[35.498477935791016, -188.43560791015625, 2075.3876953125]
[41.59984588623047, -192.31666564941406, 2061.449951171875]
[44.33640670776367, -194.2797393798828, 2060.779296875]
[67.41785430908203, -202.60743713378906, 2058.6552734375]
[73.83680725097656, -205.8193817138672, 2066.2490234375]
[56.84368896484375, -228.2122802734375, 2095.60791015625]
[49.37539291381836, -253.08200073242188, 2109.2900390625]
[42.94993591308594, -283.0814514160156, 2092.10009765625]
[31.75609588623047, -308.8087463378906, 2112.9365234375]
[32.191978454589844, -315.55010986328125, 2101.956298828125]
[30.483112335205078, -315.80926513671875, 2127.522216796875]
[32.849708557128906, -303.7265319824219, 2129.95263671875]
[38.27113723754883, -282.5782775878906, 2147.51806640625]
[34.93075942993164, -259.5912780761719, 2156.153076171875]
[28.470016479492188, -243.1757354736328, 2165.419189453125]
[25.878421783447266, -202.1249542236328, 2178.69873046875]
[27.570798873901367, -184.98512268066406, 2197.986083984375]
[28.77850914001465, -174.00592041015625, 2214.388671875]
[28.628162384033203, -164.1513671875, 2223.61767578125]
[38.72138214111328, -143.915283203125, 2243.21923828125]
[46.22084045410156, -128.64144897460938, 2252.722900390625]
[49.68964385986328, -108.33816528320312, 2261.5068359375]
[47.26824188232422, -83.8882064819336, 2270.1982421875]
[49.873985290527344, -70.88276672363281, 2266.134033203125]
[51.0537109375, -39.27114486694336, 2272.990966796875]
[53.152320861816406, -9.992247581481934, 2277.26123046875]
[58.385433197021484, 21.45684051513672, 2276.400634765625]
[63.521644592285156, 43.94925308227539, 2275.805419921875]
[63.86444854736328, 78.45221710205078, 2285.26708984375]
[58.70635986328125, 96.91804504394531, 2281.820068359375]
[59.26588821411133, 102.32184600830078, 2281.244873046875]
[58.96600341796875, 101.6574478149414, 2285.75732421875]
[63.4027214050293, 97.10025024414062, 2281.795166015625]
[66.34689331054688, 82.99960327148438, 2281.34765625]
[73.15885925292969, 68.34286499023438, 2278.8857421875]
[72.21580505371094, 55.19524383544922, 2271.612060546875]
[73.5657958984375, 33.81479263305664, 2260.322265625]
[68.75578308105469, -0.18519070744514465, 2260.341552734375]
[65.15928649902344, -43.69828414916992, 2249.008056640625]
[60.02454376220703, -101.54622650146484, 2239.078125]
[54.72384262084961, -156.41905212402344, 2214.724365234375]
[55.47721862792969, -208.2938232421875, 2194.4384765625]
[47.985843658447266, -261.5290222167969, 2172.955078125]
[46.45185089111328, -305.55108642578125, 2159.447021484375]
[42.176963806152344, -320.85321044921875, 2131.79833984375]
[37.48884201049805, -357.5825500488281, 2129.084228515625]
[37.968753814697266, -366.5749816894531, 2127.366455078125]
[40.26649856567383, -360.796142578125, 2109.433349609375]
[39.28133010864258, -338.8265686035156, 2086.579833984375]
[45.37125778198242, -325.6983947753906, 2082.827880859375]
[45.470237731933594, -284.01025390625, 2077.4365234375]
[45.05271530151367, -251.21047973632812, 2069.672607421875]
[41.60284423828125, -230.51220703125, 2076.066162109375]
[41.739723205566406, -209.7527618408203, 2067.78857421875]
[31.219587326049805, -187.29371643066406, 2055.87841796875]
[27.29681968688965, -168.15704345703125, 2043.678466796875]
[17.363845825195312, -157.60211181640625, 2030.1253662109375]
[11.737979888916016, -147.93777465820312, 2003.948486328125]
[8.715011596679688, -142.56597900390625, 1977.1822509765625]
[-0.2723485231399536, -140.78619384765625, 1957.504638671875]
[-9.107060432434082, -148.48863220214844, 1931.37841796875]
[-14.847986221313477, -152.0736541748047, 1914.9019775390625]
[-19.566923141479492, -148.4585418701172, 1904.276123046875]
[-20.823665618896484, -153.68011474609375, 1891.2452392578125]
[-19.416614532470703, -163.61805725097656, 1873.6954345703125]
[-17.015256881713867, -161.36672973632812, 1851.8104248046875]
[-18.43865203857422, -161.77749633789062, 1838.031005859375]
[-26.233013153076172, -166.1307373046875, 1814.8431396484375]
[-26.350971221923828, -165.82933044433594, 1796.567138671875]
[-29.429309844970703, -167.9830322265625, 1775.8795166015625]
[-28.279651641845703, -168.87521362304688, 1750.8944091796875]
[-25.51735496520996, -163.37181091308594, 1726.3074951171875]
[-9.806654930114746, -164.3007354736328, 1693.026611328125]
[-14.557197570800781, -161.30548095703125, 1676.8770751953125]
[-12.663915634155273, -157.17410278320312, 1659.24072265625]
[-5.835428714752197, -156.41172790527344, 1625.1470947265625]
[-7.48122501373291, -149.55282592773438, 1594.37939453125]
[-6.571956157684326, -141.38583374023438, 1565.368408203125]
[-4.23249626159668, -127.09786224365234, 1548.289306640625]
[-4.825331211090088, -122.67134857177734, 1528.3203125]
[-0.4184246063232422, -115.14970397949219, 1506.9427490234375]
[0.17400085926055908, -113.96041870117188, 1503.1182861328125]
[-1.8046647310256958, -118.21063995361328, 1493.19384765625]
[-2.143174409866333, -122.99905395507812, 1481.7379150390625]
[0.46174973249435425, -129.8465118408203, 1472.8792724609375]
[6.2739176750183105, -137.95590209960938, 1472.93359375]
[7.143803119659424, -145.16232299804688, 1465.497802734375]
[4.641637325286865, -150.3543701171875, 1472.0693359375]
[7.396385192871094, -156.69203186035156, 1481.0179443359375]
[9.117491722106934, -162.647705078125, 1492.716064453125]
[10.858238220214844, -171.59568786621094, 1506.97802734375]
[16.61554718017578, -172.18011474609375, 1511.914306640625]
[21.85428810119629, -169.42544555664062, 1507.843505859375]
[19.330486297607422, -165.23294067382812, 1501.027587890625]
[13.509050369262695, -164.30404663085938, 1500.497314453125]
[-1.4484226703643799, -171.25889587402344, 1519.0552978515625]
[-11.804606437683105, -171.5728759765625, 1529.6260986328125]
[-17.484140396118164, -169.90025329589844, 1552.69091796875]
[-32.08502197265625, -173.74151611328125, 1540.917236328125]
[-29.903165817260742, -172.34185791015625, 1546.6357421875]
[9.607531547546387, -151.28016662597656, 1632.1201171875]
[24.430927276611328, -147.7498016357422, 1634.13916015625]
[64.76396179199219, -143.2784423828125, 1644.194580078125]
[71.89543151855469, -150.5904998779297, 1640.024658203125]
[89.97283935546875, -156.66603088378906, 1633.9779052734375]
[83.3026351928711, -172.67861938476562, 1632.3936767578125]
[81.18717193603516, -193.95233154296875, 1627.27734375]
[75.38795471191406, -206.37045288085938, 1612.201904296875]
[69.95026397705078, -220.9236602783203, 1599.17919921875]
[62.417747497558594, -224.57664489746094, 1579.1334228515625]
[55.18301010131836, -230.79310607910156, 1553.7757568359375]
[41.13137435913086, -231.55152893066406, 1542.92578125]
[29.37086296081543, -219.93435668945312, 1543.8194580078125]
[6.918631553649902, -199.4090118408203, 1537.056396484375]
[-12.021086692810059, -177.57196044921875, 1533.425537109375]
[-29.46436309814453, -156.36181640625, 1539.5733642578125]
[-38.0256233215332, -140.7764892578125, 1531.834716796875]
[-44.72412109375, -132.53091430664062, 1522.8167724609375]
[-47.907142639160156, -123.16109466552734, 1506.430908203125]
[-65.32147979736328, -124.1842041015625, 1500.2578125]
[-78.39776611328125, -127.69111633300781, 1490.6785888671875]
[-88.06886291503906, -130.14401245117188, 1488.0625]
[-95.04412841796875, -139.7671661376953, 1488.424560546875]
[-104.5915298461914, -146.83139038085938, 1487.6839599609375]
[-106.76937103271484, -155.49134826660156, 1487.9351806640625]
[-104.96617889404297, -159.48162841796875, 1493.7861328125]
[-100.68209075927734, -179.64434814453125, 1501.1807861328125]
[-101.75202178955078, -178.07582092285156, 1505.3294677734375]
[-101.65534210205078, -179.58436584472656, 1504.5579833984375]
[-95.55783081054688, -174.09962463378906, 1514.4119873046875]
[-90.41215515136719, -169.0013427734375, 1528.560546875]
[-90.56840515136719, -154.283203125, 1543.103515625]
[-88.21925354003906, -134.68243408203125, 1542.790283203125]
[-93.4563980102539, -118.36709594726562, 1560.314697265625]
[-100.04772186279297, -120.65742492675781, 1568.465576171875]
[-104.33604431152344, -116.33715057373047, 1571.3087158203125]
[-108.54195404052734, -125.74874114990234, 1585.3328857421875]
[-114.89530181884766, -145.4830780029297, 1598.6519775390625]
[-114.56403350830078, -159.82449340820312, 1613.173095703125]
[-120.03633117675781, -185.16433715820312, 1629.841064453125]
[-116.46805572509766, -202.2803192138672, 1643.8719482421875]
[-116.55402374267578, -213.8502960205078, 1667.8668212890625]
[-111.3185043334961, -220.22103881835938, 1690.765625]
[-102.44641876220703, -226.4202423095703, 1709.9368896484375]
[-92.42964935302734, -226.77542114257812, 1726.7958984375]
[-86.67425537109375, -224.7531280517578, 1744.5469970703125]
[-76.53018951416016, -211.1546630859375, 1758.59619140625]
[-62.58519744873047, -192.8498077392578, 1770.0780029296875]
[-45.178253173828125, -176.54641723632812, 1782.0364990234375]
[-31.61908721923828, -163.57118225097656, 1791.009765625]
[-25.836944580078125, -159.53713989257812, 1808.15771484375]
[-14.860913276672363, -157.2763214111328, 1821.9910888671875]
[-5.746491432189941, -163.83653259277344, 1838.560791015625]
[-0.03485381603240967, -172.8684539794922, 1849.408447265625]
[4.0680317878723145, -184.76560974121094, 1861.441162109375]
[10.7701416015625, -194.80516052246094, 1885.6314697265625]
[25.407352447509766, -198.6216583251953, 1929.3848876953125]
[32.06610107421875, -214.10440063476562, 1953.985595703125]
[37.11298751831055, -215.45883178710938, 1970.1536865234375]
[42.47649002075195, -218.0994415283203, 1986.326416015625]
[44.45494079589844, -221.0341796875, 1983.4217529296875]
[44.02177810668945, -216.66549682617188, 1998.15234375]
[45.34235763549805, -211.25953674316406, 2017.855224609375]
[46.825714111328125, -206.5284881591797, 2044.8477783203125]
[49.98719787597656, -207.28738403320312, 2069.729736328125]
[57.023406982421875, -202.3323211669922, 2087.85302734375]
[58.61039352416992, -194.82276916503906, 2107.536865234375]
[58.548099517822266, -188.2257843017578, 2124.93701171875]
[65.53905487060547, -186.8109130859375, 2152.23681640625]
[66.27908325195312, -181.35606384277344, 2180.541015625]
[73.54578399658203, -174.6898193359375, 2205.82568359375]
[85.22441864013672, -174.934326171875, 2236.28759765625]
[89.9582748413086, -171.71376037597656, 2251.57373046875]
[89.45774841308594, -182.57318115234375, 2270.28955078125]
[89.06649017333984, -188.98947143554688, 2277.344970703125]
[93.19515228271484, -210.18612670898438, 2288.569091796875]
[102.73575592041016, -215.50729370117188, 2295.943359375]
[110.58171844482422, -228.11270141601562, 2315.4755859375]
[114.92432403564453, -235.0083465576172, 2327.585205078125]
[112.45072937011719, -234.75413513183594, 2340.078857421875]
[113.042236328125, -237.3643341064453, 2348.68798828125]
[111.85440063476562, -236.13768005371094, 2353.06689453125]
[116.3797378540039, -234.78070068359375, 2350.0625]
[121.16633605957031, -221.90985107421875, 2351.49609375]
[126.1939697265625, -212.9213409423828, 2352.508544921875]
[138.13946533203125, -199.44113159179688, 2364.3701171875]
[146.3871612548828, -176.34579467773438, 2361.232666015625]
[149.8275604248047, -166.36228942871094, 2348.9814453125]
[159.15382385253906, -164.17018127441406, 2341.8935546875]
[161.62742614746094, -163.95245361328125, 2325.7353515625]
[163.90573120117188, -166.20489501953125, 2324.78955078125]
[163.74575805664062, -182.04042053222656, 2321.865234375]
[162.9060516357422, -188.6259307861328, 2319.89404296875]
[157.3379669189453, -204.5852508544922, 2323.884765625]
[149.3883056640625, -208.0985870361328, 2326.4599609375]
[142.9425811767578, -209.84620666503906, 2328.96826171875]
[137.49990844726562, -211.31463623046875, 2332.30078125]
[132.8519287109375, -204.47108459472656, 2326.296875]
[124.04589080810547, -196.7614288330078, 2320.770263671875]
[117.34918975830078, -189.98243713378906, 2314.615478515625]
[108.37808227539062, -182.10845947265625, 2305.734619140625]
[94.96125793457031, -176.80044555664062, 2287.83984375]
[82.7725830078125, -173.9306640625, 2275.297119140625]
[74.00566101074219, -171.5027618408203, 2276.362060546875]
[70.08214569091797, -168.22129821777344, 2267.130126953125]
[63.18960952758789, -157.8636016845703, 2255.018798828125]
[47.492496490478516, -150.8224334716797, 2238.448974609375]
[33.50043487548828, -147.39993286132812, 2216.066650390625]
[20.447559356689453, -145.91453552246094, 2198.884521484375]
[10.806925773620605, -146.4930419921875, 2174.34130859375]
[-1.2269765138626099, -145.22972106933594, 2154.961181640625]
[-9.357311248779297, -147.2631072998047, 2133.8525390625]
[-19.793115615844727, -149.71922302246094, 2111.05224609375]
[-29.13956642150879, -153.52565002441406, 2086.400390625]
[-39.68965530395508, -154.4776611328125, 2058.3564453125]
[-48.592708587646484, -147.60382080078125, 2030.8973388671875]
[-54.21773147583008, -150.84486389160156, 2003.17529296875]
[-62.44819641113281, -149.37005615234375, 1974.67919921875]
[-69.06095886230469, -142.234619140625, 1950.1124267578125]
[-83.70060729980469, -131.32272338867188, 1918.64013671875]
[-90.05657196044922, -122.85318756103516, 1876.4072265625]
[-98.22373962402344, -121.35591888427734, 1845.4490966796875]
[-96.13487243652344, -121.04031372070312, 1804.3814697265625]
[-98.18120574951172, -123.31908416748047, 1797.673583984375]
[-99.30084991455078, -127.52017211914062, 1740.0960693359375]
[-97.5434341430664, -129.660888671875, 1713.9124755859375]
[-98.31397247314453, -133.9712677001953, 1687.029541015625]
[0,0,0]
[0,0,0]
[0,0,0]
[0,0,0]
[0,0,0]
[0,0,0]
[0,0,0]
[0,0,0]
[0,0,0]
[0,0,0]
[0,0,0]
[0,0,0]
[0,0,0]
[0,0,0]
[0,0,0]
[0,0,0]
[0,0,0]
[0,0,0]
[0,0,0]
[0,0,0]
[0,0,0]
[0,0,0]
[0,0,0]
[0,0,0]
[0,0,0]
[0,0,0]
[0,0,0]
[0,0,0]
[0,0,0]
[0,0,0]
[0,0,0]
[0,0,0]
[0,0,0]
[0,0,0]
[0,0,0]
[0,0,0]
[0,0,0]
[0,0,0]
[0,0,0]
[0,0,0]
[0,0,0]
[0,0,0]
[0,0,0]
[0,0,0]
[0,0,0]
[0,0,0]
[0,0,0]
[0,0,0]
[0,0,0]
[0,0,0]
[0,0,0]
[0,0,0]
[0,0,0]
[0,0,0]
[0,0,0]
[0,0,0]
[0,0,0]
[0,0,0]
[0,0,0]
[0,0,0]
[0,0,0]
[0,0,0]
[0,0,0]
[0,0,0]
[0,0,0]
[0,0,0]
[0,0,0]
[0,0,0]
[0,0,0]
[0,0,0]
[0,0,0]
[0,0,0]
[0,0,0]
[0,0,0]
[0,0,0]
[0,0,0]
[0,0,0]
[0,0,0]
[0,0,0]
[0,0,0]
[0,0,0]
[0,0,0]
[0,0,0]
[0,0,0]
[0,0,0]
[0,0,0]
[0,0,0]
[0,0,0]
[0,0,0]
[0,0,0]
[0,0,0]
[0,0,0]
[0,0,0]
[0,0,0]
[0,0,0]
[0,0,0]
[0,0,0]
[0,0,0]
[0,0,0]
[0,0,0]
[0,0,0]
[0,0,0]
[0,0,0]
[0,0,0]
[0,0,0]
[0,0,0]
[0,0,0]
[0,0,0]
[0,0,0]
[0,0,0]
[0,0,0]
[0,0,0]
[0,0,0]
[0,0,0]
[0,0,0]
[0,0,0]
[0,0,0]
[0,0,0]
[0,0,0]
[0,0,0]
[0,0,0]
[0,0,0]
[0,0,0]
[0,0,0]
[0,0,0]
[0,0,0]
[0,0,0]
[0,0,0]
[0,0,0]
[0,0,0]
[0,0,0]
[0,0,0]
[0,0,0]
[0,0,0]
[0,0,0]
[0,0,0]
[0,0,0]
[0,0,0]
[0,0,0]
[0,0,0]
[0,0,0]
[0,0,0]
[0,0,0]
[0,0,0]
[0,0,0]
[0,0,0]
[0,0,0]
[0,0,0]
[0,0,0]
[0,0,0]
[0,0,0]
[0,0,0]
[0,0,0]
[0,0,0]
[0,0,0]
[0,0,0]
[0,0,0]
[0,0,0]
[0,0,0]
[0,0,0]
[0,0,0]
[0,0,0]
[0,0,0]
[0,0,0]
[0,0,0]
[0,0,0]
[0,0,0]
[0,0,0]
[0,0,0]
[0,0,0]
[0,0,0]
[0,0,0]
[0,0,0]
[0,0,0]
[0,0,0]
[0,0,0]
[0,0,0]
[0,0,0]
[0,0,0]
[0,0,0]
[0,0,0]
[0,0,0]
[0,0,0]
[0,0,0]
[0,0,0]
[0,0,0]
[0,0,0]
[0,0,0]
[0,0,0]
[0,0,0]
[0,0,0]
[0,0,0]
[0,0,0]
[0,0,0]
[0,0,0]
[0,0,0]
[0,0,0]
[0,0,0]
[0,0,0]
[0,0,0]
[0,0,0]
[0,0,0]
[0,0,0]
[0,0,0]
[0,0,0]
[0,0,0]
[0,0,0]
[0,0,0]
[0,0,0]
[0,0,0]
[0,0,0]
[0,0,0]
[0,0,0]
[0,0,0]
[0,0,0]
[0,0,0]
[0,0,0]
[0,0,0]
[0,0,0]
[0,0,0]
[0,0,0]
[0,0,0]
[0,0,0]
[0,0,0]
[0,0,0]
[0,0,0]
[0,0,0]
[0,0,0]
[0,0,0]
[0,0,0]
[0,0,0]
[0,0,0]
[0,0,0]
[0,0,0]
[0,0,0]
[0,0,0]
[0,0,0]
[0,0,0]
[0,0,0]
[0,0,0]
[0,0,0]
[0,0,0]
[0,0,0]
[0,0,0]
[0,0,0]
[0,0,0]
[0,0,0]
[0,0,0]
[0,0,0]
[0,0,0]
[0,0,0]
[0,0,0]
[0,0,0]
[0,0,0]
[0,0,0]
[0,0,0]
[0,0,0]
[0,0,0]
[0,0,0]
[0,0,0]
[0,0,0]
[0,0,0]
[0,0,0]
[0,0,0]
[0,0,0]
[0,0,0]
[0,0,0]
[0,0,0]
[0,0,0]
[0,0,0]
[0,0,0]
[0,0,0]
[0,0,0]
[0,0,0]
[0,0,0]
[0,0,0]
[0,0,0]
[0,0,0]
[0,0,0]
[0,0,0]
[0,0,0]
[0,0,0]
[0,0,0]
[0,0,0]
[0,0,0]
[0,0,0]
[0,0,0]
[0,0,0]
[0,0,0]
[0,0,0]
[0,0,0]
[0,0,0]
[0,0,0]
[0,0,0]
[0,0,0]
[0,0,0]
[0,0,0]
[0,0,0]
[0,0,0]
[0,0,0]
[0,0,0]
[0,0,0]
[0,0,0]
[0,0,0]
[0,0,0]
[0,0,0]
[0,0,0]
[0,0,0]
[0,0,0]
[0,0,0]
[0,0,0]
[0,0,0]
[0,0,0]
[0,0,0]
[0,0,0]
[0,0,0]
[0,0,0]
[0,0,0]
[0,0,0]
[0,0,0]
[0,0,0]
[0,0,0]
[0,0,0]
[0,0,0]
[0,0,0]
[0,0,0]
[0,0,0]
[0,0,0]
[0,0,0]
[0,0,0]
[0,0,0]
[0,0,0]
[0,0,0]
[0,0,0]
[0,0,0]
[0,0,0]
[0,0,0]
[0,0,0]
[0,0,0]
[0,0,0]
[0,0,0]
[0,0,0]
[0,0,0]
[0,0,0]
[0,0,0]
[0,0,0]
[0,0,0]
[0,0,0]
[0,0,0]
[0,0,0]
[0,0,0]
[0,0,0]
[0,0,0]
[0,0,0]
[0,0,0]
[0,0,0]
[0,0,0]
[0,0,0]
[0,0,0]
[0,0,0]
[0,0,0]
[0,0,0]
[0,0,0]
[0,0,0]
[0,0,0]
[0,0,0]
[0,0,0]
[0,0,0]
[0,0,0]
[0,0,0]
[0,0,0]
[0,0,0]
[0,0,0]
[0,0,0]
[0,0,0]
[0,0,0]
[0,0,0]
[0,0,0]
[0,0,0]
[0,0,0]
[0,0,0]
[0,0,0]
[0,0,0]
[0,0,0]
[0,0,0]
[0,0,0]
[0,0,0]
[0,0,0]
[0,0,0]
[0,0,0]
[0,0,0]
[0,0,0]
[0,0,0]
[0,0,0]
[0,0,0]
[0,0,0]
[0,0,0]
[0,0,0]
[0,0,0]
[0,0,0]
[0,0,0]
[0,0,0]
[0,0,0]
[0,0,0]
[0,0,0]
[0,0,0]
[0,0,0]
[0,0,0]
[0,0,0]
[0,0,0]
[0,0,0]
[0,0,0]
[0,0,0]
[0,0,0]
[0,0,0]
[0,0,0]
[0,0,0]
[0,0,0]
[0,0,0]
[0,0,0]
[0,0,0]
[0,0,0]
[0,0,0]
[0,0,0]
[0,0,0]
[0,0,0]
[0,0,0]
[0,0,0]
[0,0,0]
[0,0,0]
[0,0,0]
[0,0,0]
[0,0,0]
[0,0,0]
[0,0,0]
[0,0,0]
[0,0,0]
[0,0,0]
[0,0,0]
[0,0,0]
[0,0,0]
[0,0,0]
[0,0,0]
[0,0,0]
[0,0,0]
[0,0,0]
[0,0,0]
[0,0,0]
[0,0,0]
[0,0,0]
[0,0,0]
[0,0,0]
