452
12
[-42.56130219,996.54327393,1054.50512695]
[-41.35754395,994.86273193,1058.48974609]
[-37.35837173,993.67254639,1058.60131836]
[-34.98728943,992.80763245,1060.78515625]
[-28.61305046,989.10777283,1061.63598633]
[-21.1837883,987.1713562,1059.37597656]
[-18.84602737,987.60314941,1061.42651367]
[-11.54956245,991.20666504,1059.35791016]
[-9.39987564,990.86405945,1059.51147461]
[-3.61949205,990.20021057,1059.37084961]
[-2.01664877,989.80387878,1059.68920898]
[2.70402431,989.12878418,1061.96826172]
[4.5478344,988.81787109,1062.75048828]
[5.40202093,988.79371643,1062.86865234]
[11.02699375,988.70097351,1062.51782227]
[13.59221363,989.47427368,1064.23950195]
[14.00408173,989.6746521,1063.85400391]
[16.00127602,988.74671936,1063.07446289]
[16.65818024,988.63658142,1062.84643555]
[20.94207001,987.81192017,1059.42163086]
[28.75022507,986.79780579,1056.10913086]
[28.7794838,987.60658264,1055.20239258]
[28.06022835,987.72412109,1053.5769043]
[28.17580795,987.83956909,1050.76977539]
[27.40433121,987.0866394,1048.24804688]
[26.73552132,986.73678589,1044.41137695]
[26.70729065,985.91557312,1042.94018555]
[26.95551491,985.81488037,1040.86608887]
[25.38250351,984.56298828,1038.69885254]
[19.97685432,985.42800903,1039.10925293]
[19.71027184,985.60256958,1038.25354004]
[19.66123199,985.63247681,1038.15368652]
[19.61922646,985.51657104,1037.98291016]
[15.87536907,983.67817688,1034.62243652]
[14.60238552,984.01811218,1036.29785156]
[15.0161829,981.34359741,1038.4230957]
[15.04016685,981.33374023,1038.39941406]
[8.00106716,985.10165405,1056.29150391]
[2.96183681,980.97268677,1060.15551758]
[1.28307199,982.27052307,1065.18652344]
[-3.49875546,986.74649048,1064.83618164]
[-13.57818413,992.60987854,1067.47143555]
[-21.61090088,998.56684875,1063.08520508]
[-34.98223495,1002.94857788,1053.5222168]
[-39.55934143,1003.43806458,1048.25878906]
[-50.12378693,1002.13127136,1036.61328125]
[-56.77375793,999.95889282,1030.64709473]
[-68.31522369,995.24275208,1011.6081543]
[-81.11698151,993.32048035,997.38305664]
[-87.42915344,987.35687256,983.49230957]
[-102.84558868,983.23487854,969.69177246]
[-108.73420715,977.31112671,960.48681641]
[-128.89576721,968.91741943,959.62561035]
[-133.21224976,965.44911194,955.14611816]
[-141.95057678,966.12469482,946.4888916]
[-143.93435669,967.97731018,939.1907959]
[-146.36039734,970.64413452,936.3717041]
[-146.13331604,977.99835205,935.1105957]
[-146.29879761,984.61280823,929.89526367]
[-144.80728149,991.62147522,931.45898438]
[-138.97923279,993.77005005,927.57434082]
[-126.67865753,998.10992432,920.4083252]
[-123.59979248,998.29702759,914.55493164]
[-116.34156799,995.38548279,904.90844727]
[-106.08654785,982.03686523,893.14428711]
[-94.45397186,980.89971924,879.95349121]
[-83.93434906,977.94230652,870.48937988]
[-76.73788452,977.98652649,866.17724609]
[-58.31001663,977.63453674,859.31262207]
[-55.9747467,977.52430725,860.79821777]
[-36.6466713,968.30722046,863.28991699]
[-29.79463387,964.70605469,859.96191406]
[-23.16064453,968.38555908,861.12109375]
[-19.93355942,970.67498779,860.93774414]
[-3.25665617,980.84257507,873.08886719]
[3.2131896,995.23216248,875.70910645]
[8.85764503,1003.07835388,879.06140137]
[26.03041458,1012.12947083,887.59960938]
[40.00133133,1018.51390076,895.49987793]
[50.71934891,1008.32318115,891.02270508]
[56.13135147,1008.9538269,894.98120117]
[59.63389206,1007.56436157,899.09533691]
[63.55515289,996.67245483,900.53320312]
[71.92247772,992.80044556,907.96325684]
[79.92749786,984.14442444,939.22412109]
[93.58721924,974.07951355,960.65307617]
[108.70826721,960.55700684,989.74865723]
[131.21427917,954.75671387,991.38928223]
[157.84590149,954.90504456,986.48620605]
[171.48516846,960.63201904,985.00402832]
[170.97407532,963.30709839,967.05224609]
[165.04699707,970.3837738,962.11352539]
[164.30419922,974.53715515,958.85205078]
[171.28450012,991.29995728,932.55725098]
[171.53936768,1003.58320618,915.84057617]
[169.09066772,1012.03704834,897.68811035]
[168.44361877,1016.92253113,881.91760254]
[169.35774231,1016.21495056,874.05029297]
[173.13798523,1007.99705505,855.93432617]
[185.58291626,989.5466156,840.7154541]
[189.62062073,971.38995361,818.88671875]
[190.17192078,952.56384277,807.90466309]
[197.80302429,936.83329773,793.28967285]
[204.92988586,937.20021057,783.25048828]
[211.31011963,945.22753906,782.49743652]
[232.10978699,952.62686157,756.60571289]
[244.60958862,966.02975464,744.39855957]
[257.58242798,972.13009644,729.6472168]
[274.38302612,980.08479309,731.65234375]
[287.27783203,980.67378235,737.07714844]
[291.74761963,976.33306885,741.75854492]
[302.92047119,962.56065369,746.33911133]
[331.86373901,952.29774475,737.58081055]
[333.23956299,939.69952393,733.46679688]
[339.21902466,945.53749084,734.96679688]
[343.54107666,946.81417847,729.13964844]
[349.33703613,949.54852295,729.8840332]
[352.34951782,957.79078674,733.17236328]
[349.52227783,963.10501099,738.05029297]
[349.11309814,966.2335968,744.39282227]
[347.93948364,974.30496216,752.01159668]
[347.19906616,980.40228271,763.24609375]
[346.61941528,986.94720459,778.58569336]
[336.96273804,985.77627563,803.98364258]
[323.62203979,985.82012939,825.46398926]
[318.17407227,987.55888367,835.5892334]
[271.75482178,990.68748474,875.9251709]
[246.36729431,986.91673279,896.21862793]
[183.22798157,979.14329529,913.01062012]
[126.85160065,982.11747742,887.90966797]
[86.36051178,958.99981689,849.90136719]
[88.03009796,949.79263306,840.25402832]
[87.00628662,930.40631104,854.50195312]
[71.01123047,924.99519348,844.2956543]
[53.07126617,934.95716858,854.2800293]
[34.06112671,947.1227417,855.07983398]
[18.07960892,958.33433533,868.70556641]
[-3.62247229e-02,9.74940842e+02,8.79967285e+02]
[-23.5555687,992.28559875,883.4753418]
[-45.55043793,1008.20056152,880.2166748]
[-59.00423431,1012.66854858,877.0513916]
[-78.93039703,1011.81480408,857.2746582]
[-91.0677948,1005.4185791,851.49719238]
[-113.09659576,991.42237854,829.54431152]
[-125.00128174,976.15609741,830.95288086]
[-144.98800659,947.30332947,833.17468262]
[-156.73002625,937.49662781,838.22192383]
[-165.73173523,933.91600037,838.03820801]
[-172.28823853,941.21606445,838.43188477]
[-176.57717896,945.78974915,834.35961914]
[-181.50531006,953.78227234,832.23974609]
[-186.89115906,963.557724,831.8885498]
[-186.4669342,970.06271362,830.65698242]
[-190.71987915,975.83666992,824.24658203]
[-196.18383789,986.90362549,819.34094238]
[-199.12113953,988.48283386,813.90637207]
[-200.83737183,987.61946106,804.30566406]
[-200.12387085,988.12728882,791.26159668]
[-198.90588379,987.40026855,772.65087891]
[-205.31451416,978.09008789,752.08483887]
[-202.86244202,964.65382385,727.20080566]
[-202.38957214,952.95594788,720.62402344]
[-205.66629028,935.21002197,701.23547363]
[-212.83418274,919.5962677,675.10534668]
[-215.50695801,905.9500885,638.40686035]
[-226.50205994,912.20638275,608.83947754]
[-230.60389709,922.00783539,585.28710938]
[-238.32380676,937.26315308,560.5690918]
[-245.65306091,943.31993103,529.27270508]
[-253.36769104,956.73324585,506.83508301]
[-257.03823853,961.14416504,484.2355957]
[-260.54562378,958.39544678,460.21020508]
[-261.64285278,953.56437683,439.01269531]
[-256.95639038,931.96969604,418.09265137]
[-250.49513245,917.39483643,403.54443359]
[-251.72636414,916.63449097,397.11279297]
[-248.48562622,920.35403442,386.56103516]
[-252.09158325,919.6051178,392.2401123]
[-257.64257812,924.79391479,374.54125977]
[-262.6031189,926.34885406,367.90380859]
[-276.74911499,929.97001648,356.02160645]
[-269.46105957,925.90864563,344.79150391]
[-272.71160889,928.19218445,347.16540527]
[-276.98550415,929.75138855,351.28234863]
[-266.35418701,928.80180359,357.11669922]
[-256.3505249,932.94186401,367.41918945]
[-249.92582703,933.30763245,388.80151367]
[-230.06495667,938.41954041,395.3112793]
[-222.6914978,937.28236389,408.96691895]
[-218.8313446,930.88363647,424.79846191]
[-218.66020203,925.32634735,438.03869629]
[-218.3046875,927.35748291,454.65686035]
[-215.25352478,938.73982239,476.20556641]
[-205.48417664,940.32843018,504.62268066]
[-203.01339722,949.45811462,554.17358398]
[-198.06176758,948.47355652,580.13134766]
[-193.50450134,941.84602356,617.25,]
[-181.08001709,941.05734253,646.7286377]
[-171.39848328,946.60470581,671.47937012]
[-157.90808105,958.73130798,704.04333496]
[-150.14099121,970.79606628,735.3013916]
[-147.05789185,980.8981781,770.22631836]
[-142.565979,989.14385986,798.84460449]
[-134.50708008,991.04576111,829.20861816]
[-124.45243073,993.62390137,860.23352051]
[-112.08183289,992.62483215,877.44665527]
[-108.37255096,990.54360962,893.71643066]
[-86.54134369,978.23654175,915.73388672]
[-79.61516571,979.36935425,947.61669922]
[-71.35499573,974.37393188,987.03552246]
[-57.951828,968.91894531,1025.73706055]
[-49.68873215,956.01173401,1056.93774414]
[-38.38018799,948.37669373,1079.13476562]
[-29.0643158,958.88668823,1091.91992188]
[-24.37844849,968.91789246,1101.83374023]
[-20.03514099,985.9962616,1107.57470703]
[-11.34788227,1006.60855103,1105.92773438]
[-3.50695109,1027.59544373,1094.55395508]
[2.75712466,1041.08364868,1101.24121094]
[5.86397219,1042.52206421,1100.97119141]
[13.85536003,1034.25311279,1098.96508789]
[21.80500412,1023.11479187,1097.29833984]
[24.76096916,1001.75588989,1099.19116211]
[24.32074356,988.95288086,1080.66308594]
[32.65454483,983.40396118,1076.50952148]
[35.49847794,988.43560791,1075.38769531]
[41.59984589,992.31666565,1061.44995117]
[44.33640671,994.27973938,1060.77929688]
[67.41785431,1002.60743713,1058.65527344]
[73.83680725,1005.81938171,1066.24902344]
[56.84368896,1028.21228027,1095.60791016]
[49.37539291,1053.08200073,1109.29003906]
[42.94993591,1083.08145142,1092.10009766]
[31.75609589,1108.80874634,1112.93652344]
[32.19197845,1115.55010986,1101.95629883]
[30.48311234,1115.80926514,1127.5222168]
[32.84970856,1103.72653198,1129.95263672]
[38.27113724,1082.57827759,1147.51806641]
[34.93075943,1059.59127808,1156.15307617]
[28.47001648,1043.17573547,1165.41918945]
[25.87842178,1002.12495422,1178.69873047]
[27.57079887,984.98512268,1197.98608398]
[28.77850914,974.00592041,1214.38867188]
[28.62816238,964.15136719,1223.61767578]
[38.72138214,943.9152832,1243.21923828]
[46.22084045,928.64144897,1252.72290039]
[49.68964386,908.33816528,1261.50683594]
[47.26824188,883.88820648,1270.19824219]
[49.87398529,870.88276672,1266.1340332]
[51.05371094,839.27114487,1272.9909668]
[53.15232086,809.99224758,1277.26123047]
[58.3854332,778.54315948,1276.40063477]
[63.52164459,756.05074692,1275.80541992]
[63.86444855,721.5477829,1285.26708984]
[58.70635986,703.08195496,1281.82006836]
[59.26588821,697.67815399,1281.24487305]
[58.96600342,698.34255219,1285.75732422]
[63.40272141,702.89974976,1281.79516602]
[66.34689331,717.00039673,1281.34765625]
[73.15885925,731.65713501,1278.88574219]
[72.21580505,744.80475616,1271.61206055]
[73.5657959,766.18520737,1260.32226562]
[68.75578308,800.18519071,1260.34155273]
[65.1592865,843.69828415,1249.00805664]
[60.02454376,901.5462265,1239.078125]
[54.72384262,956.41905212,1214.72436523]
[55.47721863,1008.29382324,1194.43847656]
[47.98584366,1061.52902222,1172.95507812]
[46.45185089,1105.55108643,1159.44702148]
[42.17696381,1120.85321045,1131.79833984]
[37.48884201,1157.58255005,1129.08422852]
[37.96875381,1166.57498169,1127.36645508]
[40.26649857,1160.79614258,1109.43334961]
[39.28133011,1138.8265686,1086.57983398]
[45.37125778,1125.69839478,1082.82788086]
[45.47023773,1084.01025391,1077.43652344]
[45.0527153,1051.21047974,1069.67260742]
[41.60284424,1030.51220703,1076.06616211]
[41.73972321,1009.75276184,1067.78857422]
[31.21958733,987.29371643,1055.87841797]
[27.29681969,968.15704346,1043.6784668]
[17.36384583,957.60211182,1030.12536621]
[11.73797989,947.93777466,1003.94848633]
[8.7150116,942.565979,977.18225098]
[-2.72348523e-01,9.40786194e+02,9.57504639e+02]
[-9.10706043,948.4886322,931.37841797]
[-14.84798622,952.07365417,914.90197754]
[-19.56692314,948.45854187,904.27612305]
[-20.82366562,953.68011475,891.24523926]
[-19.41661453,963.61805725,873.69543457]
[-17.01525688,961.36672974,851.8104248]
[-18.43865204,961.77749634,838.03100586]
[-26.23301315,966.1307373,814.84313965]
[-26.35097122,965.82933044,796.56713867]
[-29.42930984,967.98303223,775.8795166]
[-28.27965164,968.87521362,750.89440918]
[-25.51735497,963.37181091,726.30749512]
[-9.80665493,964.30073547,693.02661133]
[-14.55719757,961.30548096,676.8770752]
[-12.66391563,957.17410278,659.24072266]
[-5.83542871,956.41172791,625.14709473]
[-7.48122501,949.55282593,594.37939453]
[-6.57195616,941.38583374,565.3684082]
[-4.23249626,927.09786224,548.28930664]
[-4.82533121,922.67134857,528.3203125]
[-4.18424606e-01,9.15149704e+02,5.06942749e+02]
[1.74000859e-01,9.13960419e+02,5.03118286e+02]
[-1.80466473,918.21063995,493.19384766]
[-2.14317441,922.99905396,481.73791504]
[4.61749732e-01,9.29846512e+02,4.72879272e+02]
[6.27391768,937.9559021,472.93359375]
[7.14380312,945.162323,465.49780273]
[4.64163733,950.35437012,472.06933594]
[7.39638519,956.69203186,481.01794434]
[9.11749172,962.64770508,492.71606445]
[10.85823822,971.59568787,506.97802734]
[16.61554718,972.18011475,511.91430664]
[21.8542881,969.42544556,507.84350586]
[19.3304863,965.23294067,501.02758789]
[13.50905037,964.30404663,500.49731445]
[-1.44842267,971.25889587,519.05529785]
[-11.80460644,971.57287598,529.62609863]
[-17.4841404,969.9002533,552.69091797]
[-32.08502197,973.74151611,540.91723633]
[-29.90316582,972.34185791,546.63574219]
[9.60753155,951.28016663,632.12011719]
[24.43092728,947.74980164,634.13916016]
[64.76396179,943.27844238,644.19458008]
[71.89543152,950.59049988,640.0246582]
[89.97283936,956.66603088,633.97790527]
[83.30263519,972.67861938,632.39367676]
[81.18717194,993.95233154,627.27734375]
[75.38795471,1006.37045288,612.2019043]
[69.95026398,1020.92366028,599.17919922]
[62.4177475,1024.5766449,579.13342285]
[55.1830101,1030.79310608,553.77575684]
[41.13137436,1031.55152893,542.92578125]
[29.37086296,1019.93435669,543.81945801]
[6.91863155,999.40901184,537.05639648]
[-12.02108669,977.57196045,533.42553711]
[-29.4643631,956.36181641,539.57336426]
[-38.02562332,940.77648926,531.8347168]
[-44.72412109,932.53091431,522.81677246]
[-47.90714264,923.16109467,506.4309082]
[-65.3214798,924.1842041,500.2578125]
[-78.39776611,927.69111633,490.67858887]
[-88.06886292,930.14401245,488.0625,]
[-95.04412842,939.76716614,488.42456055]
[-104.59152985,946.83139038,487.68395996]
[-106.76937103,955.49134827,487.93518066]
[-104.96617889,959.48162842,493.78613281]
[-100.68209076,979.64434814,501.18078613]
[-101.75202179,978.07582092,505.32946777]
[-101.6553421,979.58436584,504.5579834]
[-95.55783081,974.09962463,514.4119873]
[-90.41215515,969.00134277,528.56054688]
[-90.56840515,954.28320312,543.10351562]
[-88.21925354,934.68243408,542.7902832]
[-93.45639801,918.36709595,560.31469727]
[-100.04772186,920.65742493,568.46557617]
[-104.33604431,916.33715057,571.30871582]
[-108.54195404,925.74874115,585.33288574]
[-114.89530182,945.483078,598.65197754]
[-114.56403351,959.82449341,613.1730957]
[-120.03633118,985.16433716,629.84106445]
[-116.46805573,1002.28031921,643.87194824]
[-116.55402374,1013.85029602,667.86682129]
[-111.31850433,1020.22103882,690.765625]
[-102.44641876,1026.42024231,709.93688965]
[-92.42964935,1026.77542114,726.79589844]
[-86.67425537,1024.75312805,744.54699707]
[-76.53018951,1011.15466309,758.59619141]
[-62.58519745,992.84980774,770.07800293]
[-45.17825317,976.54641724,782.03649902]
[-31.61908722,963.57118225,791.00976562]
[-25.83694458,959.53713989,808.15771484]
[-14.86091328,957.27632141,821.99108887]
[-5.74649143,963.83653259,838.56079102]
[-3.48538160e-02,9.72868454e+02,8.49408447e+02]
[4.06803179,984.76560974,861.44116211]
[10.7701416,994.80516052,885.63146973]
[25.40735245,998.62165833,929.3848877]
[32.06610107,1014.10440063,953.9855957]
[37.11298752,1015.45883179,970.15368652]
[42.47649002,1018.09944153,986.32641602]
[44.4549408,1021.03417969,983.42175293]
[44.02177811,1016.66549683,998.15234375]
[45.34235764,1011.25953674,1017.85522461]
[46.82571411,1006.52848816,1044.84777832]
[49.98719788,1007.28738403,1069.72973633]
[57.02340698,1002.33232117,1087.85302734]
[58.61039352,994.82276917,1107.53686523]
[58.54809952,988.2257843,1124.93701172]
[65.53905487,986.81091309,1152.23681641]
[66.27908325,981.35606384,1180.54101562]
[73.545784,974.68981934,1205.82568359]
[85.22441864,974.93432617,1236.28759766]
[89.95827484,971.71376038,1251.57373047]
[89.45774841,982.57318115,1270.28955078]
[89.06649017,988.98947144,1277.3449707]
[93.19515228,1010.18612671,1288.5690918]
[102.73575592,1015.5072937,1295.94335938]
[110.58171844,1028.11270142,1315.47558594]
[114.92432404,1035.00834656,1327.58520508]
[112.45072937,1034.75413513,1340.07885742]
[113.04223633,1037.36433411,1348.68798828]
[111.85440063,1036.13768005,1353.06689453]
[116.37973785,1034.78070068,1350.0625,]
[121.16633606,1021.90985107,1351.49609375]
[126.19396973,1012.92134094,1352.50854492]
[138.13946533,999.44113159,1364.37011719]
[146.38716125,976.34579468,1361.23266602]
[149.82756042,966.36228943,1348.98144531]
[159.15382385,964.17018127,1341.89355469]
[161.62742615,963.95245361,1325.73535156]
[163.9057312,966.20489502,1324.78955078]
[163.74575806,982.04042053,1321.86523438]
[162.90605164,988.62593079,1319.89404297]
[157.33796692,1004.58525085,1323.88476562]
[149.38830566,1008.09858704,1326.45996094]
[142.94258118,1009.84620667,1328.96826172]
[137.49990845,1011.31463623,1332.30078125]
[132.85192871,1004.47108459,1326.296875]
[124.04589081,996.76142883,1320.77026367]
[117.34918976,989.98243713,1314.61547852]
[108.37808228,982.10845947,1305.73461914]
[94.96125793,976.80044556,1287.83984375]
[82.77258301,973.93066406,1275.29711914]
[74.00566101,971.50276184,1276.36206055]
[70.08214569,968.22129822,1267.13012695]
[63.18960953,957.86360168,1255.01879883]
[47.49249649,950.82243347,1238.44897461]
[33.50043488,947.39993286,1216.06665039]
[20.44755936,945.91453552,1198.88452148]
[10.80692577,946.49304199,1174.34130859]
[-1.22697651,945.22972107,1154.96118164]
[-9.35731125,947.2631073,1133.85253906]
[-19.79311562,949.71922302,1111.05224609]
[-29.13956642,953.52565002,1086.40039062]
[-39.6896553,954.47766113,1058.35644531]
[-48.59270859,947.6038208,1030.89733887]
[-54.21773148,950.84486389,1003.17529297]
[-62.44819641,949.37005615,974.67919922]
[-69.06095886,942.23461914,950.11242676]
[-83.7006073,931.32272339,918.64013672]
[-90.05657196,922.85318756,876.40722656]
[-98.22373962,921.35591888,845.44909668]
[-96.13487244,921.04031372,804.38146973]
[-98.18120575,923.31908417,797.67358398]
[-99.30084991,927.52017212,740.09606934]
[-97.54343414,929.66088867,713.91247559]
[-98.31397247,933.9712677,687.02954102]
[0,0,0]
[0,0,0]
[0,0,0]
[0,0,0]
[0,0,0]
[0,0,0]
[0,0,0]
[0,0,0]
[0,0,0]
[0,0,0]
[0,0,0]
[0,0,0]
[0,0,0]
[0,0,0]
[0,0,0]
[0,0,0]
[0,0,0]
[0,0,0]
[0,0,0]
[0,0,0]
[0,0,0]
[0,0,0]
[0,0,0]
[0,0,0]
[0,0,0]
[0,0,0]
[0,0,0]
[0,0,0]
[0,0,0]
[0,0,0]
[0,0,0]
[0,0,0]
[0,0,0]
[0,0,0]
[0,0,0]
[0,0,0]
[0,0,0]
[0,0,0]
[0,0,0]
[0,0,0]
[0,0,0]
[0,0,0]
[0,0,0]
[0,0,0]
[0,0,0]
[0,0,0]
[0,0,0]
[0,0,0]
[0,0,0]
[0,0,0]
[0,0,0]
[0,0,0]
[0,0,0]
[0,0,0]
[0,0,0]
[0,0,0]
[0,0,0]
[0,0,0]
[0,0,0]
[0,0,0]
[0,0,0]
[0,0,0]
[0,0,0]
[0,0,0]
[0,0,0]
[0,0,0]
[0,0,0]
[0,0,0]
[0,0,0]
[0,0,0]
[0,0,0]
[0,0,0]
[0,0,0]
[0,0,0]
[0,0,0]
[0,0,0]
[0,0,0]
[0,0,0]
[0,0,0]
[0,0,0]
[0,0,0]
[0,0,0]
[0,0,0]
[0,0,0]
[0,0,0]
[0,0,0]
[0,0,0]
[0,0,0]
[0,0,0]
[0,0,0]
[0,0,0]
[0,0,0]
[0,0,0]
[0,0,0]
[0,0,0]
[0,0,0]
[0,0,0]
[0,0,0]
[0,0,0]
[0,0,0]
[0,0,0]
[0,0,0]
[0,0,0]
[0,0,0]
[0,0,0]
[0,0,0]
[0,0,0]
[0,0,0]
[0,0,0]
[0,0,0]
[0,0,0]
[0,0,0]
[0,0,0]
[0,0,0]
[0,0,0]
[0,0,0]
[0,0,0]
[0,0,0]
[0,0,0]
[0,0,0]
[0,0,0]
[0,0,0]
[0,0,0]
[0,0,0]
[0,0,0]
[0,0,0]
[0,0,0]
[0,0,0]
[0,0,0]
[0,0,0]
[0,0,0]
[0,0,0]
[0,0,0]
[0,0,0]
[0,0,0]
[0,0,0]
[0,0,0]
[0,0,0]
[0,0,0]
[0,0,0]
[0,0,0]
[0,0,0]
[0,0,0]
[0,0,0]
[0,0,0]
[0,0,0]
[0,0,0]
[0,0,0]
[0,0,0]
[0,0,0]
[0,0,0]
[0,0,0]
[0,0,0]
[0,0,0]
[0,0,0]
[0,0,0]
[0,0,0]
[0,0,0]
[0,0,0]
[0,0,0]
[0,0,0]
[0,0,0]
[0,0,0]
[0,0,0]
[0,0,0]
[0,0,0]
[0,0,0]
[0,0,0]
[0,0,0]
[0,0,0]
[0,0,0]
[0,0,0]
[0,0,0]
[0,0,0]
[0,0,0]
[0,0,0]
[0,0,0]
[0,0,0]
[0,0,0]
[0,0,0]
[0,0,0]
[0,0,0]
[0,0,0]
[0,0,0]
[0,0,0]
[0,0,0]
[0,0,0]
[0,0,0]
[0,0,0]
[0,0,0]
[0,0,0]
[0,0,0]
[0,0,0]
[0,0,0]
[0,0,0]
[0,0,0]
[0,0,0]
[0,0,0]
[0,0,0]
[0,0,0]
[0,0,0]
[0,0,0]
[0,0,0]
[0,0,0]
[0,0,0]
[0,0,0]
[0,0,0]
[0,0,0]
[0,0,0]
[0,0,0]
[0,0,0]
[0,0,0]
[0,0,0]
[0,0,0]
[0,0,0]
[0,0,0]
[0,0,0]
[0,0,0]
[0,0,0]
[0,0,0]
[0,0,0]
[0,0,0]
[0,0,0]
[0,0,0]
[0,0,0]
[0,0,0]
[0,0,0]
[0,0,0]
[0,0,0]
[0,0,0]
[0,0,0]
[0,0,0]
[0,0,0]
[0,0,0]
[0,0,0]
[0,0,0]
[0,0,0]
[0,0,0]
[0,0,0]
[0,0,0]
[0,0,0]
[0,0,0]
[0,0,0]
[0,0,0]
[0,0,0]
[0,0,0]
[0,0,0]
[0,0,0]
[0,0,0]
[0,0,0]
[0,0,0]
[0,0,0]
[0,0,0]
[0,0,0]
[0,0,0]
[0,0,0]
[0,0,0]
[0,0,0]
[0,0,0]
[0,0,0]
[0,0,0]
[0,0,0]
[0,0,0]
[0,0,0]
[0,0,0]
[0,0,0]
[0,0,0]
[0,0,0]
[0,0,0]
[0,0,0]
[0,0,0]
[0,0,0]
[0,0,0]
[0,0,0]
[0,0,0]
[0,0,0]
[0,0,0]
[0,0,0]
[0,0,0]
[0,0,0]
[0,0,0]
[0,0,0]
[0,0,0]
[0,0,0]
[0,0,0]
[0,0,0]
[0,0,0]
[0,0,0]
[0,0,0]
[0,0,0]
[0,0,0]
[0,0,0]
[0,0,0]
[0,0,0]
[0,0,0]
[0,0,0]
[0,0,0]
[0,0,0]
[0,0,0]
[0,0,0]
[0,0,0]
[0,0,0]
[0,0,0]
[0,0,0]
[0,0,0]
[0,0,0]
[0,0,0]
[0,0,0]
[0,0,0]
[0,0,0]
[0,0,0]
[0,0,0]
[0,0,0]
[0,0,0]
[0,0,0]
[0,0,0]
[0,0,0]
[0,0,0]
[0,0,0]
[0,0,0]
[0,0,0]
[0,0,0]
[0,0,0]
[0,0,0]
[0,0,0]
[0,0,0]
[0,0,0]
[0,0,0]
[0,0,0]
[0,0,0]
[0,0,0]
[0,0,0]
[0,0,0]
[0,0,0]
[0,0,0]
[0,0,0]
[0,0,0]
[0,0,0]
[0,0,0]
[0,0,0]
[0,0,0]
[0,0,0]
[0,0,0]
[0,0,0]
[0,0,0]
[0,0,0]
[0,0,0]
[0,0,0]
[0,0,0]
[0,0,0]
[0,0,0]
[0,0,0]
[0,0,0]
[0,0,0]
[0,0,0]
[0,0,0]
[0,0,0]
[0,0,0]
[0,0,0]
[0,0,0]
[0,0,0]
[0,0,0]
[0,0,0]
[0,0,0]
[0,0,0]
[0,0,0]
[0,0,0]
[0,0,0]
[0,0,0]
[0,0,0]
[0,0,0]
[0,0,0]
[0,0,0]
[0,0,0]
[0,0,0]
[0,0,0]
[0,0,0]
[0,0,0]
[0,0,0]
[0,0,0]
[0,0,0]
[0,0,0]
[0,0,0]
[0,0,0]
[0,0,0]
[0,0,0]
[0,0,0]
[0,0,0]
[0,0,0]
[0,0,0]
[0,0,0]
[0,0,0]
[0,0,0]
[0,0,0]
[0,0,0]
[0,0,0]
[0,0,0]
[0,0,0]
[0,0,0]
[0,0,0]
[0,0,0]
[0,0,0]
[0,0,0]
[0,0,0]
[0,0,0]
[0,0,0]
[0,0,0]
[0,0,0]
[0,0,0]
[0,0,0]
[0,0,0]
[0,0,0]
[0,0,0]
[0,0,0]
[0,0,0]
[0,0,0]
[0,0,0]
[0,0,0]
[0,0,0]
[0,0,0]
[0,0,0]
[0,0,0]
[0,0,0]
[0,0,0]
[0,0,0]
[0,0,0]
[0,0,0]
[0,0,0]
[0,0,0]
[0,0,0]
[0,0,0]
[0,0,0]
[0,0,0]
[0,0,0]
[0,0,0]
[0,0,0]
[0,0,0]
[0,0,0]
[0,0,0]
[0,0,0]
[0,0,0]
[0,0,0]
[0,0,0]
[0,0,0]
[0,0,0]
[0,0,0]
[0,0,0]
[0,0,0]
[0,0,0]
[0,0,0]
[0,0,0]
[0,0,0]
