452
30
[-53.6881103515625, 213.61813354492188, 2125.93310546875]
[-52.45842361450195, 216.69911193847656, 2130.68994140625]
[-53.233543395996094, 218.72959899902344, 2125.3955078125]
[-52.09770202636719, 219.59312438964844, 2127.410888671875]
[-50.729400634765625, 223.5377197265625, 2127.652587890625]
[-50.046226501464844, 226.44407653808594, 2116.323486328125]
[-49.29356384277344, 225.9183807373047, 2118.770263671875]
[-45.79113006591797, 224.78196716308594, 2116.345947265625]
[-44.05884552001953, 224.89991760253906, 2116.427734375]
[-41.20933532714844, 225.08651733398438, 2114.541015625]
[-40.0720329284668, 225.19801330566406, 2115.0927734375]
[-39.79981231689453, 226.81448364257812, 2111.631103515625]
[-38.893253326416016, 227.3676300048828, 2107.98681640625]
[-38.68860626220703, 227.65097045898438, 2108.39794921875]
[-39.775882720947266, 228.46043395996094, 2099.34912109375]
[-38.666629791259766, 227.8341522216797, 2100.9345703125]
[-38.34694290161133, 228.07949829101562, 2099.55078125]
[-38.2125358581543, 227.89329528808594, 2099.6142578125]
[-37.560890197753906, 228.02891540527344, 2098.679443359375]
[-35.60456085205078, 227.49476623535156, 2094.1240234375]
[-35.97444152832031, 227.61984252929688, 2087.90380859375]
[-36.45039367675781, 225.96652221679688, 2086.76171875]
[-36.31106185913086, 225.78530883789062, 2081.235595703125]
[-36.375755310058594, 226.5029296875, 2075.869384765625]
[-36.28125, 227.33160400390625, 2076.53466796875]
[-36.39763641357422, 227.66578674316406, 2076.246826171875]
[-36.08506774902344, 227.4816436767578, 2074.033447265625]
[-35.68115997314453, 227.25051879882812, 2076.11181640625]
[-35.713985443115234, 227.86778259277344, 2074.924560546875]
[-36.79466247558594, 228.35264587402344, 2074.2646484375]
[-36.7502555847168, 228.36569213867188, 2072.56640625]
[-36.831634521484375, 228.3417205810547, 2072.27587890625]
[-36.84650802612305, 228.41510009765625, 2071.9375]
[-37.88664245605469, 231.6902313232422, 2065.04833984375]
[-46.86886978149414, 232.85781860351562, 2051.876220703125]
[-53.84488296508789, 232.0494842529297, 2027.528076171875]
[-53.95741653442383, 232.0272216796875, 2027.375732421875]
[-83.53497314453125, 217.00143432617188, 1972.2337646484375]
[-118.00123596191406, 194.89537048339844, 1924.8760986328125]
[-129.5339813232422, 178.4505615234375, 1897.7354736328125]
[-137.52415466308594, 160.2810821533203, 1877.032958984375]
[-152.76393127441406, 142.84271240234375, 1857.0650634765625]
[-160.1431884765625, 131.7322540283203, 1844.6134033203125]
[-164.6563262939453, 124.91854858398438, 1828.878662109375]
[-163.21229553222656, 129.13430786132812, 1827.4161376953125]
[-163.3840789794922, 144.53533935546875, 1834.3497314453125]
[-166.57420349121094, 156.65072631835938, 1840.189697265625]
[-165.18560791015625, 182.35289001464844, 1860.8067626953125]
[-156.70684814453125, 203.14035034179688, 1880.51806640625]
[-158.85487365722656, 215.40640258789062, 1900.4637451171875]
[-160.96788024902344, 228.70306396484375, 1938.869384765625]
[-163.44674682617188, 235.30227661132812, 1954.2049560546875]
[-167.0708465576172, 246.1485595703125, 1982.051025390625]
[-175.98165893554688, 246.48719787597656, 1964.7930908203125]
[-175.70338439941406, 244.86685180664062, 1958.0872802734375]
[-176.99087524414062, 243.89370727539062, 1952.6177978515625]
[-179.65870666503906, 239.69313049316406, 1951.3585205078125]
[-180.97982788085938, 234.1449432373047, 1955.9757080078125]
[-179.21865844726562, 224.61041259765625, 1955.766357421875]
[-179.69766235351562, 220.4923858642578, 1956.9364013671875]
[-180.0299530029297, 218.5296173095703, 1968.2386474609375]
[-175.43182373046875, 214.35162353515625, 1973.520751953125]
[-173.50978088378906, 215.64328002929688, 1973.7869873046875]
[-170.39688110351562, 216.3178253173828, 1970.2945556640625]
[-164.62841796875, 221.2264404296875, 1965.0343017578125]
[-164.36370849609375, 220.14407348632812, 1942.27392578125]
[-162.40899658203125, 223.63311767578125, 1925.9520263671875]
[-166.9060821533203, 223.6822509765625, 1890.3753662109375]
[-174.92657470703125, 221.32179260253906, 1847.086669921875]
[-179.64865112304688, 219.9657745361328, 1814.4835205078125]
[-199.89297485351562, 207.72775268554688, 1768.9075927734375]
[-191.19212341308594, 205.1751251220703, 1746.616455078125]
[-181.88267517089844, 199.1610565185547, 1730.4051513671875]
[-179.5511474609375, 198.12457275390625, 1730.084228515625]
[-184.1671142578125, 183.65513610839844, 1749.5035400390625]
[-186.4772491455078, 174.25466918945312, 1788.5303955078125]
[-189.12274169921875, 171.2954864501953, 1829.87890625]
[-150.4827117919922, 173.52932739257812, 1889.472900390625]
[-130.21102905273438, 169.91015625, 1933.431884765625]
[-112.40294647216797, 172.17404174804688, 1969.07421875]
[-82.68997192382812, 176.90357971191406, 2001.737060546875]
[-40.136051177978516, 180.02960205078125, 2019.104248046875]
[-9.464502334594727, 192.48570251464844, 2033.67236328125]
[64.80606842041016, 219.69737243652344, 1944.1033935546875]
[89.38870239257812, 247.38050842285156, 1920.516357421875]
[120.43083953857422, 247.5315704345703, 2008.808349609375]
[112.36460876464844, 260.8637390136719, 2038.7425537109375]
[115.40570068359375, 259.9855651855469, 2043.6038818359375]
[117.75572967529297, 253.9682159423828, 2053.530517578125]
[120.62075805664062, 249.47125244140625, 2049.624267578125]
[134.70970153808594, 243.94288635253906, 2037.168212890625]
[137.29664611816406, 243.50390625, 2030.119873046875]
[137.22674560546875, 241.97021484375, 2030.57958984375]
[148.09608459472656, 223.45350646972656, 2016.3402099609375]
[141.19190979003906, 210.55462646484375, 2011.30322265625]
[115.8702163696289, 199.64073181152344, 2008.562744140625]
[86.87683868408203, 182.44607543945312, 2010.081787109375]
[82.08767700195312, 173.0885772705078, 2023.2884521484375]
[95.94319915771484, 164.5349884033203, 2037.462890625]
[86.31985473632812, 183.604248046875, 2011.4107666015625]
[89.65425872802734, 190.14791870117188, 2002.971435546875]
[87.23835754394531, 206.6280517578125, 1991.9552001953125]
[102.31400299072266, 195.36997985839844, 2030.861328125]
[110.66156005859375, 180.22543334960938, 2042.095703125]
[126.17820739746094, 171.4342041015625, 2047.678466796875]
[160.6662139892578, 172.44384765625, 2016.7174072265625]
[181.8704376220703, 162.50454711914062, 2008.0506591796875]
[207.30789184570312, 182.97747802734375, 1966.67138671875]
[230.4376220703125, 186.82962036132812, 1951.0731201171875]
[250.18507385253906, 201.91943359375, 1936.7650146484375]
[265.3968200683594, 208.5261993408203, 1935.1485595703125]
[281.0416564941406, 226.66610717773438, 1916.9649658203125]
[312.53619384765625, 239.8382568359375, 1889.1258544921875]
[328.1173400878906, 245.8944854736328, 1887.2039794921875]
[334.407470703125, 245.92124938964844, 1888.840576171875]
[332.48773193359375, 245.94908142089844, 1884.0699462890625]
[335.7545471191406, 249.05104064941406, 1871.4061279296875]
[343.7413635253906, 245.17857360839844, 1853.1943359375]
[342.57794189453125, 244.33761596679688, 1845.07373046875]
[341.6640625, 243.11647033691406, 1841.2178955078125]
[343.8762512207031, 238.62998962402344, 1840.1240234375]
[341.5199890136719, 234.91612243652344, 1842.7359619140625]
[338.6060485839844, 231.25747680664062, 1847.56396484375]
[331.03253173828125, 232.34521484375, 1856.3817138671875]
[320.4304504394531, 233.91229248046875, 1863.78173828125]
[316.25848388671875, 233.68984985351562, 1875.4027099609375]
[281.5171203613281, 232.97775268554688, 1893.6236572265625]
[259.9002380371094, 237.2405548095703, 1929.63330078125]
[207.22305297851562, 245.1884002685547, 1964.742919921875]
[102.06558990478516, 230.7672882080078, 1941.8565673828125]
[22.434019088745117, 254.849609375, 1832.571533203125]
[-45.355140686035156, 236.64138793945312, 1796.3726806640625]
[-121.5775146484375, 208.14816284179688, 1973.4737548828125]
[-147.95925903320312, 205.25860595703125, 1956.5894775390625]
[-189.55198669433594, 196.78140258789062, 1868.307373046875]
[-209.66554260253906, 186.09640502929688, 1835.1021728515625]
[-227.3179168701172, 176.5300750732422, 1811.8140869140625]
[-231.54624938964844, 170.30076599121094, 1792.5911865234375]
[-224.7167205810547, 176.70840454101562, 1791.919677734375]
[-203.5792236328125, 183.45521545410156, 1803.5087890625]
[-197.34649658203125, 185.72061157226562, 1803.14990234375]
[-188.63914489746094, 199.1322479248047, 1819.580810546875]
[-183.24948120117188, 209.18556213378906, 1828.806396484375]
[-172.531982421875, 226.45596313476562, 1858.257080078125]
[-170.71990966796875, 234.9043426513672, 1883.2158203125]
[-171.9852294921875, 260.43414306640625, 1913.236083984375]
[-175.9239044189453, 269.9603576660156, 1920.6915283203125]
[-178.9551544189453, 278.5027770996094, 1914.0301513671875]
[-183.91067504882812, 273.1163330078125, 1904.2022705078125]
[-188.2130584716797, 266.9498291015625, 1918.4227294921875]
[-186.28317260742188, 256.55560302734375, 1933.859619140625]
[-186.50796508789062, 243.93157958984375, 1940.838134765625]
[-189.59400939941406, 235.21897888183594, 1937.4862060546875]
[-189.8954620361328, 232.56594848632812, 1936.009521484375]
[-204.7921600341797, 217.76036071777344, 1910.4580078125]
[-211.10189819335938, 219.32847595214844, 1907.3731689453125]
[-215.90550231933594, 223.13397216796875, 1896.0274658203125]
[-210.0113067626953, 227.68203735351562, 1866.0379638671875]
[-208.0345916748047, 229.24337768554688, 1832.457763671875]
[-212.37875366210938, 243.44522094726562, 1788.6495361328125]
[-227.29962158203125, 255.28811645507812, 1729.4471435546875]
[-233.36920166015625, 256.8903503417969, 1631.488525390625]
[-235.37100219726562, 260.18798828125, 1566.5286865234375]
[-231.93881225585938, 244.30152893066406, 1474.97265625]
[-232.94674682617188, 231.87843322753906, 1399.6966552734375]
[-229.10707092285156, 204.73675537109375, 1340.67724609375]
[-229.08493041992188, 194.19984436035156, 1310.5303955078125]
[-231.52935791015625, 183.07855224609375, 1290.5677490234375]
[-232.3295135498047, 187.7021484375, 1275.897216796875]
[-234.3425750732422, 186.6995391845703, 1274.8135986328125]
[-241.1902618408203, 196.63482666015625, 1280.38330078125]
[-246.44119262695312, 214.185302734375, 1292.0350341796875]
[-257.5178527832031, 232.7669677734375, 1304.7314453125]
[-261.2071838378906, 257.7050476074219, 1310.7318115234375]
[-265.8321838378906, 265.22088623046875, 1296.969482421875]
[-262.5041198730469, 265.62310791015625, 1285.679931640625]
[-261.7246398925781, 263.4188232421875, 1263.712890625]
[-258.82421875, 259.32470703125, 1256.0377197265625]
[-259.6398620605469, 263.1485900878906, 1265.8822021484375]
[-262.1484680175781, 262.56243896484375, 1264.4871826171875]
[-263.57122802734375, 264.07958984375, 1268.5693359375]
[-261.9778137207031, 268.761962890625, 1265.398193359375]
[-261.25701904296875, 269.2926940917969, 1261.2403564453125]
[-255.28016662597656, 261.54632568359375, 1259.979736328125]
[-255.68621826171875, 260.4631042480469, 1263.783935546875]
[-253.05679321289062, 251.869384765625, 1278.014404296875]
[-249.47994995117188, 260.15460205078125, 1288.39306640625]
[-246.02882385253906, 254.83590698242188, 1302.3592529296875]
[-242.1936798095703, 255.1736297607422, 1321.302001953125]
[-246.486083984375, 261.591552734375, 1344.10791015625]
[-245.49966430664062, 267.39276123046875, 1364.0889892578125]
[-240.3877716064453, 272.624267578125, 1390.022216796875]
[-238.92877197265625, 271.96337890625, 1421.4144287109375]
[-238.00790405273438, 262.7821350097656, 1431.541748046875]
[-240.00491333007812, 229.3922882080078, 1411.250732421875]
[-255.32322692871094, 206.4713592529297, 1388.3817138671875]
[-277.29412841796875, 146.6050567626953, 1342.922607421875]
[-283.14190673828125, 118.18000793457031, 1352.5875244140625]
[-263.98919677734375, 88.26793670654297, 1351.7760009765625]
[-250.29647827148438, 101.2704086303711, 1404.998779296875]
[-236.9725341796875, 137.54922485351562, 1477.0284423828125]
[-220.66506958007812, 165.8615264892578, 1556.0062255859375]
[-211.38551330566406, 195.64593505859375, 1654.205322265625]
[-179.53781127929688, 211.291259765625, 1719.3720703125]
[-165.260009765625, 221.44219970703125, 1798.778076171875]
[-147.9250946044922, 227.1787567138672, 1879.822509765625]
[-140.50148010253906, 223.46432495117188, 1944.9298095703125]
[-99.34237670898438, 222.8988037109375, 2029.2017822265625]
[-93.18315887451172, 211.224853515625, 2089.120361328125]
[-75.02794647216797, 207.18544006347656, 2140.911865234375]
[-53.69556427001953, 214.37208557128906, 2180.784423828125]
[-38.089576721191406, 225.537353515625, 2205.74560546875]
[-16.58936309814453, 235.02926635742188, 2227.151123046875]
[-7.646689414978027, 232.9548797607422, 2239.44189453125]
[-7.391860485076904, 227.0927734375, 2243.217529296875]
[-4.804817199707031, 217.54869079589844, 2245.34716796875]
[-2.7717602252960205, 204.14869689941406, 2228.3916015625]
[-9.63762092590332, 184.9130401611328, 2191.07568359375]
[-19.94916343688965, 183.71072387695312, 2152.2890625]
[-30.426729202270508, 185.63682556152344, 2109.440673828125]
[-46.950157165527344, 188.42459106445312, 2064.65478515625]
[-59.18505096435547, 186.5214385986328, 2000.2410888671875]
[-60.406646728515625, 168.88572692871094, 1918.407470703125]
[-52.71601104736328, 143.45639038085938, 1848.1785888671875]
[-61.68913269042969, 104.109375, 1796.0513916015625]
[-70.72991180419922, 71.65727233886719, 1778.39013671875]
[-58.37861633300781, -33.600868225097656, 1696.798583984375]
[-54.90174102783203, -81.56891632080078, 1679.6925048828125]
[-47.94839096069336, -161.64468383789062, 1669.1124267578125]
[-36.682403564453125, -273.1201171875, 1676.166259765625]
[-19.837743759155273, -324.787841796875, 1699.3563232421875]
[-12.129645347595215, -322.9435119628906, 1703.080810546875]
[-21.336824417114258, -297.91143798828125, 1674.906005859375]
[-25.347705841064453, -214.1660919189453, 1702.2838134765625]
[-41.59855270385742, -98.27796936035156, 1737.5157470703125]
[-57.82405471801758, 3.8600564002990723, 1851.7598876953125]
[-47.99502182006836, 83.51168060302734, 1952.7857666015625]
[-37.937469482421875, 128.45333862304688, 2043.9586181640625]
[-31.952268600463867, 166.38442993164062, 2124.117431640625]
[-20.125080108642578, 183.83900451660156, 2178.74853515625]
[-20.36152458190918, 219.926025390625, 2230.1591796875]
[-20.65204429626465, 230.88343811035156, 2231.458251953125]
[-19.1783504486084, 242.2820281982422, 2211.469970703125]
[-25.829143524169922, 245.345947265625, 2183.170654296875]
[-47.52342987060547, 252.92849731445312, 2151.6328125]
[-55.7640495300293, 254.20164489746094, 2134.25390625]
[-56.22032165527344, 264.2780456542969, 2129.39794921875]
[-65.83812713623047, 284.59844970703125, 2133.75439453125]
[-69.05056762695312, 289.04644775390625, 2137.590087890625]
[-80.87063598632812, 298.7366638183594, 2125.650634765625]
[-82.42083740234375, 319.0449523925781, 2119.010498046875]
[-79.88207244873047, 340.0309753417969, 2105.86767578125]
[-63.29584884643555, 350.59588623046875, 2081.2724609375]
[-50.95869445800781, 393.7977600097656, 2082.02197265625]
[-45.766136169433594, 396.6881408691406, 2051.824951171875]
[-37.31085205078125, 399.8106689453125, 2044.7845458984375]
[-33.92344665527344, 401.31231689453125, 2044.88916015625]
[-32.253570556640625, 398.7224426269531, 2046.875732421875]
[-34.392433166503906, 397.0293884277344, 2056.28564453125]
[-32.61857604980469, 388.4325866699219, 2061.88427734375]
[-34.85445785522461, 390.28277587890625, 2072.476806640625]
[-32.860992431640625, 379.8587341308594, 2079.34716796875]
[-40.683963775634766, 359.9488830566406, 2088.2822265625]
[-43.56006622314453, 338.15960693359375, 2105.732421875]
[-41.97139358520508, 295.2557067871094, 2125.868408203125]
[-59.60884094238281, 254.75633239746094, 2145.2607421875]
[-63.99798583984375, 207.46531677246094, 2168.90966796875]
[-67.56769561767578, 148.46542358398438, 2151.042236328125]
[-87.36880493164062, 96.02931213378906, 2083.943603515625]
[-106.88944244384766, 77.60897064208984, 2051.14990234375]
[-142.69215393066406, -9.070783615112305, 1946.7320556640625]
[-143.1921844482422, -80.06924438476562, 1858.146728515625]
[-159.39674377441406, -140.39157104492188, 1793.892822265625]
[-174.60653686523438, -205.49913024902344, 1739.0234375]
[-171.0535888671875, -250.3832550048828, 1722.0718994140625]
[-148.3513946533203, -273.08148193359375, 1709.37939453125]
[-144.84706115722656, -255.4673309326172, 1703.97900390625]
[-135.99905395507812, -207.6045379638672, 1708.962158203125]
[-136.3114471435547, -117.8027572631836, 1711.4420166015625]
[-139.0931396484375, -12.06381607055664, 1729.5877685546875]
[-144.99130249023438, 47.833412170410156, 1745.7626953125]
[-113.50592803955078, 128.12380981445312, 1765.66259765625]
[-79.6120834350586, 197.8785400390625, 1790.053466796875]
[-27.195829391479492, 245.9982452392578, 1822.992919921875]
[-10.19912052154541, 254.1916046142578, 1823.29296875]
[5.236608028411865, 254.30935668945312, 1821.6973876953125]
[4.845358371734619, 260.2843322753906, 1830.56494140625]
[-13.295188903808594, 267.17474365234375, 1842.0380859375]
[-17.244831085205078, 262.38037109375, 1851.91943359375]
[-23.900842666625977, 248.7510986328125, 1831.712158203125]
[-29.127683639526367, 246.3355712890625, 1816.4720458984375]
[-29.595327377319336, 246.42715454101562, 1805.838134765625]
[-29.67832374572754, 243.0789031982422, 1803.249267578125]
[-32.459476470947266, 248.63198852539062, 1793.7037353515625]
[-32.76313400268555, 247.23690795898438, 1794.5889892578125]
[-26.259700775146484, 244.1785888671875, 1782.05078125]
[-25.051441192626953, 247.83740234375, 1767.578857421875]
[-17.043806076049805, 243.81906127929688, 1742.77783203125]
[-23.037311553955078, 249.56983947753906, 1738.88134765625]
[-26.574398040771484, 257.5859069824219, 1731.40966796875]
[-30.22843360900879, 255.3092803955078, 1712.9510498046875]
[-48.457862854003906, 268.7742919921875, 1635.9112548828125]
[-68.72877502441406, 275.8849792480469, 1568.84912109375]
[-119.7998275756836, 275.58697509765625, 1494.1839599609375]
[-133.3363037109375, 263.95355224609375, 1422.7607421875]
[-166.2891082763672, 230.7386474609375, 1350.209228515625]
[-181.3617706298828, 188.7650146484375, 1293.438232421875]
[-201.87396240234375, 147.54736328125, 1249.4990234375]
[-231.7713623046875, 103.92659759521484, 1225.6361083984375]
[-258.8037414550781, 57.39572525024414, 1213.2891845703125]
[-277.7580871582031, 14.45022201538086, 1217.126708984375]
[-302.4863586425781, -25.900774002075195, 1226.12841796875]
[-307.8953552246094, -49.927494049072266, 1227.485107421875]
[-344.0638732910156, -60.70242691040039, 1290.2235107421875]
[-360.6372985839844, -65.49079895019531, 1327.825927734375]
[-363.2057189941406, -33.75932693481445, 1389.2818603515625]
[-361.7388610839844, -17.777502059936523, 1457.8597412109375]
[-345.6642150878906, 8.292004585266113, 1535.911376953125]
[-312.9367370605469, 51.155941009521484, 1602.3404541015625]
[-271.67022705078125, 91.16607666015625, 1645.1883544921875]
[-230.9618682861328, 136.70668029785156, 1684.5767822265625]
[-171.94198608398438, 175.6768035888672, 1700.2081298828125]
[-98.5869140625, 221.87640380859375, 1701.3375244140625]
[-12.627275466918945, 242.9829559326172, 1557.2880859375]
[14.103353500366211, 230.34567260742188, 1575.5595703125]
[60.7192268371582, 264.0633239746094, 1701.5665283203125]
[71.84857177734375, 265.79534912109375, 1700.4705810546875]
[94.80216979980469, 273.2184143066406, 1697.9742431640625]
[89.35367584228516, 264.9072265625, 1693.1962890625]
[87.74678039550781, 260.6376953125, 1695.322265625]
[84.04863739013672, 249.3897705078125, 1690.674072265625]
[74.6452865600586, 231.7775115966797, 1684.834716796875]
[72.04176330566406, 214.8583984375, 1683.212158203125]
[64.53643035888672, 201.76377868652344, 1684.686279296875]
[55.07451248168945, 191.15676879882812, 1682.8939208984375]
[48.25403594970703, 177.31748962402344, 1677.02099609375]
[41.908409118652344, 172.7988739013672, 1676.7913818359375]
[32.887420654296875, 179.31295776367188, 1681.012451171875]
[33.69216537475586, 185.32273864746094, 1685.5452880859375]
[26.428483963012695, 199.87110900878906, 1706.48779296875]
[24.14091682434082, 210.8897247314453, 1748.6732177734375]
[41.96023941040039, 196.83334350585938, 1783.705078125]
[38.164756774902344, 181.7592010498047, 1793.9158935546875]
[68.47405242919922, 143.0918731689453, 1813.66748046875]
[89.21871185302734, 105.87853240966797, 1820.1881103515625]
[113.39431762695312, 67.2703857421875, 1817.8260498046875]
[151.15138244628906, 9.281545639038086, 1807.670654296875]
[162.6519317626953, -14.35452651977539, 1799.10107421875]
[174.37342834472656, -35.07582092285156, 1787.5582275390625]
[177.2523651123047, -32.0572395324707, 1772.483154296875]
[178.17930603027344, -23.269847869873047, 1771.1778564453125]
[166.0518341064453, 16.766265869140625, 1745.550048828125]
[153.37356567382812, 54.083839416503906, 1731.7568359375]
[126.22004699707031, 100.94286346435547, 1708.36376953125]
[93.737548828125, 145.94393920898438, 1693.45166015625]
[56.95645523071289, 187.35409545898438, 1674.5400390625]
[5.439571857452393, 229.64466857910156, 1672.91796875]
[-61.69611358642578, 260.3647155761719, 1676.973388671875]
[-126.78414916992188, 277.7891540527344, 1668.614990234375]
[-129.0905303955078, 283.31585693359375, 1664.8787841796875]
[-129.39320373535156, 289.4423522949219, 1668.3228759765625]
[-124.57523345947266, 285.7545166015625, 1664.30029296875]
[-135.73098754882812, 268.0381774902344, 1652.5093994140625]
[-138.25941467285156, 257.15081787109375, 1650.1353759765625]
[-138.72854614257812, 231.0838165283203, 1647.4615478515625]
[-138.16432189941406, 212.85861206054688, 1659.6363525390625]
[-135.89752197265625, 200.51243591308594, 1675.1385498046875]
[-134.44090270996094, 192.5808563232422, 1691.8590087890625]
[-136.0809783935547, 187.72511291503906, 1704.081298828125]
[-134.4541015625, 185.860595703125, 1715.8077392578125]
[-135.83416748046875, 183.899658203125, 1724.608642578125]
[-126.00335693359375, 200.98519897460938, 1728.67431640625]
[-119.23785400390625, 216.88121032714844, 1727.46337890625]
[-109.70963287353516, 229.30369567871094, 1718.878173828125]
[-94.8681411743164, 232.0648193359375, 1695.332763671875]
[-87.63239288330078, 223.41171264648438, 1669.03173828125]
[-55.522701263427734, 210.40757751464844, 1642.607421875]
[-34.98968505859375, 182.6092529296875, 1612.0347900390625]
[-36.42466354370117, 158.93605041503906, 1596.1776123046875]
[-42.63831329345703, 118.83851623535156, 1573.8543701171875]
[-50.15174865722656, 56.40534973144531, 1551.4561767578125]
[-75.23609924316406, 2.714559555053711, 1581.084228515625]
[-105.66632080078125, -54.70935821533203, 1591.611328125]
[-121.05486297607422, -79.140380859375, 1610.6016845703125]
[-131.2924346923828, -106.58308410644531, 1626.8883056640625]
[-118.03423309326172, -103.12322235107422, 1620.518798828125]
[-126.28662872314453, -79.3802719116211, 1646.2032470703125]
[-133.77223205566406, 10.15418815612793, 1715.789794921875]
[-120.6056137084961, 85.99609375, 1795.7835693359375]
[-99.15839385986328, 142.08204650878906, 1881.333740234375]
[-84.89629364013672, 182.8470458984375, 1971.7327880859375]
[-57.89011764526367, 212.4854736328125, 2053.386962890625]
[-32.165557861328125, 228.5672607421875, 2145.285400390625]
[-15.88243293762207, 223.65667724609375, 2208.765380859375]
[11.3085355758667, 228.70303344726562, 2261.869140625]
[23.15731430053711, 231.66627502441406, 2276.599365234375]
[31.65958023071289, 231.83682250976562, 2272.103271484375]
[37.111568450927734, 231.6930389404297, 2271.13330078125]
[36.27904510498047, 220.7237091064453, 2268.307373046875]
[44.30095291137695, 216.26461791992188, 2282.75048828125]
[57.585670471191406, 195.86798095703125, 2305.34228515625]
[59.90895462036133, 190.43621826171875, 2327.877197265625]
[67.64491271972656, 176.0107879638672, 2358.20849609375]
[73.26146697998047, 169.8826446533203, 2369.342529296875]
[75.58206939697266, 172.80421447753906, 2385.114013671875]
[76.42035675048828, 173.10406494140625, 2391.734619140625]
[75.12310028076172, 174.76426696777344, 2387.02685546875]
[73.90367889404297, 175.3228302001953, 2372.712646484375]
[59.27106857299805, 188.65338134765625, 2347.6943359375]
[48.41189193725586, 190.86019897460938, 2310.2158203125]
[10.498806953430176, 174.4349822998047, 2257.191650390625]
[-43.207420349121094, 141.19883728027344, 2189.0341796875]
[-70.04059600830078, 105.89810943603516, 2144.930908203125]
[-97.81015014648438, 72.9042739868164, 2135.178466796875]
[-115.2949447631836, 50.51128387451172, 2125.3642578125]
[-126.97457122802734, 12.193158149719238, 2098.296630859375]
[-127.85726928710938, 0.9860396385192871, 2104.689453125]
[-129.55540466308594, 0.35531818866729736, 2103.633056640625]
[-111.97799682617188, 6.485551834106445, 2099.193115234375]
[-113.09273529052734, 12.529969215393066, 2097.0458984375]
[-100.20970153808594, 26.053861618041992, 2093.143310546875]
[-84.4483642578125, 43.159828186035156, 2093.239501953125]
[-53.65912628173828, 76.74851989746094, 2092.59375]
[-20.628929138183594, 116.54692840576172, 2099.916259765625]
[-15.623346328735352, 142.09979248046875, 2119.604736328125]
[14.745682716369629, 179.62384033203125, 2140.23291015625]
[44.59770584106445, 211.92665100097656, 2173.69873046875]
[57.966739654541016, 227.4459991455078, 2196.46533203125]
[58.26894760131836, 230.44729614257812, 2203.251708984375]
[50.419189453125, 234.4521026611328, 2204.7578125]
[42.70125961303711, 247.1343994140625, 2199.143310546875]
[36.27228546142578, 255.99891662597656, 2189.56396484375]
[32.4070930480957, 258.244140625, 2175.272216796875]
[18.335628509521484, 259.62841796875, 2158.386474609375]
[6.906135559082031, 257.7177429199219, 2149.0693359375]
[-1.892487645149231, 260.4814147949219, 2133.748046875]
[-15.801165580749512, 261.7514953613281, 2115.586669921875]
[-17.33651351928711, 258.5847473144531, 2093.890380859375]
[-12.949457168579102, 256.69964599609375, 2083.455810546875]
[-12.23579216003418, 257.965576171875, 2073.4833984375]
[-18.006559371948242, 271.10235595703125, 2051.553955078125]
[-33.28091812133789, 267.5960693359375, 2011.6102294921875]
[-54.159942626953125, 266.4697265625, 1951.1580810546875]
[-74.15979766845703, 271.3107604980469, 1878.822265625]
[-85.50892639160156, 272.7444152832031, 1802.982421875]
[-92.43999481201172, 280.8208923339844, 1776.6771240234375]
[-80.47605895996094, 262.79571533203125, 1686.3529052734375]
[-58.820823669433594, 252.8740692138672, 1637.2431640625]
[-42.50521469116211, 241.93238830566406, 1615.8619384765625]
[8.820354461669922, 227.48497009277344, 1571.505859375]
[8.404471397399902, 226.8407745361328, 1554.816162109375]
[9.209632873535156, 227.68496704101562, 1537.84716796875]
[0,0,0]
[0,0,0]
[0,0,0]
[0,0,0]
[0,0,0]
[0,0,0]
[0,0,0]
[0,0,0]
[0,0,0]
[0,0,0]
[0,0,0]
[0,0,0]
[0,0,0]
[0,0,0]
[0,0,0]
[0,0,0]
[0,0,0]
[0,0,0]
[0,0,0]
[0,0,0]
[0,0,0]
[0,0,0]
[0,0,0]
[0,0,0]
[0,0,0]
[0,0,0]
[0,0,0]
[0,0,0]
[0,0,0]
[0,0,0]
[0,0,0]
[0,0,0]
[0,0,0]
[0,0,0]
[0,0,0]
[0,0,0]
[0,0,0]
[0,0,0]
[0,0,0]
[0,0,0]
[0,0,0]
[0,0,0]
[0,0,0]
[0,0,0]
[0,0,0]
[0,0,0]
[0,0,0]
[0,0,0]
[0,0,0]
[0,0,0]
[0,0,0]
[0,0,0]
[0,0,0]
[0,0,0]
[0,0,0]
[0,0,0]
[0,0,0]
[0,0,0]
[0,0,0]
[0,0,0]
[0,0,0]
[0,0,0]
[0,0,0]
[0,0,0]
[0,0,0]
[0,0,0]
[0,0,0]
[0,0,0]
[0,0,0]
[0,0,0]
[0,0,0]
[0,0,0]
[0,0,0]
[0,0,0]
[0,0,0]
[0,0,0]
[0,0,0]
[0,0,0]
[0,0,0]
[0,0,0]
[0,0,0]
[0,0,0]
[0,0,0]
[0,0,0]
[0,0,0]
[0,0,0]
[0,0,0]
[0,0,0]
[0,0,0]
[0,0,0]
[0,0,0]
[0,0,0]
[0,0,0]
[0,0,0]
[0,0,0]
[0,0,0]
[0,0,0]
[0,0,0]
[0,0,0]
[0,0,0]
[0,0,0]
[0,0,0]
[0,0,0]
[0,0,0]
[0,0,0]
[0,0,0]
[0,0,0]
[0,0,0]
[0,0,0]
[0,0,0]
[0,0,0]
[0,0,0]
[0,0,0]
[0,0,0]
[0,0,0]
[0,0,0]
[0,0,0]
[0,0,0]
[0,0,0]
[0,0,0]
[0,0,0]
[0,0,0]
[0,0,0]
[0,0,0]
[0,0,0]
[0,0,0]
[0,0,0]
[0,0,0]
[0,0,0]
[0,0,0]
[0,0,0]
[0,0,0]
[0,0,0]
[0,0,0]
[0,0,0]
[0,0,0]
[0,0,0]
[0,0,0]
[0,0,0]
[0,0,0]
[0,0,0]
[0,0,0]
[0,0,0]
[0,0,0]
[0,0,0]
[0,0,0]
[0,0,0]
[0,0,0]
[0,0,0]
[0,0,0]
[0,0,0]
[0,0,0]
[0,0,0]
[0,0,0]
[0,0,0]
[0,0,0]
[0,0,0]
[0,0,0]
[0,0,0]
[0,0,0]
[0,0,0]
[0,0,0]
[0,0,0]
[0,0,0]
[0,0,0]
[0,0,0]
[0,0,0]
[0,0,0]
[0,0,0]
[0,0,0]
[0,0,0]
[0,0,0]
[0,0,0]
[0,0,0]
[0,0,0]
[0,0,0]
[0,0,0]
[0,0,0]
[0,0,0]
[0,0,0]
[0,0,0]
[0,0,0]
[0,0,0]
[0,0,0]
[0,0,0]
[0,0,0]
[0,0,0]
[0,0,0]
[0,0,0]
[0,0,0]
[0,0,0]
[0,0,0]
[0,0,0]
[0,0,0]
[0,0,0]
[0,0,0]
[0,0,0]
[0,0,0]
[0,0,0]
[0,0,0]
[0,0,0]
[0,0,0]
[0,0,0]
[0,0,0]
[0,0,0]
[0,0,0]
[0,0,0]
[0,0,0]
[0,0,0]
[0,0,0]
[0,0,0]
[0,0,0]
[0,0,0]
[0,0,0]
[0,0,0]
[0,0,0]
[0,0,0]
[0,0,0]
[0,0,0]
[0,0,0]
[0,0,0]
[0,0,0]
[0,0,0]
[0,0,0]
[0,0,0]
[0,0,0]
[0,0,0]
[0,0,0]
[0,0,0]
[0,0,0]
[0,0,0]
[0,0,0]
[0,0,0]
[0,0,0]
[0,0,0]
[0,0,0]
[0,0,0]
[0,0,0]
[0,0,0]
[0,0,0]
[0,0,0]
[0,0,0]
[0,0,0]
[0,0,0]
[0,0,0]
[0,0,0]
[0,0,0]
[0,0,0]
[0,0,0]
[0,0,0]
[0,0,0]
[0,0,0]
[0,0,0]
[0,0,0]
[0,0,0]
[0,0,0]
[0,0,0]
[0,0,0]
[0,0,0]
[0,0,0]
[0,0,0]
[0,0,0]
[0,0,0]
[0,0,0]
[0,0,0]
[0,0,0]
[0,0,0]
[0,0,0]
[0,0,0]
[0,0,0]
[0,0,0]
[0,0,0]
[0,0,0]
[0,0,0]
[0,0,0]
[0,0,0]
[0,0,0]
[0,0,0]
[0,0,0]
[0,0,0]
[0,0,0]
[0,0,0]
[0,0,0]
[0,0,0]
[0,0,0]
[0,0,0]
[0,0,0]
[0,0,0]
[0,0,0]
[0,0,0]
[0,0,0]
[0,0,0]
[0,0,0]
[0,0,0]
[0,0,0]
[0,0,0]
[0,0,0]
[0,0,0]
[0,0,0]
[0,0,0]
[0,0,0]
[0,0,0]
[0,0,0]
[0,0,0]
[0,0,0]
[0,0,0]
[0,0,0]
[0,0,0]
[0,0,0]
[0,0,0]
[0,0,0]
[0,0,0]
[0,0,0]
[0,0,0]
[0,0,0]
[0,0,0]
[0,0,0]
[0,0,0]
[0,0,0]
[0,0,0]
[0,0,0]
[0,0,0]
[0,0,0]
[0,0,0]
[0,0,0]
[0,0,0]
[0,0,0]
[0,0,0]
[0,0,0]
[0,0,0]
[0,0,0]
[0,0,0]
[0,0,0]
[0,0,0]
[0,0,0]
[0,0,0]
[0,0,0]
[0,0,0]
[0,0,0]
[0,0,0]
[0,0,0]
[0,0,0]
[0,0,0]
[0,0,0]
[0,0,0]
[0,0,0]
[0,0,0]
[0,0,0]
[0,0,0]
[0,0,0]
[0,0,0]
[0,0,0]
[0,0,0]
[0,0,0]
[0,0,0]
[0,0,0]
[0,0,0]
[0,0,0]
[0,0,0]
[0,0,0]
[0,0,0]
[0,0,0]
[0,0,0]
[0,0,0]
[0,0,0]
[0,0,0]
[0,0,0]
[0,0,0]
[0,0,0]
[0,0,0]
[0,0,0]
[0,0,0]
[0,0,0]
[0,0,0]
[0,0,0]
[0,0,0]
[0,0,0]
[0,0,0]
[0,0,0]
[0,0,0]
[0,0,0]
[0,0,0]
[0,0,0]
[0,0,0]
[0,0,0]
[0,0,0]
[0,0,0]
[0,0,0]
[0,0,0]
[0,0,0]
[0,0,0]
[0,0,0]
[0,0,0]
[0,0,0]
[0,0,0]
[0,0,0]
[0,0,0]
[0,0,0]
[0,0,0]
[0,0,0]
[0,0,0]
[0,0,0]
[0,0,0]
[0,0,0]
[0,0,0]
[0,0,0]
[0,0,0]
[0,0,0]
[0,0,0]
[0,0,0]
[0,0,0]
[0,0,0]
[0,0,0]
[0,0,0]
[0,0,0]
[0,0,0]
[0,0,0]
[0,0,0]
[0,0,0]
[0,0,0]
[0,0,0]
[0,0,0]
[0,0,0]
[0,0,0]
[0,0,0]
[0,0,0]
[0,0,0]
[0,0,0]
[0,0,0]
[0,0,0]
[0,0,0]
[0,0,0]
[0,0,0]
[0,0,0]
[0,0,0]
[0,0,0]
[0,0,0]
[0,0,0]
[0,0,0]
[0,0,0]
[0,0,0]
[0,0,0]
[0,0,0]
[0,0,0]
[0,0,0]
[0,0,0]
[0,0,0]
[0,0,0]
[0,0,0]
[0,0,0]
[0,0,0]
[0,0,0]
