452
30
[-53.68811035,586.38186646,1125.93310547]
[-52.45842361,583.30088806,1130.68994141]
[-53.2335434,581.270401,1125.39550781]
[-52.09770203,580.40687561,1127.41088867]
[-50.72940063,576.46228027,1127.65258789]
[-50.0462265,573.55592346,1116.32348633]
[-49.29356384,574.08161926,1118.77026367]
[-45.79113007,575.21803284,1116.34594727]
[-44.05884552,575.1000824,1116.42773438]
[-41.20933533,574.91348267,1114.54101562]
[-40.07203293,574.80198669,1115.09277344]
[-39.79981232,573.18551636,1111.63110352]
[-38.89325333,572.63237,1107.98681641]
[-38.68860626,572.34902954,1108.39794922]
[-39.77588272,571.53956604,1099.34912109]
[-38.66662979,572.16584778,1100.93457031]
[-38.3469429,571.92050171,1099.55078125]
[-38.21253586,572.10670471,1099.61425781]
[-37.5608902,571.97108459,1098.67944336]
[-35.60456085,572.50523376,1094.12402344]
[-35.97444153,572.38015747,1087.90380859]
[-36.45039368,574.03347778,1086.76171875]
[-36.31106186,574.21469116,1081.2355957]
[-36.37575531,573.49707031,1075.86938477]
[-36.28125,572.668396,1076.53466797]
[-36.39763641,572.33421326,1076.24682617]
[-36.08506775,572.51835632,1074.03344727]
[-35.68115997,572.7494812,1076.11181641]
[-35.71398544,572.13221741,1074.92456055]
[-36.79466248,571.64735413,1074.26464844]
[-36.75025558,571.63430786,1072.56640625]
[-36.83163452,571.65827942,1072.27587891]
[-36.84650803,571.5848999,1071.9375]
[-37.88664246,568.30976868,1065.04833984]
[-46.86886978,567.1421814,1051.8762207]
[-53.84488297,567.95051575,1027.52807617]
[-53.95741653,567.97277832,1027.37573242]
[-83.53497314,582.99856567,972.23376465]
[-118.00123596,605.10462952,924.87609863]
[-129.53398132,621.54943848,897.73547363]
[-137.52415466,639.71891785,877.03295898]
[-152.76393127,657.1572876,857.06506348]
[-160.14318848,668.26774597,844.61340332]
[-164.65632629,675.08145142,828.87866211]
[-163.21229553,670.86569214,827.4161377]
[-163.38407898,655.46466064,834.34973145]
[-166.57420349,643.34927368,840.18969727]
[-165.18560791,617.64710999,860.8067627]
[-156.70684814,596.85964966,880.51806641]
[-158.85487366,584.59359741,900.46374512]
[-160.96788025,571.29693604,938.86938477]
[-163.44674683,564.69772339,954.20495605]
[-167.07084656,553.85144043,982.05102539]
[-175.98165894,553.51280212,964.79309082]
[-175.7033844,555.13314819,958.08728027]
[-176.99087524,556.10629272,952.61779785]
[-179.65870667,560.30686951,951.35852051]
[-180.97982788,565.85505676,955.97570801]
[-179.21865845,575.3895874,955.76635742]
[-179.69766235,579.50761414,956.93640137]
[-180.029953,581.47038269,968.23864746]
[-175.43182373,585.64837646,973.52075195]
[-173.50978088,584.35671997,973.7869873]
[-170.3968811,583.68217468,970.29455566]
[-164.62841797,578.77355957,965.03430176]
[-164.3637085,579.85592651,942.27392578]
[-162.40899658,576.36688232,925.95202637]
[-166.90608215,576.31774902,890.37536621]
[-174.92657471,578.6782074,847.08666992]
[-179.64865112,580.03422546,814.48352051]
[-199.89297485,592.27224731,768.90759277]
[-191.19212341,594.82487488,746.61645508]
[-181.88267517,600.83894348,730.40515137]
[-179.55114746,601.87542725,730.08422852]
[-184.16711426,616.34486389,749.50354004]
[-186.47724915,625.74533081,788.53039551]
[-189.1227417,628.70451355,829.87890625]
[-150.48271179,626.47067261,889.47290039]
[-130.21102905,630.08984375,933.43188477]
[-112.40294647,627.82595825,969.07421875]
[-82.68997192,623.09642029,1001.73706055]
[-40.13605118,619.97039795,1019.10424805]
[-9.46450233,607.51429749,1033.67236328]
[64.80606842,580.30262756,944.10339355]
[89.38870239,552.61949158,920.51635742]
[120.43083954,552.46842957,1008.80834961]
[112.36460876,539.13626099,1038.74255371]
[115.40570068,540.01443481,1043.60388184]
[117.75572968,546.03178406,1053.53051758]
[120.62075806,550.52874756,1049.62426758]
[134.70970154,556.05711365,1037.16821289]
[137.29664612,556.49609375,1030.11987305]
[137.22674561,558.02978516,1030.57958984]
[148.09608459,576.54649353,1016.34020996]
[141.19190979,589.44537354,1011.30322266]
[115.87021637,600.35926819,1008.56274414]
[86.87683868,617.55392456,1010.08178711]
[82.087677,626.91142273,1023.28845215]
[95.94319916,635.4650116,1037.46289062]
[86.31985474,616.39575195,1011.4107666]
[89.65425873,609.8520813,1002.97143555]
[87.23835754,593.37194824,991.9552002]
[102.31400299,604.63002014,1030.86132812]
[110.66156006,619.77456665,1042.09570312]
[126.1782074,628.5657959,1047.6784668]
[160.66621399,627.55615234,1016.71740723]
[181.87043762,637.49545288,1008.05065918]
[207.30789185,617.02252197,966.67138672]
[230.43762207,613.17037964,951.07312012]
[250.18507385,598.08056641,936.76501465]
[265.39682007,591.47380066,935.14855957]
[281.04165649,573.33389282,916.96496582]
[312.53619385,560.16174316,889.12585449]
[328.11734009,554.10551453,887.20397949]
[334.4074707,554.07875061,888.84057617]
[332.48773193,554.05091858,884.06994629]
[335.75454712,550.94895935,871.40612793]
[343.74136353,554.82142639,853.19433594]
[342.57794189,555.66238403,845.07373047]
[341.6640625,556.88352966,841.21789551]
[343.87625122,561.37001038,840.12402344]
[341.51998901,565.08387756,842.73596191]
[338.60604858,568.74252319,847.56396484]
[331.03253174,567.65478516,856.38171387]
[320.43045044,566.08770752,863.78173828]
[316.25848389,566.31015015,875.40270996]
[281.51712036,567.02224731,893.62365723]
[259.90023804,562.75944519,929.63330078]
[207.22305298,554.81159973,964.74291992]
[102.0655899,569.23271179,941.85656738]
[22.43401909,545.15039062,832.5715332]
[-45.35514069,563.35861206,796.37268066]
[-121.57751465,591.85183716,973.47375488]
[-147.95925903,594.74139404,956.58947754]
[-189.55198669,603.21859741,868.30737305]
[-209.6655426,613.90359497,835.10217285]
[-227.31791687,623.46992493,811.81408691]
[-231.54624939,629.69923401,792.59118652]
[-224.71672058,623.29159546,791.91967773]
[-203.57922363,616.54478455,803.50878906]
[-197.34649658,614.27938843,803.14990234]
[-188.6391449,600.86775208,819.58081055]
[-183.2494812,590.81443787,828.80639648]
[-172.53198242,573.54403687,858.25708008]
[-170.71990967,565.09565735,883.21582031]
[-171.98522949,539.56585693,913.23608398]
[-175.92390442,530.03964233,920.69152832]
[-178.95515442,521.4972229,914.03015137]
[-183.91067505,526.88366699,904.20227051]
[-188.21305847,533.0501709,918.42272949]
[-186.28317261,543.44439697,933.85961914]
[-186.50796509,556.06842041,940.83813477]
[-189.5940094,564.78102112,937.48620605]
[-189.89546204,567.43405151,936.00952148]
[-204.79216003,582.23963928,910.45800781]
[-211.10189819,580.67152405,907.37316895]
[-215.90550232,576.86602783,896.02746582]
[-210.01130676,572.31796265,866.03796387]
[-208.03459167,570.75662231,832.45776367]
[-212.37875366,556.55477905,788.64953613]
[-227.29962158,544.71188354,729.44714355]
[-233.36920166,543.10964966,631.48852539]
[-235.3710022,539.81201172,566.52868652]
[-231.93881226,555.69847107,474.97265625]
[-232.94674683,568.12156677,399.69665527]
[-229.10707092,595.26324463,340.67724609]
[-229.08493042,605.80015564,310.53039551]
[-231.52935791,616.92144775,290.56774902]
[-232.32951355,612.29785156,275.8972168]
[-234.34257507,613.30046082,274.81359863]
[-241.19026184,603.36517334,280.38330078]
[-246.44119263,585.81469727,292.03503418]
[-257.51785278,567.23303223,304.73144531]
[-261.20718384,542.29495239,310.73181152]
[-265.83218384,534.77911377,296.96948242]
[-262.50411987,534.37689209,285.67993164]
[-261.72463989,536.58117676,263.71289062]
[-258.82421875,540.67529297,256.03771973]
[-259.63986206,536.85140991,265.88220215]
[-262.14846802,537.43756104,264.48718262]
[-263.57122803,535.92041016,268.56933594]
[-261.97781372,531.23803711,265.39819336]
[-261.25701904,530.70730591,261.24035645]
[-255.28016663,538.45367432,259.97973633]
[-255.68621826,539.53689575,263.78393555]
[-253.05679321,548.13061523,278.0144043]
[-249.47994995,539.84539795,288.39306641]
[-246.02882385,545.16409302,302.35925293]
[-242.19367981,544.82637024,321.30200195]
[-246.48608398,538.40844727,344.10791016]
[-245.49966431,532.60723877,364.08898926]
[-240.38777161,527.37573242,390.0222168]
[-238.92877197,528.03662109,421.41442871]
[-238.00790405,537.21786499,431.54174805]
[-240.00491333,570.60771179,411.25073242]
[-255.32322693,593.52864075,388.38171387]
[-277.29412842,653.39494324,342.92260742]
[-283.14190674,681.81999207,352.58752441]
[-263.98919678,711.73206329,351.77600098]
[-250.29647827,698.72959137,404.9987793]
[-236.97253418,662.45077515,477.02844238]
[-220.66506958,634.13847351,556.00622559]
[-211.38551331,604.35406494,654.20532227]
[-179.53781128,588.70874023,719.37207031]
[-165.26000977,578.55780029,798.77807617]
[-147.9250946,572.82124329,879.82250977]
[-140.5014801,576.53567505,944.92980957]
[-99.34237671,577.10119629,1029.20178223]
[-93.18315887,588.77514648,1089.12036133]
[-75.02794647,592.81455994,1140.91186523]
[-53.69556427,585.62791443,1180.78442383]
[-38.08957672,574.46264648,1205.74560547]
[-16.5893631,564.97073364,1227.15112305]
[-7.64668941,567.04512024,1239.44189453]
[-7.39186049,572.90722656,1243.2175293]
[-4.8048172,582.4513092,1245.34716797]
[-2.77176023,595.8513031,1228.39160156]
[-9.63762093,615.08695984,1191.07568359]
[-19.94916344,616.28927612,1152.2890625]
[-30.4267292,614.36317444,1109.44067383]
[-46.95015717,611.57540894,1064.65478516]
[-59.18505096,613.4785614,1000.24108887]
[-60.40664673,631.11427307,918.4074707]
[-52.71601105,656.54360962,848.17858887]
[-61.68913269,695.890625,796.0513916]
[-70.7299118,728.34272766,778.39013672]
[-58.37861633,833.60086823,696.79858398]
[-54.90174103,881.56891632,679.69250488]
[-47.94839096,961.64468384,669.11242676]
[-36.68240356,1073.12011719,676.16625977]
[-19.83774376,1124.7878418,699.35632324]
[-12.12964535,1122.94351196,703.08081055]
[-21.33682442,1097.91143799,674.90600586]
[-25.34770584,1014.16609192,702.28381348]
[-41.5985527,898.27796936,737.51574707]
[-57.82405472,796.1399436,851.7598877]
[-47.99502182,716.4883194,952.7857666]
[-37.93746948,671.54666138,1043.95861816]
[-31.9522686,633.61557007,1124.11743164]
[-20.12508011,616.16099548,1178.74853516]
[-20.36152458,580.07397461,1230.15917969]
[-20.6520443,569.11656189,1231.45825195]
[-19.17835045,557.7179718,1211.4699707]
[-25.82914352,554.65405273,1183.1706543]
[-47.52342987,547.07150269,1151.6328125]
[-55.76404953,545.7983551,1134.25390625]
[-56.22032166,535.72195435,1129.39794922]
[-65.83812714,515.40155029,1133.75439453]
[-69.05056763,510.95355225,1137.59008789]
[-80.87063599,501.26333618,1125.65063477]
[-82.4208374,480.95504761,1119.01049805]
[-79.88207245,459.96902466,1105.86767578]
[-63.29584885,449.40411377,1081.27246094]
[-50.95869446,406.20223999,1082.02197266]
[-45.76613617,403.31185913,1051.82495117]
[-37.31085205,400.18933105,1044.7845459]
[-33.92344666,398.68768311,1044.88916016]
[-32.25357056,401.27755737,1046.87573242]
[-34.39243317,402.97061157,1056.28564453]
[-32.61857605,411.56741333,1061.88427734]
[-34.85445786,409.71722412,1072.47680664]
[-32.86099243,420.14126587,1079.34716797]
[-40.68396378,440.05111694,1088.28222656]
[-43.56006622,461.84039307,1105.73242188]
[-41.97139359,504.74429321,1125.8684082]
[-59.60884094,545.2436676,1145.26074219]
[-63.99798584,592.53468323,1168.90966797]
[-67.56769562,651.53457642,1151.04223633]
[-87.36880493,703.97068787,1083.94360352]
[-106.88944244,722.39102936,1051.14990234]
[-142.69215393,809.07078362,946.73205566]
[-143.19218445,880.06924438,858.14672852]
[-159.39674377,940.39157104,793.89282227]
[-174.60653687,1005.49913025,739.0234375]
[-171.05358887,1050.383255,722.07189941]
[-148.35139465,1073.08148193,709.37939453]
[-144.84706116,1055.46733093,703.97900391]
[-135.99905396,1007.60453796,708.9621582]
[-136.31144714,917.80275726,711.4420166]
[-139.09313965,812.06381607,729.58776855]
[-144.99130249,752.16658783,745.76269531]
[-113.50592804,671.87619019,765.66259766]
[-79.61208344,602.12145996,790.0534668]
[-27.19582939,554.00175476,822.99291992]
[-10.19912052,545.80839539,823.29296875]
[5.23660803,545.69064331,821.6973877]
[4.84535837,539.71566772,830.56494141]
[-13.2951889,532.82525635,842.03808594]
[-17.24483109,537.61962891,851.91943359]
[-23.90084267,551.24890137,831.7121582]
[-29.12768364,553.66442871,816.4720459]
[-29.59532738,553.57284546,805.83813477]
[-29.67832375,556.9210968,803.24926758]
[-32.45947647,551.36801147,793.70373535]
[-32.763134,552.76309204,794.58898926]
[-26.25970078,555.82141113,782.05078125]
[-25.05144119,552.16259766,767.57885742]
[-17.04380608,556.18093872,742.77783203]
[-23.03731155,550.43016052,738.88134766]
[-26.57439804,542.41409302,731.40966797]
[-30.22843361,544.6907196,712.9510498]
[-48.45786285,531.22570801,635.91125488]
[-68.72877502,524.11502075,568.84912109]
[-119.79982758,524.4130249,494.18395996]
[-133.33630371,536.04644775,422.76074219]
[-166.28910828,569.26135254,350.20922852]
[-181.36177063,611.23498535,293.43823242]
[-201.8739624,652.45263672,249.49902344]
[-231.7713623,696.0734024,225.6361084]
[-258.80374146,742.60427475,213.28918457]
[-277.75808716,785.54977798,217.12670898]
[-302.48635864,825.900774,226.12841797]
[-307.89535522,849.92749405,227.48510742]
[-344.06387329,860.70242691,290.22351074]
[-360.63729858,865.49079895,327.82592773]
[-363.20571899,833.75932693,389.28186035]
[-361.73886108,817.77750206,457.85974121]
[-345.66421509,791.70799541,535.91137695]
[-312.93673706,748.84405899,602.3404541]
[-271.67022705,708.83392334,645.18835449]
[-230.96186829,663.2933197,684.57678223]
[-171.94198608,624.32319641,700.20812988]
[-98.58691406,578.12359619,701.33752441]
[-12.62727547,557.01704407,557.28808594]
[14.1033535,569.65432739,575.55957031]
[60.71922684,535.93667603,701.56652832]
[71.84857178,534.20465088,700.47058105]
[94.8021698,526.78158569,697.97424316]
[89.35367584,535.09277344,693.19628906]
[87.7467804,539.36230469,695.32226562]
[84.04863739,550.61022949,690.67407227]
[74.64528656,568.2224884,684.8347168]
[72.04176331,585.14160156,683.2121582]
[64.53643036,598.23622131,684.6862793]
[55.07451248,608.8432312,682.8939209]
[48.25403595,622.68251038,677.02099609]
[41.90840912,627.2011261,676.79138184]
[32.88742065,620.68704224,681.01245117]
[33.69216537,614.67726135,685.54528809]
[26.42848396,600.12889099,706.48779297]
[24.14091682,589.11027527,748.67321777]
[41.96023941,603.16665649,783.70507812]
[38.16475677,618.24079895,793.91589355]
[68.47405243,656.90812683,813.66748047]
[89.21871185,694.12146759,820.18811035]
[113.39431763,732.72961426,817.8260498]
[151.15138245,790.71845436,807.6706543]
[162.65193176,814.35452652,799.10107422]
[174.37342834,835.07582092,787.55822754]
[177.25236511,832.05723953,772.4831543]
[178.17930603,823.26984787,771.17785645]
[166.05183411,783.23373413,745.55004883]
[153.37356567,745.91616058,731.75683594]
[126.220047,699.05713654,708.36376953]
[93.73754883,654.05606079,693.45166016]
[56.95645523,612.64590454,674.54003906]
[5.43957186,570.35533142,672.91796875]
[-61.69611359,539.63528442,676.97338867]
[-126.78414917,522.21084595,668.61499023]
[-129.0905304,516.68414307,664.87878418]
[-129.39320374,510.55764771,668.32287598]
[-124.57523346,514.2454834,664.30029297]
[-135.73098755,531.96182251,652.50939941]
[-138.25941467,542.84918213,650.13537598]
[-138.72854614,568.91618347,647.46154785]
[-138.1643219,587.14138794,659.63635254]
[-135.89752197,599.48756409,675.1385498]
[-134.44090271,607.41914368,691.85900879]
[-136.08097839,612.27488708,704.08129883]
[-134.45410156,614.1394043,715.80773926]
[-135.83416748,616.1003418,724.60864258]
[-126.00335693,599.01480103,728.67431641]
[-119.237854,583.11878967,727.46337891]
[-109.70963287,570.69630432,718.87817383]
[-94.86814117,567.93518066,695.33276367]
[-87.63239288,576.58828735,669.03173828]
[-55.52270126,589.59242249,642.60742188]
[-34.98968506,617.39074707,612.03479004]
[-36.42466354,641.06394958,596.1776123]
[-42.63831329,681.16148376,573.85437012]
[-50.15174866,743.59465027,551.45617676]
[-75.23609924,797.28544044,581.08422852]
[-105.6663208,854.70935822,591.61132812]
[-121.05486298,879.14038086,610.60168457]
[-131.29243469,906.58308411,626.88830566]
[-118.03423309,903.12322235,620.51879883]
[-126.28662872,879.38027191,646.20324707]
[-133.77223206,789.84581184,715.78979492]
[-120.60561371,714.00390625,795.78356934]
[-99.15839386,657.91795349,881.33374023]
[-84.89629364,617.1529541,971.73278809]
[-57.89011765,587.51452637,1053.38696289]
[-32.16555786,571.43273926,1145.28540039]
[-15.88243294,576.34332275,1208.76538086]
[11.30853558,571.29696655,1261.86914062]
[23.1573143,568.33372498,1276.59936523]
[31.65958023,568.16317749,1272.10327148]
[37.11156845,568.30696106,1271.13330078]
[36.2790451,579.27629089,1268.30737305]
[44.30095291,583.73538208,1282.75048828]
[57.58567047,604.13201904,1305.34228516]
[59.90895462,609.56378174,1327.87719727]
[67.64491272,623.98921204,1358.20849609]
[73.26146698,630.11735535,1369.3425293]
[75.5820694,627.19578552,1385.11401367]
[76.42035675,626.89593506,1391.73461914]
[75.12310028,625.23573303,1387.02685547]
[73.90367889,624.6771698,1372.71264648]
[59.27106857,611.34661865,1347.69433594]
[48.41189194,609.13980103,1310.21582031]
[10.49880695,625.5650177,1257.19165039]
[-43.20742035,658.80116272,1189.03417969]
[-70.04059601,694.10189056,1144.9309082]
[-97.81015015,727.09572601,1135.1784668]
[-115.29494476,749.48871613,1125.36425781]
[-126.97457123,787.80684185,1098.29663086]
[-127.85726929,799.01396036,1104.68945312]
[-129.55540466,799.64468181,1103.63305664]
[-111.97799683,793.51444817,1099.19311523]
[-113.09273529,787.47003078,1097.04589844]
[-100.20970154,773.94613838,1093.14331055]
[-84.44836426,756.84017181,1093.23950195]
[-53.65912628,723.2514801,1092.59375]
[-20.62892914,683.45307159,1099.91625977]
[-15.62334633,657.90020752,1119.60473633]
[14.74568272,620.37615967,1140.23291016]
[44.59770584,588.073349,1173.69873047]
[57.96673965,572.55400085,1196.46533203]
[58.2689476,569.55270386,1203.25170898]
[50.41918945,565.54789734,1204.7578125]
[42.70125961,552.86560059,1199.14331055]
[36.27228546,544.00108337,1189.56396484]
[32.40709305,541.75585938,1175.2722168]
[18.33562851,540.37158203,1158.38647461]
[6.90613556,542.28225708,1149.06933594]
[-1.89248765,539.51858521,1133.74804688]
[-15.80116558,538.24850464,1115.58666992]
[-17.33651352,541.41525269,1093.89038086]
[-12.94945717,543.300354,1083.45581055]
[-12.23579216,542.03442383,1073.48339844]
[-18.00655937,528.89764404,1051.55395508]
[-33.28091812,532.40393066,1011.61022949]
[-54.15994263,533.53027344,951.15808105]
[-74.15979767,528.6892395,878.82226562]
[-85.50892639,527.25558472,802.98242188]
[-92.43999481,519.17910767,776.67712402]
[-80.47605896,537.20428467,686.35290527]
[-58.82082367,547.12593079,637.24316406]
[-42.50521469,558.06761169,615.86193848]
[8.82035446,572.51502991,571.50585938]
[8.4044714,573.15922546,554.81616211]
[9.20963287,572.31503296,537.84716797]
[0,0,0]
[0,0,0]
[0,0,0]
[0,0,0]
[0,0,0]
[0,0,0]
[0,0,0]
[0,0,0]
[0,0,0]
[0,0,0]
[0,0,0]
[0,0,0]
[0,0,0]
[0,0,0]
[0,0,0]
[0,0,0]
[0,0,0]
[0,0,0]
[0,0,0]
[0,0,0]
[0,0,0]
[0,0,0]
[0,0,0]
[0,0,0]
[0,0,0]
[0,0,0]
[0,0,0]
[0,0,0]
[0,0,0]
[0,0,0]
[0,0,0]
[0,0,0]
[0,0,0]
[0,0,0]
[0,0,0]
[0,0,0]
[0,0,0]
[0,0,0]
[0,0,0]
[0,0,0]
[0,0,0]
[0,0,0]
[0,0,0]
[0,0,0]
[0,0,0]
[0,0,0]
[0,0,0]
[0,0,0]
[0,0,0]
[0,0,0]
[0,0,0]
[0,0,0]
[0,0,0]
[0,0,0]
[0,0,0]
[0,0,0]
[0,0,0]
[0,0,0]
[0,0,0]
[0,0,0]
[0,0,0]
[0,0,0]
[0,0,0]
[0,0,0]
[0,0,0]
[0,0,0]
[0,0,0]
[0,0,0]
[0,0,0]
[0,0,0]
[0,0,0]
[0,0,0]
[0,0,0]
[0,0,0]
[0,0,0]
[0,0,0]
[0,0,0]
[0,0,0]
[0,0,0]
[0,0,0]
[0,0,0]
[0,0,0]
[0,0,0]
[0,0,0]
[0,0,0]
[0,0,0]
[0,0,0]
[0,0,0]
[0,0,0]
[0,0,0]
[0,0,0]
[0,0,0]
[0,0,0]
[0,0,0]
[0,0,0]
[0,0,0]
[0,0,0]
[0,0,0]
[0,0,0]
[0,0,0]
[0,0,0]
[0,0,0]
[0,0,0]
[0,0,0]
[0,0,0]
[0,0,0]
[0,0,0]
[0,0,0]
[0,0,0]
[0,0,0]
[0,0,0]
[0,0,0]
[0,0,0]
[0,0,0]
[0,0,0]
[0,0,0]
[0,0,0]
[0,0,0]
[0,0,0]
[0,0,0]
[0,0,0]
[0,0,0]
[0,0,0]
[0,0,0]
[0,0,0]
[0,0,0]
[0,0,0]
[0,0,0]
[0,0,0]
[0,0,0]
[0,0,0]
[0,0,0]
[0,0,0]
[0,0,0]
[0,0,0]
[0,0,0]
[0,0,0]
[0,0,0]
[0,0,0]
[0,0,0]
[0,0,0]
[0,0,0]
[0,0,0]
[0,0,0]
[0,0,0]
[0,0,0]
[0,0,0]
[0,0,0]
[0,0,0]
[0,0,0]
[0,0,0]
[0,0,0]
[0,0,0]
[0,0,0]
[0,0,0]
[0,0,0]
[0,0,0]
[0,0,0]
[0,0,0]
[0,0,0]
[0,0,0]
[0,0,0]
[0,0,0]
[0,0,0]
[0,0,0]
[0,0,0]
[0,0,0]
[0,0,0]
[0,0,0]
[0,0,0]
[0,0,0]
[0,0,0]
[0,0,0]
[0,0,0]
[0,0,0]
[0,0,0]
[0,0,0]
[0,0,0]
[0,0,0]
[0,0,0]
[0,0,0]
[0,0,0]
[0,0,0]
[0,0,0]
[0,0,0]
[0,0,0]
[0,0,0]
[0,0,0]
[0,0,0]
[0,0,0]
[0,0,0]
[0,0,0]
[0,0,0]
[0,0,0]
[0,0,0]
[0,0,0]
[0,0,0]
[0,0,0]
[0,0,0]
[0,0,0]
[0,0,0]
[0,0,0]
[0,0,0]
[0,0,0]
[0,0,0]
[0,0,0]
[0,0,0]
[0,0,0]
[0,0,0]
[0,0,0]
[0,0,0]
[0,0,0]
[0,0,0]
[0,0,0]
[0,0,0]
[0,0,0]
[0,0,0]
[0,0,0]
[0,0,0]
[0,0,0]
[0,0,0]
[0,0,0]
[0,0,0]
[0,0,0]
[0,0,0]
[0,0,0]
[0,0,0]
[0,0,0]
[0,0,0]
[0,0,0]
[0,0,0]
[0,0,0]
[0,0,0]
[0,0,0]
[0,0,0]
[0,0,0]
[0,0,0]
[0,0,0]
[0,0,0]
[0,0,0]
[0,0,0]
[0,0,0]
[0,0,0]
[0,0,0]
[0,0,0]
[0,0,0]
[0,0,0]
[0,0,0]
[0,0,0]
[0,0,0]
[0,0,0]
[0,0,0]
[0,0,0]
[0,0,0]
[0,0,0]
[0,0,0]
[0,0,0]
[0,0,0]
[0,0,0]
[0,0,0]
[0,0,0]
[0,0,0]
[0,0,0]
[0,0,0]
[0,0,0]
[0,0,0]
[0,0,0]
[0,0,0]
[0,0,0]
[0,0,0]
[0,0,0]
[0,0,0]
[0,0,0]
[0,0,0]
[0,0,0]
[0,0,0]
[0,0,0]
[0,0,0]
[0,0,0]
[0,0,0]
[0,0,0]
[0,0,0]
[0,0,0]
[0,0,0]
[0,0,0]
[0,0,0]
[0,0,0]
[0,0,0]
[0,0,0]
[0,0,0]
[0,0,0]
[0,0,0]
[0,0,0]
[0,0,0]
[0,0,0]
[0,0,0]
[0,0,0]
[0,0,0]
[0,0,0]
[0,0,0]
[0,0,0]
[0,0,0]
[0,0,0]
[0,0,0]
[0,0,0]
[0,0,0]
[0,0,0]
[0,0,0]
[0,0,0]
[0,0,0]
[0,0,0]
[0,0,0]
[0,0,0]
[0,0,0]
[0,0,0]
[0,0,0]
[0,0,0]
[0,0,0]
[0,0,0]
[0,0,0]
[0,0,0]
[0,0,0]
[0,0,0]
[0,0,0]
[0,0,0]
[0,0,0]
[0,0,0]
[0,0,0]
[0,0,0]
[0,0,0]
[0,0,0]
[0,0,0]
[0,0,0]
[0,0,0]
[0,0,0]
[0,0,0]
[0,0,0]
[0,0,0]
[0,0,0]
[0,0,0]
[0,0,0]
[0,0,0]
[0,0,0]
[0,0,0]
[0,0,0]
[0,0,0]
[0,0,0]
[0,0,0]
[0,0,0]
[0,0,0]
[0,0,0]
[0,0,0]
[0,0,0]
[0,0,0]
[0,0,0]
[0,0,0]
[0,0,0]
[0,0,0]
[0,0,0]
[0,0,0]
[0,0,0]
[0,0,0]
[0,0,0]
[0,0,0]
[0,0,0]
[0,0,0]
[0,0,0]
[0,0,0]
[0,0,0]
[0,0,0]
[0,0,0]
[0,0,0]
[0,0,0]
[0,0,0]
[0,0,0]
[0,0,0]
[0,0,0]
[0,0,0]
[0,0,0]
[0,0,0]
[0,0,0]
[0,0,0]
[0,0,0]
[0,0,0]
[0,0,0]
[0,0,0]
[0,0,0]
[0,0,0]
[0,0,0]
[0,0,0]
[0,0,0]
[0,0,0]
[0,0,0]
[0,0,0]
[0,0,0]
[0,0,0]
[0,0,0]
[0,0,0]
[0,0,0]
[0,0,0]
[0,0,0]
[0,0,0]
[0,0,0]
[0,0,0]
[0,0,0]
[0,0,0]
[0,0,0]
[0,0,0]
[0,0,0]
[0,0,0]
[0,0,0]
[0,0,0]
[0,0,0]
[0,0,0]
[0,0,0]
[0,0,0]
[0,0,0]
[0,0,0]
[0,0,0]
[0,0,0]
[0,0,0]
[0,0,0]
[0,0,0]
[0,0,0]
[0,0,0]
[0,0,0]
[0,0,0]
[0,0,0]
[0,0,0]
[0,0,0]
[0,0,0]
[0,0,0]
[0,0,0]
[0,0,0]
[0,0,0]
[0,0,0]
[0,0,0]
[0,0,0]
[0,0,0]
[0,0,0]
[0,0,0]
[0,0,0]
[0,0,0]
[0,0,0]
[0,0,0]
[0,0,0]
[0,0,0]
[0,0,0]
[0,0,0]
[0,0,0]
[0,0,0]
[0,0,0]
