452
30
[-50.24010467529297, 598.9053344726562, 2242.8466796875]
[-49.52041244506836, 603.9525146484375, 2246.152587890625]
[-49.25797653198242, 604.1959838867188, 2246.9296875]
[-51.10819625854492, 605.6375122070312, 2247.22509765625]
[-53.9748649597168, 609.4839477539062, 2248.971923828125]
[-53.075870513916016, 607.8991088867188, 2251.210693359375]
[-53.15555953979492, 608.2981567382812, 2251.209228515625]
[-52.61248779296875, 608.1551513671875, 2253.648193359375]
[-51.36760330200195, 609.0758056640625, 2250.865478515625]
[-49.4225959777832, 608.91748046875, 2248.58837890625]
[-49.177677154541016, 608.3226318359375, 2250.484619140625]
[-47.6082649230957, 610.6244506835938, 2247.017822265625]
[-48.00287628173828, 609.8671875, 2246.48876953125]
[-48.123321533203125, 610.2921752929688, 2247.4951171875]
[-46.83869934082031, 608.2711181640625, 2247.7724609375]
[-47.08193588256836, 608.9708862304688, 2246.69140625]
[-47.79765701293945, 609.45166015625, 2245.62060546875]
[-47.89311599731445, 607.985107421875, 2246.857421875]
[-48.00078582763672, 608.4464111328125, 2244.933349609375]
[-43.84954833984375, 605.3233642578125, 2244.137451171875]
[-42.106201171875, 600.8001098632812, 2249.4033203125]
[-41.68975830078125, 600.5226440429688, 2243.14990234375]
[-41.48411560058594, 598.3380126953125, 2241.19091796875]
[-42.012393951416016, 597.451904296875, 2241.135986328125]
[-41.95037078857422, 598.748779296875, 2241.091796875]
[-41.445831298828125, 597.2998046875, 2245.152099609375]
[-42.313262939453125, 595.9446411132812, 2242.907470703125]
[-42.64568328857422, 596.3854370117188, 2243.431640625]
[-42.80310821533203, 595.939697265625, 2242.7802734375]
[-41.09690856933594, 596.6218872070312, 2243.251220703125]
[-41.198978424072266, 595.91064453125, 2243.28759765625]
[-41.61554718017578, 596.0256958007812, 2242.676025390625]
[-41.9765739440918, 596.0596313476562, 2242.276611328125]
[-41.47734832763672, 594.959228515625, 2246.29296875]
[-42.416709899902344, 595.5634155273438, 2237.930908203125]
[-41.711448669433594, 585.1572265625, 2226.124755859375]
[-42.05483627319336, 585.2811279296875, 2225.71484375]
[-55.27661895751953, 560.65087890625, 2188.25830078125]
[-65.72318267822266, 528.0859375, 2146.416259765625]
[-72.65703582763672, 514.4771118164062, 2116.0791015625]
[-83.56431579589844, 502.1895751953125, 2083.1962890625]
[-104.03680419921875, 496.6330261230469, 2049.734375]
[-124.88758087158203, 491.3364562988281, 2028.901123046875]
[-150.1656494140625, 485.4894714355469, 2010.917236328125]
[-161.82366943359375, 488.71826171875, 2011.679931640625]
[-175.1297149658203, 499.71051025390625, 2024.7900390625]
[-179.05807495117188, 507.64520263671875, 2041.889404296875]
[-188.77552795410156, 530.7379760742188, 2064.183349609375]
[-189.08929443359375, 547.654052734375, 2093.310546875]
[-184.6246337890625, 558.6791381835938, 2111.016845703125]
[-180.3975830078125, 584.9757080078125, 2126.872802734375]
[-180.80242919921875, 591.791259765625, 2140.154296875]
[-182.98388671875, 611.4990844726562, 2152.706298828125]
[-186.8949737548828, 602.9974365234375, 2146.95849609375]
[-185.80740356445312, 598.0906372070312, 2143.022216796875]
[-188.85116577148438, 597.1927490234375, 2139.124755859375]
[-189.544921875, 591.502197265625, 2137.78857421875]
[-189.54942321777344, 590.046875, 2139.191162109375]
[-189.62278747558594, 578.9216918945312, 2136.093017578125]
[-189.20640563964844, 577.8378295898438, 2137.771484375]
[-187.97052001953125, 584.4754028320312, 2135.652587890625]
[-187.6448974609375, 586.4422607421875, 2132.48193359375]
[-189.06639099121094, 588.6906127929688, 2136.127197265625]
[-191.03224182128906, 590.3357543945312, 2127.89794921875]
[-186.6603546142578, 587.8460693359375, 2123.578857421875]
[-183.99681091308594, 578.9910888671875, 2113.6533203125]
[-183.71243286132812, 578.7239990234375, 2107.103515625]
[-181.1484375, 566.8294067382812, 2092.83984375]
[-181.7194366455078, 554.002197265625, 2072.689697265625]
[-182.88790893554688, 548.5408325195312, 2051.13916015625]
[-184.66029357910156, 535.58203125, 2009.072509765625]
[-177.2486572265625, 532.6570434570312, 1984.925537109375]
[-153.95953369140625, 523.6285400390625, 1974.790283203125]
[-143.2873077392578, 522.7828369140625, 1975.4969482421875]
[-114.9473648071289, 522.0687866210938, 1972.506591796875]
[-96.17279815673828, 528.26318359375, 1975.240478515625]
[-81.60575103759766, 535.1353149414062, 1990.9910888671875]
[-38.929229736328125, 552.96728515625, 1997.7501220703125]
[-0.18295645713806152, 550.2129516601562, 2022.33740234375]
[56.82322311401367, 536.1036987304688, 2038.3760986328125]
[100.74227905273438, 538.47265625, 2060.43115234375]
[142.831298828125, 536.6132202148438, 2069.615234375]
[186.7565460205078, 542.3177490234375, 2080.759765625]
[234.63577270507812, 558.0504150390625, 2074.418701171875]
[263.9563293457031, 590.9873046875, 2081.5146484375]
[273.4510192871094, 617.30908203125, 2102.798583984375]
[270.4812316894531, 636.9707641601562, 2081.080322265625]
[260.7016906738281, 636.439208984375, 2070.582763671875]
[272.969970703125, 625.2728881835938, 2054.66259765625]
[276.5351257324219, 622.5682373046875, 2052.50927734375]
[266.75726318359375, 622.4802856445312, 2047.8997802734375]
[261.3653564453125, 629.6002197265625, 2056.417724609375]
[262.7694091796875, 630.6568603515625, 2058.889404296875]
[256.6860656738281, 616.2227172851562, 2058.614501953125]
[252.43544006347656, 604.3128051757812, 2058.884521484375]
[244.11058044433594, 591.8214111328125, 2056.452392578125]
[240.66348266601562, 563.573486328125, 2051.78466796875]
[223.762451171875, 559.108642578125, 2045.8504638671875]
[201.6445770263672, 558.072509765625, 2031.1947021484375]
[195.68032836914062, 576.7888793945312, 2017.2867431640625]
[194.47662353515625, 580.2655029296875, 2000.670166015625]
[197.2944793701172, 593.9434814453125, 1997.406982421875]
[193.20372009277344, 589.59375, 2003.4351806640625]
[190.74737548828125, 576.7299194335938, 2003.6611328125]
[180.10345458984375, 571.7999877929688, 1992.681640625]
[187.57174682617188, 578.9230346679688, 1987.94873046875]
[220.29840087890625, 568.5349731445312, 1951.5098876953125]
[257.9271545410156, 593.8721923828125, 1930.0684814453125]
[294.4059143066406, 594.783203125, 1905.0418701171875]
[336.6918640136719, 605.7701416015625, 1867.53466796875]
[349.65472412109375, 608.4672241210938, 1851.5181884765625]
[349.9507751464844, 621.4976806640625, 1824.1260986328125]
[350.14837646484375, 637.105224609375, 1809.7252197265625]
[350.76690673828125, 639.256103515625, 1810.789794921875]
[351.2348327636719, 643.6065673828125, 1805.506103515625]
[349.54461669921875, 646.5808715820312, 1807.009765625]
[349.8745422363281, 652.4197998046875, 1804.4039306640625]
[347.2711486816406, 649.3826904296875, 1809.417724609375]
[347.51422119140625, 650.1122436523438, 1809.8868408203125]
[347.2750244140625, 648.3416137695312, 1806.62646484375]
[353.4617614746094, 645.0009155273438, 1802.454833984375]
[353.8008728027344, 640.956298828125, 1796.498779296875]
[356.6889953613281, 637.7152099609375, 1798.1453857421875]
[360.65753173828125, 634.581787109375, 1798.6580810546875]
[362.6416931152344, 634.6806030273438, 1803.3565673828125]
[367.7275085449219, 634.6565551757812, 1812.7933349609375]
[377.1993103027344, 626.402587890625, 1828.736572265625]
[377.2506408691406, 621.291748046875, 1839.6058349609375]
[380.97412109375, 609.6171264648438, 1873.4373779296875]
[353.4571533203125, 546.0974731445312, 1942.801513671875]
[301.0362854003906, 509.7662658691406, 1979.4776611328125]
[264.7904968261719, 458.87799072265625, 1907.84326171875]
[222.76889038085938, 408.938720703125, 1927.2698974609375]
[202.70306396484375, 392.3551940917969, 1932.603271484375]
[31.410634994506836, 374.4303283691406, 2147.0224609375]
[-27.030452728271484, 371.2920837402344, 2138.4560546875]
[-76.4830093383789, 383.9075622558594, 2125.443603515625]
[-115.81246948242188, 401.27947998046875, 2111.795654296875]
[-156.84056091308594, 453.86016845703125, 2094.407470703125]
[-168.3596649169922, 495.75537109375, 2074.5126953125]
[-162.51231384277344, 510.8887023925781, 2056.90380859375]
[-144.8228302001953, 534.3539428710938, 2056.49755859375]
[-135.1155242919922, 535.7716064453125, 2073.990966796875]
[-126.7925033569336, 549.0652465820312, 2105.478271484375]
[-129.82305908203125, 558.3737182617188, 2120.142333984375]
[-131.55496215820312, 590.8434448242188, 2139.6357421875]
[-131.0165252685547, 605.4691772460938, 2138.16357421875]
[-128.26878356933594, 607.5068969726562, 2145.819091796875]
[-139.52967834472656, 593.7398681640625, 2148.859130859375]
[-144.51043701171875, 599.2760620117188, 2149.952880859375]
[-149.51083374023438, 597.0553588867188, 2156.92626953125]
[-156.11654663085938, 592.2110595703125, 2150.773193359375]
[-153.9872283935547, 579.1160888671875, 2148.829833984375]
[-157.44589233398438, 576.335693359375, 2155.877197265625]
[-143.21583557128906, 542.183349609375, 2138.148193359375]
[-145.64581298828125, 546.4288330078125, 2136.427978515625]
[-149.16395568847656, 550.3136596679688, 2128.9892578125]
[-153.7670135498047, 529.033203125, 2136.1201171875]
[-151.88401794433594, 528.2232055664062, 2102.88525390625]
[-153.5563201904297, 535.171875, 2069.39111328125]
[-180.76089477539062, 537.8924560546875, 2018.1732177734375]
[-197.857666015625, 513.4198608398438, 1944.9459228515625]
[-214.58384704589844, 490.077880859375, 1899.1400146484375]
[-233.96058654785156, 464.8121643066406, 1811.0078125]
[-246.07521057128906, 448.2676086425781, 1736.1788330078125]
[-248.3107452392578, 449.9778747558594, 1657.8497314453125]
[-259.638427734375, 480.5318603515625, 1595.3072509765625]
[-263.2890625, 512.5624389648438, 1524.080810546875]
[-270.76910400390625, 540.6666259765625, 1467.0179443359375]
[-269.44012451171875, 560.9163818359375, 1414.9083251953125]
[-262.7173767089844, 575.7745361328125, 1400.8372802734375]
[-266.9150085449219, 590.30810546875, 1412.375244140625]
[-254.5147247314453, 605.7161254882812, 1436.1512451171875]
[-254.10842895507812, 627.787109375, 1436.05517578125]
[-247.98941040039062, 621.779296875, 1439.1494140625]
[-251.42881774902344, 623.83642578125, 1426.572021484375]
[-254.7362518310547, 618.8204345703125, 1423.6214599609375]
[-254.14163208007812, 618.365478515625, 1406.560791015625]
[-253.55258178710938, 628.0667724609375, 1401.914306640625]
[-250.16746520996094, 620.13134765625, 1417.35546875]
[-249.7834014892578, 634.8853149414062, 1390.0400390625]
[-246.0042724609375, 640.544921875, 1379.658935546875]
[-243.86355590820312, 645.5057983398438, 1374.6317138671875]
[-245.91549682617188, 634.7321166992188, 1369.4700927734375]
[-241.619384765625, 630.4224853515625, 1376.9609375]
[-243.84510803222656, 621.215087890625, 1374.8973388671875]
[-231.92918395996094, 635.9420776367188, 1400.63525390625]
[-221.53958129882812, 627.959716796875, 1416.5516357421875]
[-240.54734802246094, 633.7332763671875, 1411.7923583984375]
[-242.72042846679688, 643.8009643554688, 1412.4920654296875]
[-247.1032257080078, 651.6284790039062, 1412.027099609375]
[-248.10659790039062, 663.9759521484375, 1416.078369140625]
[-249.83145141601562, 672.9483642578125, 1412.461669921875]
[-255.4075164794922, 659.1128540039062, 1409.57421875]
[-238.7688446044922, 621.6451416015625, 1436.9256591796875]
[-237.5150604248047, 593.2584838867188, 1460.9417724609375]
[-228.61474609375, 478.86468505859375, 1547.6270751953125]
[-213.75634765625, 386.16552734375, 1629.691162109375]
[-184.68922424316406, 268.3612060546875, 1692.9293212890625]
[-169.76901245117188, 213.65982055664062, 1773.281982421875]
[-144.82725524902344, 197.7205352783203, 1859.32275390625]
[-142.06666564941406, 234.29225158691406, 1942.636962890625]
[-107.09407043457031, 275.6290283203125, 2035.1217041015625]
[-118.15137481689453, 329.9411315917969, 2102.289306640625]
[-97.89956665039062, 353.5430603027344, 2178.41455078125]
[-62.08445739746094, 435.59222412109375, 2219.121337890625]
[-69.46583557128906, 446.7619934082031, 2274.647705078125]
[-22.614986419677734, 450.2735595703125, 2353.236572265625]
[-5.590409278869629, 457.00262451171875, 2394.743408203125]
[26.9410457611084, 468.0554504394531, 2423.34716796875]
[43.59009552001953, 481.7031555175781, 2461.62353515625]
[67.10932922363281, 501.6158752441406, 2469.575927734375]
[67.53858184814453, 538.15966796875, 2470.776123046875]
[70.4225082397461, 550.8778076171875, 2478.418212890625]
[67.2337646484375, 546.9612426757812, 2483.317626953125]
[63.35740661621094, 547.9227294921875, 2482.7822265625]
[62.62022399902344, 541.7542724609375, 2459.762451171875]
[47.624637603759766, 515.3695678710938, 2426.25537109375]
[39.91672134399414, 509.0177001953125, 2401.630615234375]
[34.64305877685547, 507.8444519042969, 2363.58740234375]
[25.521743774414062, 502.7666015625, 2324.421142578125]
[19.784481048583984, 478.2273864746094, 2283.872802734375]
[22.324844360351562, 431.89752197265625, 2217.92138671875]
[29.650039672851562, 393.8789367675781, 2147.923828125]
[34.43431091308594, 368.57177734375, 2078.755126953125]
[45.26701736450195, 363.2701416015625, 2018.6572265625]
[47.6308479309082, 269.9310607910156, 1928.751953125]
[57.18666458129883, 220.6898651123047, 1909.6806640625]
[36.61112594604492, 132.73190307617188, 1918.173095703125]
[30.75786018371582, 61.62577819824219, 1879.3199462890625]
[36.4146614074707, 30.993730545043945, 1876.0673828125]
[41.75469970703125, 27.364879608154297, 1894.666015625]
[33.18048858642578, 27.673452377319336, 1915.26318359375]
[9.319405555725098, 107.0233154296875, 1956.596435546875]
[-1.530203938484192, 193.36058044433594, 2031.9554443359375]
[-8.998282432556152, 302.26043701171875, 2138.904541015625]
[-13.324979782104492, 389.9892883300781, 2236.46435546875]
[-4.036229133605957, 439.77496337890625, 2318.35302734375]
[0.9647458791732788, 489.6358337402344, 2387.11328125]
[6.0484466552734375, 499.4112854003906, 2448.066650390625]
[34.48588180541992, 534.3386840820312, 2493.029296875]
[39.44606018066406, 531.6431274414062, 2497.543212890625]
[38.914337158203125, 529.8818969726562, 2490.83349609375]
[34.44329071044922, 524.3623046875, 2465.219482421875]
[24.759105682373047, 517.480224609375, 2446.21240234375]
[14.64220142364502, 510.2987365722656, 2433.06982421875]
[8.692852973937988, 509.0219421386719, 2433.46435546875]
[5.34080696105957, 522.7857055664062, 2441.115478515625]
[17.947635650634766, 522.6216430664062, 2433.6025390625]
[5.541667461395264, 519.56103515625, 2420.800537109375]
[-5.376331329345703, 529.490966796875, 2421.59326171875]
[-5.024857997894287, 527.6444702148438, 2420.681640625]
[9.296610832214355, 520.4703369140625, 2404.01904296875]
[15.369698524475098, 533.9871826171875, 2428.1826171875]
[14.269299507141113, 514.7750244140625, 2406.911865234375]
[15.475298881530762, 506.16650390625, 2404.782958984375]
[7.386550426483154, 509.9247741699219, 2409.191650390625]
[21.98383903503418, 526.612060546875, 2401.6572265625]
[17.94154167175293, 528.42138671875, 2415.45068359375]
[22.300365447998047, 523.9581909179688, 2420.84423828125]
[22.16652488708496, 527.398681640625, 2433.96826171875]
[19.938573837280273, 526.9168701171875, 2438.107666015625]
[25.17905044555664, 522.33349609375, 2447.979736328125]
[26.808269500732422, 517.8433837890625, 2465.296875]
[17.1269588470459, 520.7243041992188, 2464.30615234375]
[-3.6399178504943848, 525.5260009765625, 2458.789306640625]
[-8.04973030090332, 517.6834106445312, 2444.861083984375]
[-8.679065704345703, 470.8214111328125, 2401.36669921875]
[20.033859252929688, 373.7371826171875, 2374.014892578125]
[39.4039306640625, 307.199951171875, 2369.166748046875]
[61.25889587402344, 162.63629150390625, 2269.02197265625]
[60.80001449584961, 50.10371017456055, 2199.59228515625]
[36.85750198364258, -0.5667656660079956, 2136.909912109375]
[24.441852569580078, -40.39718246459961, 2063.6767578125]
[10.139986991882324, -15.386685371398926, 2009.5960693359375]
[-11.521324157714844, 21.21463394165039, 1947.093994140625]
[-23.814634323120117, 74.65097045898438, 1891.306884765625]
[-30.658557891845703, 147.43359375, 1846.0220947265625]
[-50.30378723144531, 254.23812866210938, 1813.4696044921875]
[-55.18838882446289, 365.4315490722656, 1805.607666015625]
[-35.192115783691406, 416.02972412109375, 1827.4931640625]
[-21.9659423828125, 500.0697937011719, 1870.3638916015625]
[-10.442614555358887, 567.3612060546875, 1935.0938720703125]
[-3.9572231769561768, 617.603515625, 1983.974853515625]
[16.22722625732422, 621.8260498046875, 1987.277099609375]
[15.68303108215332, 624.110107421875, 1983.6290283203125]
[13.017440795898438, 630.9578247070312, 1999.3133544921875]
[11.301016807556152, 638.3577880859375, 2005.56591796875]
[10.9740629196167, 633.7579345703125, 2008.564697265625]
[11.467596054077148, 610.2335205078125, 2001.080078125]
[9.539268493652344, 602.5818481445312, 1984.5802001953125]
[8.871234893798828, 602.0107421875, 1975.871337890625]
[9.65690803527832, 598.2247314453125, 1973.468017578125]
[6.645083427429199, 600.9550170898438, 1980.6219482421875]
[6.596367835998535, 601.8246459960938, 1979.5235595703125]
[13.574342727661133, 595.1607055664062, 1970.7403564453125]
[21.355417251586914, 579.3386840820312, 1985.735595703125]
[17.3568172454834, 569.0510864257812, 1968.795654296875]
[19.03964614868164, 581.2880859375, 1961.6893310546875]
[22.095380783081055, 587.3568725585938, 1965.3314208984375]
[18.83214569091797, 583.4537963867188, 1949.8408203125]
[12.974590301513672, 555.843017578125, 1919.750732421875]
[5.362987518310547, 538.7953491210938, 1871.7542724609375]
[13.807036399841309, 515.86328125, 1796.1741943359375]
[5.276203155517578, 500.805908203125, 1723.1815185546875]
[-0.9421110153198242, 481.770751953125, 1615.0540771484375]
[-2.7487874031066895, 463.0582275390625, 1517.9658203125]
[-6.716728210449219, 448.12982177734375, 1424.1353759765625]
[-8.439153671264648, 408.7808837890625, 1351.7548828125]
[-16.104429244995117, 357.3721618652344, 1311.74169921875]
[-30.794307708740234, 312.28497314453125, 1309.755126953125]
[-48.19709014892578, 256.6112976074219, 1335.5849609375]
[-204.43556213378906, 312.1927795410156, 1349.1556396484375]
[-284.00732421875, 323.5022277832031, 1373.11865234375]
[-70.67713165283203, 180.87094116210938, 1459.171875]
[-217.11441040039062, 325.203857421875, 1495.5418701171875]
[-90.7630615234375, 259.0683288574219, 1551.3629150390625]
[-89.97979736328125, 302.85601806640625, 1601.944580078125]
[-64.59761810302734, 354.57421875, 1655.383544921875]
[-33.539161682128906, 402.39276123046875, 1700.0999755859375]
[18.06965446472168, 452.8490905761719, 1723.656005859375]
[80.48768615722656, 490.1925964355469, 1735.283935546875]
[170.43063354492188, 534.7523803710938, 1700.554931640625]
[211.96409606933594, 512.5718383789062, 1756.7867431640625]
[210.26856994628906, 532.3089599609375, 1732.0635986328125]
[255.19024658203125, 624.103515625, 1728.811767578125]
[242.84934997558594, 634.15087890625, 1734.1524658203125]
[260.5301818847656, 644.7318725585938, 1711.9794921875]
[258.0545959472656, 632.5604858398438, 1718.8671875]
[257.5046081542969, 630.5545654296875, 1720.4630126953125]
[257.0235290527344, 621.5997314453125, 1725.5882568359375]
[255.36990356445312, 603.3560180664062, 1727.3824462890625]
[246.1996307373047, 586.2841186523438, 1730.94287109375]
[238.29776000976562, 577.4996337890625, 1734.52587890625]
[225.30833435058594, 565.6564331054688, 1732.1627197265625]
[207.3217010498047, 555.0673217773438, 1720.822021484375]
[197.2772674560547, 552.8173828125, 1708.6483154296875]
[187.32440185546875, 556.8351440429688, 1695.697998046875]
[184.0855255126953, 555.4645385742188, 1687.6551513671875]
[179.7185821533203, 572.22216796875, 1686.75634765625]
[162.04165649414062, 593.486328125, 1683.723388671875]
[110.78421783447266, 595.25732421875, 1692.43408203125]
[58.15858459472656, 581.4014892578125, 1708.3177490234375]
[-32.0821418762207, 523.9114990234375, 1704.0672607421875]
[-106.20896911621094, 444.01806640625, 1697.990234375]
[-146.39022827148438, 356.03070068359375, 1679.72607421875]
[-139.70533752441406, 256.5391540527344, 1661.383544921875]
[-137.06898498535156, 212.76641845703125, 1639.2008056640625]
[-129.6542510986328, 190.43447875976562, 1628.896484375]
[-133.03648376464844, 196.82391357421875, 1643.4412841796875]
[-124.07635498046875, 219.82809448242188, 1653.9591064453125]
[-122.39784240722656, 286.9120178222656, 1698.7572021484375]
[-131.77684020996094, 332.9298400878906, 1723.4852294921875]
[-151.92332458496094, 388.3506774902344, 1739.12109375]
[-167.3704071044922, 443.0015869140625, 1746.073486328125]
[-191.36793518066406, 490.99652099609375, 1745.5784912109375]
[-223.11495971679688, 555.0623779296875, 1736.1949462890625]
[-268.0733337402344, 605.7662963867188, 1715.1810302734375]
[-299.4671325683594, 633.045654296875, 1720.2078857421875]
[-322.0003967285156, 629.8002319335938, 1733.7591552734375]
[-329.45263671875, 633.7688598632812, 1736.878173828125]
[-326.1239013671875, 629.1356201171875, 1740.518310546875]
[-314.3312072753906, 619.8172607421875, 1737.9459228515625]
[-313.50982666015625, 611.8241577148438, 1738.4874267578125]
[-296.53875732421875, 591.9263305664062, 1733.7711181640625]
[-282.0928039550781, 580.1575317382812, 1737.9332275390625]
[-279.29766845703125, 569.103271484375, 1741.8956298828125]
[-271.8822937011719, 563.7744750976562, 1747.5316162109375]
[-271.0780029296875, 562.2247924804688, 1758.18359375]
[-267.7220153808594, 560.9683837890625, 1765.232666015625]
[-261.4870300292969, 557.9181518554688, 1779.7427978515625]
[-261.2085876464844, 574.2828979492188, 1793.911865234375]
[-264.6871337890625, 584.0692749023438, 1802.4786376953125]
[-271.5813903808594, 588.356201171875, 1799.2127685546875]
[-259.8287048339844, 579.6437377929688, 1798.165283203125]
[-240.75717163085938, 563.21826171875, 1809.797119140625]
[-192.75039672851562, 532.8160400390625, 1830.232177734375]
[-117.62879180908203, 491.45574951171875, 1854.3770751953125]
[-55.95464324951172, 430.25274658203125, 1896.31494140625]
[8.215106964111328, 338.3599853515625, 1912.558349609375]
[39.33294677734375, 243.07415771484375, 1903.5618896484375]
[56.129798889160156, 189.52420043945312, 1910.613037109375]
[55.33585739135742, 146.44590759277344, 1904.3885498046875]
[48.308319091796875, 134.88845825195312, 1905.7147216796875]
[35.4724235534668, 131.32489013671875, 1902.9168701171875]
[17.77219009399414, 138.06182861328125, 1910.6124267578125]
[17.65155792236328, 156.56932067871094, 1936.2242431640625]
[18.98457145690918, 232.35733032226562, 2013.080322265625]
[28.608760833740234, 301.0268249511719, 2105.072998046875]
[38.06821823120117, 363.8919677734375, 2197.593505859375]
[47.47895812988281, 418.561279296875, 2283.20556640625]
[47.20856857299805, 470.5466003417969, 2358.095703125]
[71.09024047851562, 508.04412841796875, 2431.078125]
[85.62416076660156, 519.862060546875, 2470.718017578125]
[107.66783142089844, 552.9755249023438, 2489.317626953125]
[111.52112579345703, 553.1323852539062, 2500.752197265625]
[109.67282104492188, 548.226806640625, 2500.895263671875]
[109.48516082763672, 545.9778442382812, 2497.100341796875]
[114.59994506835938, 533.8935546875, 2492.94189453125]
[115.60383605957031, 537.0475463867188, 2500.504638671875]
[111.33861541748047, 532.603515625, 2503.526123046875]
[110.68524932861328, 536.4778442382812, 2513.267333984375]
[110.55192565917969, 535.8569946289062, 2515.518798828125]
[110.35595703125, 533.9364624023438, 2519.570068359375]
[106.18140411376953, 544.4589233398438, 2524.23779296875]
[101.86241912841797, 548.7554321289062, 2528.490478515625]
[103.33269500732422, 548.6874389648438, 2526.795654296875]
[103.0367202758789, 543.89990234375, 2523.26513671875]
[106.20187377929688, 550.5696411132812, 2514.90380859375]
[95.50386047363281, 542.77099609375, 2493.673095703125]
[94.79979705810547, 509.4641418457031, 2450.233642578125]
[83.86479187011719, 447.186279296875, 2403.008544921875]
[103.55472564697266, 377.2685852050781, 2367.65673828125]
[136.4430694580078, 318.39013671875, 2332.79248046875]
[167.79623413085938, 263.5063171386719, 2288.718994140625]
[177.67019653320312, 215.30943298339844, 2249.00830078125]
[182.43849182128906, 213.2230682373047, 2221.068115234375]
[181.4457550048828, 230.43853759765625, 2189.54296875]
[184.67477416992188, 253.8279266357422, 2185.451416015625]
[195.15155029296875, 258.4226989746094, 2157.108642578125]
[177.54827880859375, 306.85906982421875, 2150.183837890625]
[153.61544799804688, 358.2711181640625, 2156.6220703125]
[126.89262390136719, 420.9601135253906, 2172.598876953125]
[100.98754119873047, 479.5508728027344, 2201.60546875]
[87.16105651855469, 507.95782470703125, 2223.18701171875]
[76.03678131103516, 548.8263549804688, 2266.846435546875]
[84.4843521118164, 583.296142578125, 2301.2880859375]
[101.4911117553711, 602.6692504882812, 2315.946533203125]
[96.90614318847656, 608.4963989257812, 2311.98486328125]
[98.9570083618164, 610.7984619140625, 2312.268310546875]
[95.87181091308594, 621.5823974609375, 2315.678466796875]
[98.3563461303711, 627.3388671875, 2313.23828125]
[96.8613052368164, 623.1306762695312, 2309.65185546875]
[88.07867431640625, 617.1312866210938, 2308.672607421875]
[78.67279052734375, 612.7557983398438, 2297.802734375]
[84.01473236083984, 606.8818969726562, 2297.7490234375]
[76.38715362548828, 600.1571655273438, 2299.15673828125]
[56.6492919921875, 571.1842651367188, 2323.912109375]
[41.48086929321289, 576.1017456054688, 2312.724365234375]
[56.533321380615234, 602.3064575195312, 2264.8349609375]
[57.65141296386719, 582.9774169921875, 2300.843505859375]
[40.868961334228516, 562.87060546875, 2278.9033203125]
[25.054786682128906, 540.264404296875, 2235.708740234375]
[-13.713035583496094, 539.1777954101562, 2177.51220703125]
[-46.63772964477539, 515.4522705078125, 2126.544189453125]
[-78.28822326660156, 500.3595886230469, 2113.146728515625]
[-138.85928344726562, 470.98345947265625, 2025.666748046875]
[-208.01866149902344, 460.0055236816406, 1942.0821533203125]
[-220.0726776123047, 469.85504150390625, 1889.7379150390625]
[-253.1730499267578, 457.0827941894531, 1755.7135009765625]
[-267.4627380371094, 472.8304138183594, 1682.5938720703125]
[-268.6116638183594, 494.42572021484375, 1612.1651611328125]
