452
30
[-50.24010468,201.09466553,1242.84667969]
[-49.52041245,196.04748535,1246.15258789]
[-49.25797653,195.80401611,1246.9296875]
[-51.10819626,194.36248779,1247.22509766]
[-53.97486496,190.51605225,1248.97192383]
[-53.07587051,192.10089111,1251.21069336]
[-53.15555954,191.70184326,1251.20922852]
[-52.61248779,191.84484863,1253.64819336]
[-51.3676033,190.92419434,1250.86547852]
[-49.42259598,191.08251953,1248.58837891]
[-49.17767715,191.67736816,1250.48461914]
[-47.60826492,189.37554932,1247.01782227]
[-48.00287628,190.1328125,1246.48876953]
[-48.12332153,189.70782471,1247.49511719]
[-46.83869934,191.72888184,1247.77246094]
[-47.08193588,191.02911377,1246.69140625]
[-47.79765701,190.54833984,1245.62060547]
[-47.893116,192.01489258,1246.85742188]
[-48.00078583,191.55358887,1244.93334961]
[-43.84954834,194.67663574,1244.13745117]
[-42.10620117,199.19989014,1249.40332031]
[-41.6897583,199.47735596,1243.14990234]
[-41.4841156,201.6619873,1241.19091797]
[-42.01239395,202.5480957,1241.13598633]
[-41.95037079,201.2512207,1241.09179688]
[-41.4458313,202.70019531,1245.15209961]
[-42.31326294,204.05535889,1242.9074707]
[-42.64568329,203.61456299,1243.43164062]
[-42.80310822,204.06030273,1242.78027344]
[-41.09690857,203.37811279,1243.2512207]
[-41.19897842,204.08935547,1243.28759766]
[-41.61554718,203.9743042,1242.67602539]
[-41.97657394,203.94036865,1242.27661133]
[-41.47734833,205.04077148,1246.29296875]
[-42.4167099,204.43658447,1237.9309082]
[-41.71144867,214.84277344,1226.12475586]
[-42.05483627,214.71887207,1225.71484375]
[-55.27661896,239.34912109,1188.25830078]
[-65.72318268,271.9140625,1146.41625977]
[-72.65703583,285.52288818,1116.07910156]
[-83.5643158,297.8104248,1083.19628906]
[-104.0368042,303.36697388,1049.734375]
[-124.88758087,308.6635437,1028.90112305]
[-150.16564941,314.51052856,1010.91723633]
[-161.82366943,311.28173828,1011.67993164]
[-175.12971497,300.28948975,1024.79003906]
[-179.05807495,292.35479736,1041.8894043]
[-188.77552795,269.26202393,1064.18334961]
[-189.08929443,252.34594727,1093.31054688]
[-184.62463379,241.32086182,1111.0168457]
[-180.39758301,215.02429199,1126.87280273]
[-180.8024292,208.20874023,1140.15429688]
[-182.98388672,188.50091553,1152.70629883]
[-186.89497375,197.00256348,1146.95849609]
[-185.80740356,201.90936279,1143.0222168]
[-188.85116577,202.80725098,1139.12475586]
[-189.54492188,208.49780273,1137.78857422]
[-189.54942322,209.953125,1139.19116211]
[-189.62278748,221.07830811,1136.09301758]
[-189.20640564,222.16217041,1137.77148438]
[-187.97052002,215.52459717,1135.65258789]
[-187.64489746,213.55773926,1132.48193359]
[-189.06639099,211.30938721,1136.12719727]
[-191.03224182,209.66424561,1127.89794922]
[-186.66035461,212.15393066,1123.57885742]
[-183.99681091,221.00891113,1113.65332031]
[-183.71243286,221.27600098,1107.10351562]
[-181.1484375,233.17059326,1092.83984375]
[-181.71943665,245.99780273,1072.68969727]
[-182.88790894,251.45916748,1051.13916016]
[-184.66029358,264.41796875,1009.07250977]
[-177.24865723,267.34295654,984.92553711]
[-153.95953369,276.37145996,974.7902832]
[-143.28730774,277.21716309,975.49694824]
[-114.94736481,277.93121338,972.5065918]
[-96.17279816,271.73681641,975.24047852]
[-81.60575104,264.86468506,990.99108887]
[-38.92922974,247.03271484,997.75012207]
[-1.82956457e-01,2.49787048e+02,1.02233740e+03]
[56.82322311,263.89630127,1038.37609863]
[100.74227905,261.52734375,1060.43115234]
[142.83129883,263.38677979,1069.61523438]
[186.75654602,257.68225098,1080.75976562]
[234.63577271,241.94958496,1074.41870117]
[263.95632935,209.01269531,1081.51464844]
[273.45101929,182.69091797,1102.79858398]
[270.48123169,163.02923584,1081.08032227]
[260.70169067,163.56079102,1070.58276367]
[272.9699707,174.72711182,1054.66259766]
[276.53512573,177.4317627,1052.50927734]
[266.75726318,177.51971436,1047.89978027]
[261.36535645,170.39978027,1056.41772461]
[262.76940918,169.34313965,1058.8894043]
[256.68606567,183.77728271,1058.61450195]
[252.43544006,195.68719482,1058.88452148]
[244.11058044,208.17858887,1056.45239258]
[240.66348267,236.42651367,1051.78466797]
[223.76245117,240.89135742,1045.85046387]
[201.64457703,241.92749023,1031.19470215]
[195.68032837,223.21112061,1017.28674316]
[194.47662354,219.73449707,1000.67016602]
[197.29447937,206.05651855,997.40698242]
[193.20372009,210.40625,1003.43518066]
[190.74737549,223.27008057,1003.66113281]
[180.10345459,228.20001221,992.68164062]
[187.57174683,221.07696533,987.94873047]
[220.29840088,231.46502686,951.5098877]
[257.92715454,206.12780762,930.06848145]
[294.40591431,205.21679688,905.04187012]
[336.69186401,194.2298584,867.53466797]
[349.65472412,191.53277588,851.51818848]
[349.95077515,178.50231934,824.12609863]
[350.14837646,162.89477539,809.72521973]
[350.76690674,160.74389648,810.78979492]
[351.23483276,156.39343262,805.50610352]
[349.5446167,153.41912842,807.00976562]
[349.87454224,147.5802002,804.40393066]
[347.27114868,150.61730957,809.41772461]
[347.51422119,149.88775635,809.88684082]
[347.27502441,151.65838623,806.62646484]
[353.46176147,154.99908447,802.45483398]
[353.8008728,159.04370117,796.4987793]
[356.68899536,162.28479004,798.14538574]
[360.65753174,165.41821289,798.65808105]
[362.64169312,165.31939697,803.35656738]
[367.72750854,165.34344482,812.79333496]
[377.1993103,173.59741211,828.73657227]
[377.25064087,178.70825195,839.60583496]
[380.97412109,190.38287354,873.43737793]
[353.45715332,253.90252686,942.80151367]
[301.0362854,290.23373413,979.47766113]
[264.79049683,341.12200928,907.84326172]
[222.76889038,391.0612793,927.26989746]
[202.70306396,407.64480591,932.60327148]
[31.41063499,425.56967163,1147.02246094]
[-27.03045273,428.70791626,1138.45605469]
[-76.48300934,416.09243774,1125.44360352]
[-115.81246948,398.72052002,1111.7956543]
[-156.84056091,346.13983154,1094.4074707]
[-168.35966492,304.24462891,1074.51269531]
[-162.51231384,289.11129761,1056.90380859]
[-144.8228302,265.64605713,1056.49755859]
[-135.11552429,264.22839355,1073.9909668]
[-126.79250336,250.93475342,1105.47827148]
[-129.82305908,241.62628174,1120.14233398]
[-131.55496216,209.15655518,1139.63574219]
[-131.01652527,194.53082275,1138.16357422]
[-128.26878357,192.49310303,1145.8190918]
[-139.52967834,206.26013184,1148.85913086]
[-144.51043701,200.72393799,1149.95288086]
[-149.51083374,202.94464111,1156.92626953]
[-156.11654663,207.78894043,1150.77319336]
[-153.98722839,220.88391113,1148.82983398]
[-157.44589233,223.66430664,1155.87719727]
[-143.21583557,257.81665039,1138.14819336]
[-145.64581299,253.57116699,1136.42797852]
[-149.16395569,249.68634033,1128.98925781]
[-153.76701355,270.96679688,1136.12011719]
[-151.88401794,271.77679443,1102.88525391]
[-153.55632019,264.828125,1069.39111328]
[-180.76089478,262.10754395,1018.17321777]
[-197.85766602,286.58013916,944.94592285]
[-214.58384705,309.92211914,899.14001465]
[-233.96058655,335.18783569,811.0078125]
[-246.07521057,351.73239136,736.17883301]
[-248.31074524,350.02212524,657.84973145]
[-259.63842773,319.46813965,595.30725098]
[-263.2890625,287.43756104,524.08081055]
[-270.769104,259.33337402,467.01794434]
[-269.44012451,239.08361816,414.9083252]
[-262.71737671,224.22546387,400.83728027]
[-266.91500854,209.69189453,412.37524414]
[-254.51472473,194.28387451,436.15124512]
[-254.10842896,172.21289062,436.05517578]
[-247.9894104,178.22070312,439.14941406]
[-251.42881775,176.16357422,426.57202148]
[-254.73625183,181.17956543,423.62145996]
[-254.14163208,181.63452148,406.56079102]
[-253.55258179,171.93322754,401.91430664]
[-250.16746521,179.86865234,417.35546875]
[-249.78340149,165.11468506,390.04003906]
[-246.00427246,159.45507812,379.65893555]
[-243.86355591,154.49420166,374.63171387]
[-245.91549683,165.2678833,369.47009277]
[-241.61938477,169.57751465,376.9609375]
[-243.84510803,178.78491211,374.89733887]
[-231.92918396,164.05792236,400.63525391]
[-221.5395813,172.0402832,416.55163574]
[-240.54734802,166.26672363,411.7923584]
[-242.72042847,156.19903564,412.49206543]
[-247.10322571,148.371521,412.02709961]
[-248.1065979,136.02404785,416.07836914]
[-249.83145142,127.05163574,412.46166992]
[-255.40751648,140.887146,409.57421875]
[-238.7688446,178.3548584,436.92565918]
[-237.51506042,206.74151611,460.94177246]
[-228.61474609,321.13531494,547.6270752]
[-213.75634766,413.83447266,629.69116211]
[-184.68922424,531.63879395,692.92932129]
[-169.76901245,586.34017944,773.28198242]
[-144.82725525,602.27946472,859.32275391]
[-142.06666565,565.70774841,942.63696289]
[-107.09407043,524.37097168,1035.1217041]
[-118.15137482,470.05886841,1102.28930664]
[-97.89956665,446.4569397,1178.41455078]
[-62.0844574,364.40777588,1219.12133789]
[-69.46583557,353.23800659,1274.64770508]
[-22.61498642,349.72644043,1353.23657227]
[-5.59040928,342.99737549,1394.7434082]
[26.94104576,331.94454956,1423.34716797]
[43.59009552,318.29684448,1461.62353516]
[67.10932922,298.38412476,1469.57592773]
[67.53858185,261.84033203,1470.77612305]
[70.42250824,249.12219238,1478.41821289]
[67.23376465,253.03875732,1483.31762695]
[63.35740662,252.07727051,1482.78222656]
[62.620224,258.24572754,1459.76245117]
[47.6246376,284.63043213,1426.25537109]
[39.91672134,290.9822998,1401.63061523]
[34.64305878,292.1555481,1363.58740234]
[25.52174377,297.23339844,1324.42114258]
[19.78448105,321.77261353,1283.87280273]
[22.32484436,368.10247803,1217.92138672]
[29.65003967,406.12106323,1147.92382812]
[34.43431091,431.42822266,1078.75512695]
[45.26701736,436.7298584,1018.65722656]
[47.63084793,530.06893921,928.75195312]
[57.18666458,579.31013489,909.68066406]
[36.61112595,667.26809692,918.1730957]
[30.75786018,738.3742218,879.31994629]
[36.41466141,769.00626945,876.06738281]
[41.75469971,772.63512039,894.66601562]
[33.18048859,772.32654762,915.26318359]
[9.31940556,692.97668457,956.59643555]
[-1.53020394,606.63941956,1031.95544434]
[-8.99828243,497.73956299,1138.90454102]
[-13.32497978,410.01071167,1236.46435547]
[-4.03622913,360.22503662,1318.35302734]
[9.64745879e-01,3.10364166e+02,1.38711328e+03]
[6.04844666,300.5887146,1448.06665039]
[34.48588181,265.66131592,1493.02929688]
[39.44606018,268.35687256,1497.54321289]
[38.91433716,270.11810303,1490.83349609]
[34.44329071,275.63769531,1465.21948242]
[24.75910568,282.51977539,1446.21240234]
[14.64220142,289.70126343,1433.06982422]
[8.69285297,290.97805786,1433.46435547]
[5.34080696,277.21429443,1441.11547852]
[17.94763565,277.37835693,1433.60253906]
[5.54166746,280.43896484,1420.80053711]
[-5.37633133,270.5090332,1421.59326172]
[-5.024858,272.35552979,1420.68164062]
[9.29661083,279.52966309,1404.01904297]
[15.36969852,266.01281738,1428.18261719]
[14.26929951,285.22497559,1406.91186523]
[15.47529888,293.83349609,1404.78295898]
[7.38655043,290.07522583,1409.19165039]
[21.98383904,273.38793945,1401.65722656]
[17.94154167,271.57861328,1415.45068359]
[22.30036545,276.04180908,1420.84423828]
[22.16652489,272.60131836,1433.96826172]
[19.93857384,273.08312988,1438.10766602]
[25.17905045,277.66650391,1447.97973633]
[26.8082695,282.15661621,1465.296875]
[17.12695885,279.2756958,1464.30615234]
[-3.63991785,274.47399902,1458.78930664]
[-8.0497303,282.31658936,1444.86108398]
[-8.6790657,329.17858887,1401.36669922]
[20.03385925,426.26281738,1374.01489258]
[39.40393066,492.80004883,1369.16674805]
[61.25889587,637.3637085,1269.02197266]
[60.8000145,749.89628983,1199.59228516]
[36.85750198,800.56676567,1136.90991211]
[24.44185257,840.39718246,1063.67675781]
[10.13998699,815.38668537,1009.59606934]
[-11.52132416,778.78536606,947.09399414]
[-23.81463432,725.34902954,891.30688477]
[-30.65855789,652.56640625,846.02209473]
[-50.30378723,545.76187134,813.46960449]
[-55.18838882,434.56845093,805.60766602]
[-35.19211578,383.97027588,827.49316406]
[-21.96594238,299.9302063,870.3638916]
[-10.44261456,232.63879395,935.09387207]
[-3.95722318,182.39648438,983.97485352]
[16.22722626,178.1739502,987.27709961]
[15.68303108,175.88989258,983.62902832]
[13.0174408,169.04217529,999.31335449]
[11.30101681,161.64221191,1005.56591797]
[10.97406292,166.24206543,1008.56469727]
[11.46759605,189.76647949,1001.08007812]
[9.53926849,197.41815186,984.5802002]
[8.87123489,197.98925781,975.87133789]
[9.65690804,201.77526855,973.46801758]
[6.64508343,199.04498291,980.62194824]
[6.59636784,198.175354,979.52355957]
[13.57434273,204.83929443,970.74035645]
[21.35541725,220.66131592,985.7355957]
[17.35681725,230.94891357,968.7956543]
[19.03964615,218.71191406,961.68933105]
[22.09538078,212.64312744,965.3314209]
[18.83214569,216.54620361,949.84082031]
[12.9745903,244.15698242,919.75073242]
[5.36298752,261.20465088,871.75427246]
[13.8070364,284.13671875,796.17419434]
[5.27620316,299.1940918,723.18151855]
[-0.94211102,318.22924805,615.05407715]
[-2.7487874,336.94177246,517.96582031]
[-6.71672821,351.87017822,424.13537598]
[-8.43915367,391.21911621,351.75488281]
[-16.10442924,442.62783813,311.74169922]
[-30.79430771,487.71502686,309.75512695]
[-48.19709015,543.38870239,335.58496094]
[-204.43556213,487.80722046,349.15563965]
[-284.00732422,476.49777222,373.11865234]
[-70.67713165,619.12905884,459.171875]
[-217.1144104,474.79614258,495.54187012]
[-90.76306152,540.93167114,551.36291504]
[-89.97979736,497.14398193,601.94458008]
[-64.5976181,445.42578125,655.38354492]
[-33.53916168,397.60723877,700.09997559]
[18.06965446,347.15090942,723.65600586]
[80.48768616,309.80740356,735.28393555]
[170.43063354,265.24761963,700.55493164]
[211.96409607,287.42816162,756.78674316]
[210.26856995,267.69104004,732.06359863]
[255.19024658,175.89648438,728.81176758]
[242.84934998,165.84912109,734.15246582]
[260.53018188,155.26812744,711.97949219]
[258.05459595,167.43951416,718.8671875]
[257.50460815,169.44543457,720.4630127]
[257.02352905,178.40026855,725.58825684]
[255.36990356,196.64398193,727.38244629]
[246.19963074,213.71588135,730.94287109]
[238.29776001,222.50036621,734.52587891]
[225.30833435,234.34356689,732.16271973]
[207.32170105,244.93267822,720.82202148]
[197.27726746,247.18261719,708.64831543]
[187.32440186,243.16485596,695.69799805]
[184.08552551,244.53546143,687.65515137]
[179.71858215,227.77783203,686.75634766]
[162.04165649,206.51367188,683.72338867]
[110.78421783,204.74267578,692.43408203]
[58.15858459,218.59851074,708.31774902]
[-32.08214188,276.08850098,704.06726074]
[-106.20896912,355.98193359,697.99023438]
[-146.39022827,443.96929932,679.72607422]
[-139.70533752,543.46084595,661.38354492]
[-137.06898499,587.23358154,639.20080566]
[-129.6542511,609.56552124,628.89648438]
[-133.03648376,603.17608643,643.44128418]
[-124.07635498,580.17190552,653.95910645]
[-122.39784241,513.08798218,698.75720215]
[-131.77684021,467.07015991,723.48522949]
[-151.92332458,411.64932251,739.12109375]
[-167.3704071,356.99841309,746.07348633]
[-191.36793518,309.003479,745.57849121]
[-223.11495972,244.93762207,736.19494629]
[-268.07333374,194.23370361,715.18103027]
[-299.46713257,166.9543457,720.20788574]
[-322.00039673,170.19976807,733.75915527]
[-329.45263672,166.23114014,736.87817383]
[-326.12390137,170.86437988,740.51831055]
[-314.33120728,180.18273926,737.94592285]
[-313.50982666,188.17584229,738.48742676]
[-296.53875732,208.07366943,733.77111816]
[-282.09280396,219.84246826,737.93322754]
[-279.29766846,230.89672852,741.89562988]
[-271.8822937,236.2255249,747.53161621]
[-271.07800293,237.77520752,758.18359375]
[-267.72201538,239.03161621,765.23266602]
[-261.48703003,242.08184814,779.74279785]
[-261.20858765,225.71710205,793.91186523]
[-264.68713379,215.9307251,802.4786377]
[-271.58139038,211.64379883,799.21276855]
[-259.82870483,220.35626221,798.1652832]
[-240.75717163,236.78173828,809.79711914]
[-192.75039673,267.18395996,830.23217773]
[-117.62879181,308.54425049,854.3770752]
[-55.95464325,369.74725342,896.31494141]
[8.21510696,461.64001465,912.55834961]
[39.33294678,556.92584229,903.56188965]
[56.12979889,610.47579956,910.61303711]
[55.33585739,653.55409241,904.3885498]
[48.30831909,665.11154175,905.71472168]
[35.47242355,668.67510986,902.91687012]
[17.77219009,661.93817139,910.61242676]
[17.65155792,643.43067932,936.22424316]
[18.98457146,567.64266968,1013.08032227]
[28.60876083,498.97317505,1105.07299805]
[38.06821823,436.10803223,1197.59350586]
[47.47895813,381.4387207,1283.20556641]
[47.20856857,329.45339966,1358.09570312]
[71.09024048,291.95587158,1431.078125]
[85.62416077,280.13793945,1470.71801758]
[107.66783142,247.0244751,1489.31762695]
[111.52112579,246.86761475,1500.75219727]
[109.67282104,251.77319336,1500.89526367]
[109.48516083,254.02215576,1497.1003418]
[114.59994507,266.10644531,1492.94189453]
[115.60383606,262.95245361,1500.50463867]
[111.33861542,267.39648438,1503.52612305]
[110.68524933,263.52215576,1513.26733398]
[110.55192566,264.14300537,1515.51879883]
[110.35595703,266.0635376,1519.57006836]
[106.18140411,255.54107666,1524.23779297]
[101.86241913,251.24456787,1528.49047852]
[103.33269501,251.31256104,1526.7956543]
[103.03672028,256.10009766,1523.26513672]
[106.20187378,249.43035889,1514.90380859]
[95.50386047,257.22900391,1493.6730957]
[94.79979706,290.53585815,1450.23364258]
[83.86479187,352.8137207,1403.00854492]
[103.55472565,422.73141479,1367.65673828]
[136.44306946,481.60986328,1332.79248047]
[167.79623413,536.49368286,1288.71899414]
[177.67019653,584.69056702,1249.00830078]
[182.43849182,586.77693176,1221.06811523]
[181.445755,569.5614624,1189.54296875]
[184.67477417,546.17207336,1185.45141602]
[195.15155029,541.57730103,1157.10864258]
[177.54827881,493.14093018,1150.18383789]
[153.615448,441.72888184,1156.62207031]
[126.8926239,379.03988647,1172.59887695]
[100.9875412,320.4491272,1201.60546875]
[87.16105652,292.04217529,1223.18701172]
[76.03678131,251.17364502,1266.84643555]
[84.48435211,216.70385742,1301.28808594]
[101.49111176,197.33074951,1315.9465332]
[96.90614319,191.50360107,1311.98486328]
[98.95700836,189.20153809,1312.26831055]
[95.87181091,178.41760254,1315.6784668]
[98.35634613,172.66113281,1313.23828125]
[96.86130524,176.86932373,1309.65185547]
[88.07867432,182.86871338,1308.67260742]
[78.67279053,187.24420166,1297.80273438]
[84.01473236,193.11810303,1297.74902344]
[76.38715363,199.84283447,1299.15673828]
[56.64929199,228.81573486,1323.91210938]
[41.48086929,223.89825439,1312.72436523]
[56.53332138,197.69354248,1264.83496094]
[57.65141296,217.02258301,1300.84350586]
[40.86896133,237.12939453,1278.90332031]
[25.05478668,259.7355957,1235.70874023]
[-13.71303558,260.82220459,1177.51220703]
[-46.63772964,284.54772949,1126.54418945]
[-78.28822327,299.64041138,1113.14672852]
[-138.85928345,329.01654053,1025.66674805]
[-208.0186615,339.99447632,942.08215332]
[-220.07267761,330.1449585,889.73791504]
[-253.17304993,342.91720581,755.71350098]
[-267.46273804,327.16958618,682.59387207]
[-268.61166382,305.57427979,612.16516113]
[0,0,0]
[0,0,0]
[0,0,0]
[0,0,0]
[0,0,0]
[0,0,0]
[0,0,0]
[0,0,0]
[0,0,0]
[0,0,0]
[0,0,0]
[0,0,0]
[0,0,0]
[0,0,0]
[0,0,0]
[0,0,0]
[0,0,0]
[0,0,0]
[0,0,0]
[0,0,0]
[0,0,0]
[0,0,0]
[0,0,0]
[0,0,0]
[0,0,0]
[0,0,0]
[0,0,0]
[0,0,0]
[0,0,0]
[0,0,0]
[0,0,0]
[0,0,0]
[0,0,0]
[0,0,0]
[0,0,0]
[0,0,0]
[0,0,0]
[0,0,0]
[0,0,0]
[0,0,0]
[0,0,0]
[0,0,0]
[0,0,0]
[0,0,0]
[0,0,0]
[0,0,0]
[0,0,0]
[0,0,0]
[0,0,0]
[0,0,0]
[0,0,0]
[0,0,0]
[0,0,0]
[0,0,0]
[0,0,0]
[0,0,0]
[0,0,0]
[0,0,0]
[0,0,0]
[0,0,0]
[0,0,0]
[0,0,0]
[0,0,0]
[0,0,0]
[0,0,0]
[0,0,0]
[0,0,0]
[0,0,0]
[0,0,0]
[0,0,0]
[0,0,0]
[0,0,0]
[0,0,0]
[0,0,0]
[0,0,0]
[0,0,0]
[0,0,0]
[0,0,0]
[0,0,0]
[0,0,0]
[0,0,0]
[0,0,0]
[0,0,0]
[0,0,0]
[0,0,0]
[0,0,0]
[0,0,0]
[0,0,0]
[0,0,0]
[0,0,0]
[0,0,0]
[0,0,0]
[0,0,0]
[0,0,0]
[0,0,0]
[0,0,0]
[0,0,0]
[0,0,0]
[0,0,0]
[0,0,0]
[0,0,0]
[0,0,0]
[0,0,0]
[0,0,0]
[0,0,0]
[0,0,0]
[0,0,0]
[0,0,0]
[0,0,0]
[0,0,0]
[0,0,0]
[0,0,0]
[0,0,0]
[0,0,0]
[0,0,0]
[0,0,0]
[0,0,0]
[0,0,0]
[0,0,0]
[0,0,0]
[0,0,0]
[0,0,0]
[0,0,0]
[0,0,0]
[0,0,0]
[0,0,0]
[0,0,0]
[0,0,0]
[0,0,0]
[0,0,0]
[0,0,0]
[0,0,0]
[0,0,0]
[0,0,0]
[0,0,0]
[0,0,0]
[0,0,0]
[0,0,0]
[0,0,0]
[0,0,0]
[0,0,0]
[0,0,0]
[0,0,0]
[0,0,0]
[0,0,0]
[0,0,0]
[0,0,0]
[0,0,0]
[0,0,0]
[0,0,0]
[0,0,0]
[0,0,0]
[0,0,0]
[0,0,0]
[0,0,0]
[0,0,0]
[0,0,0]
[0,0,0]
[0,0,0]
[0,0,0]
[0,0,0]
[0,0,0]
[0,0,0]
[0,0,0]
[0,0,0]
[0,0,0]
[0,0,0]
[0,0,0]
[0,0,0]
[0,0,0]
[0,0,0]
[0,0,0]
[0,0,0]
[0,0,0]
[0,0,0]
[0,0,0]
[0,0,0]
[0,0,0]
[0,0,0]
[0,0,0]
[0,0,0]
[0,0,0]
[0,0,0]
[0,0,0]
[0,0,0]
[0,0,0]
[0,0,0]
[0,0,0]
[0,0,0]
[0,0,0]
[0,0,0]
[0,0,0]
[0,0,0]
[0,0,0]
[0,0,0]
[0,0,0]
[0,0,0]
[0,0,0]
[0,0,0]
[0,0,0]
[0,0,0]
[0,0,0]
[0,0,0]
[0,0,0]
[0,0,0]
[0,0,0]
[0,0,0]
[0,0,0]
[0,0,0]
[0,0,0]
[0,0,0]
[0,0,0]
[0,0,0]
[0,0,0]
[0,0,0]
[0,0,0]
[0,0,0]
[0,0,0]
[0,0,0]
[0,0,0]
[0,0,0]
[0,0,0]
[0,0,0]
[0,0,0]
[0,0,0]
[0,0,0]
[0,0,0]
[0,0,0]
[0,0,0]
[0,0,0]
[0,0,0]
[0,0,0]
[0,0,0]
[0,0,0]
[0,0,0]
[0,0,0]
[0,0,0]
[0,0,0]
[0,0,0]
[0,0,0]
[0,0,0]
[0,0,0]
[0,0,0]
[0,0,0]
[0,0,0]
[0,0,0]
[0,0,0]
[0,0,0]
[0,0,0]
[0,0,0]
[0,0,0]
[0,0,0]
[0,0,0]
[0,0,0]
[0,0,0]
[0,0,0]
[0,0,0]
[0,0,0]
[0,0,0]
[0,0,0]
[0,0,0]
[0,0,0]
[0,0,0]
[0,0,0]
[0,0,0]
[0,0,0]
[0,0,0]
[0,0,0]
[0,0,0]
[0,0,0]
[0,0,0]
[0,0,0]
[0,0,0]
[0,0,0]
[0,0,0]
[0,0,0]
[0,0,0]
[0,0,0]
[0,0,0]
[0,0,0]
[0,0,0]
[0,0,0]
[0,0,0]
[0,0,0]
[0,0,0]
[0,0,0]
[0,0,0]
[0,0,0]
[0,0,0]
[0,0,0]
[0,0,0]
[0,0,0]
[0,0,0]
[0,0,0]
[0,0,0]
[0,0,0]
[0,0,0]
[0,0,0]
[0,0,0]
[0,0,0]
[0,0,0]
[0,0,0]
[0,0,0]
[0,0,0]
[0,0,0]
[0,0,0]
[0,0,0]
[0,0,0]
[0,0,0]
[0,0,0]
[0,0,0]
[0,0,0]
[0,0,0]
[0,0,0]
[0,0,0]
[0,0,0]
[0,0,0]
[0,0,0]
[0,0,0]
[0,0,0]
[0,0,0]
[0,0,0]
[0,0,0]
[0,0,0]
[0,0,0]
[0,0,0]
[0,0,0]
[0,0,0]
[0,0,0]
[0,0,0]
[0,0,0]
[0,0,0]
[0,0,0]
[0,0,0]
[0,0,0]
[0,0,0]
[0,0,0]
[0,0,0]
[0,0,0]
[0,0,0]
[0,0,0]
[0,0,0]
[0,0,0]
[0,0,0]
[0,0,0]
[0,0,0]
[0,0,0]
[0,0,0]
[0,0,0]
[0,0,0]
[0,0,0]
[0,0,0]
[0,0,0]
[0,0,0]
[0,0,0]
[0,0,0]
[0,0,0]
[0,0,0]
[0,0,0]
[0,0,0]
[0,0,0]
[0,0,0]
[0,0,0]
[0,0,0]
[0,0,0]
[0,0,0]
[0,0,0]
[0,0,0]
[0,0,0]
[0,0,0]
[0,0,0]
[0,0,0]
[0,0,0]
[0,0,0]
[0,0,0]
[0,0,0]
[0,0,0]
[0,0,0]
[0,0,0]
[0,0,0]
[0,0,0]
[0,0,0]
[0,0,0]
[0,0,0]
[0,0,0]
[0,0,0]
[0,0,0]
[0,0,0]
[0,0,0]
[0,0,0]
[0,0,0]
[0,0,0]
[0,0,0]
[0,0,0]
[0,0,0]
[0,0,0]
[0,0,0]
[0,0,0]
[0,0,0]
[0,0,0]
[0,0,0]
[0,0,0]
[0,0,0]
[0,0,0]
[0,0,0]
[0,0,0]
[0,0,0]
[0,0,0]
[0,0,0]
[0,0,0]
[0,0,0]
[0,0,0]
[0,0,0]
[0,0,0]
[0,0,0]
[0,0,0]
[0,0,0]
[0,0,0]
[0,0,0]
[0,0,0]
[0,0,0]
[0,0,0]
[0,0,0]
[0,0,0]
[0,0,0]
[0,0,0]
[0,0,0]
[0,0,0]
[0,0,0]
[0,0,0]
[0,0,0]
[0,0,0]
[0,0,0]
[0,0,0]
[0,0,0]
[0,0,0]
[0,0,0]
[0,0,0]
[0,0,0]
[0,0,0]
[0,0,0]
[0,0,0]
[0,0,0]
[0,0,0]
[0,0,0]
[0,0,0]
[0,0,0]
[0,0,0]
[0,0,0]
[0,0,0]
[0,0,0]
[0,0,0]
