452
30
[-94.57109832763672, 715.8981323242188, 2114.120849609375]
[-95.71443176269531, 712.9608154296875, 2110.356689453125]
[-95.82756042480469, 713.3043212890625, 2111.294921875]
[-100.81462860107422, 714.0643310546875, 2112.146728515625]
[-99.28205871582031, 715.434814453125, 2110.21337890625]
[-97.44884490966797, 715.6803588867188, 2113.5439453125]
[-99.94195556640625, 713.4317016601562, 2112.258544921875]
[-99.81777954101562, 714.6849365234375, 2114.39794921875]
[-101.0608139038086, 716.18017578125, 2113.0400390625]
[-102.95928192138672, 715.3561401367188, 2111.94775390625]
[-98.19595336914062, 715.3641967773438, 2112.743408203125]
[-102.84386444091797, 711.1807861328125, 2106.409912109375]
[-102.20962524414062, 713.184326171875, 2107.5830078125]
[-101.77863311767578, 713.3617553710938, 2107.99267578125]
[-101.40747833251953, 716.3971557617188, 2112.1611328125]
[-101.56314849853516, 711.9359741210938, 2106.912353515625]
[-99.39189147949219, 713.5062866210938, 2105.34814453125]
[-99.09761047363281, 713.3759765625, 2107.8896484375]
[-99.08782196044922, 712.5841674804688, 2105.00048828125]
[-98.05973052978516, 713.6012573242188, 2109.244873046875]
[-98.04889678955078, 713.21435546875, 2118.622802734375]
[-95.92050170898438, 710.1959838867188, 2109.806884765625]
[-98.09298706054688, 711.7894897460938, 2112.34814453125]
[-98.07929992675781, 711.945556640625, 2112.561767578125]
[-98.57228088378906, 712.77490234375, 2112.257568359375]
[-100.64744567871094, 709.7799682617188, 2116.024658203125]
[-97.16896057128906, 714.2665405273438, 2117.8076171875]
[-97.08111572265625, 712.40673828125, 2116.028076171875]
[-97.0984115600586, 712.5848388671875, 2116.35986328125]
[-100.8311996459961, 709.7277221679688, 2115.6845703125]
[-98.5843505859375, 712.548583984375, 2117.795166015625]
[-98.9122314453125, 712.2303466796875, 2116.7451171875]
[-98.61100006103516, 712.5135498046875, 2116.313232421875]
[-98.04326629638672, 712.4805908203125, 2120.7998046875]
[-100.2586898803711, 713.8997802734375, 2112.705078125]
[-101.15464782714844, 710.3162841796875, 2110.145751953125]
[-101.52457427978516, 710.1424560546875, 2109.4326171875]
[-112.71942901611328, 687.7728881835938, 2072.30322265625]
[-122.99728393554688, 665.2195434570312, 2045.04296875]
[-130.22181701660156, 643.845703125, 2004.230712890625]
[-147.0963592529297, 627.1565551757812, 1970.913330078125]
[-156.7274932861328, 617.0969848632812, 1925.479736328125]
[-171.5372772216797, 613.5364990234375, 1904.04296875]
[-189.49647521972656, 618.9252319335938, 1896.3927001953125]
[-194.872314453125, 631.1276245117188, 1906.4437255859375]
[-198.70225524902344, 645.65869140625, 1922.5576171875]
[-200.0447998046875, 663.0203247070312, 1952.33251953125]
[-199.90748596191406, 687.9545288085938, 1976.9293212890625]
[-195.02125549316406, 702.390625, 1999.4005126953125]
[-195.11485290527344, 711.9259643554688, 2017.3759765625]
[-192.69276428222656, 721.8872680664062, 2010.978515625]
[-191.82192993164062, 722.2601318359375, 2017.4891357421875]
[-185.80491638183594, 720.3802490234375, 2009.51025390625]
[-190.48219299316406, 723.5731811523438, 2015.319091796875]
[-191.7598876953125, 722.7628784179688, 2016.3857421875]
[-187.71685791015625, 722.89208984375, 2012.83935546875]
[-194.86021423339844, 721.3635864257812, 2016.81591796875]
[-194.8061065673828, 719.1495971679688, 2016.040283203125]
[-192.06326293945312, 713.703369140625, 2020.9283447265625]
[-193.6632080078125, 714.6964721679688, 2023.111328125]
[-195.782958984375, 715.858642578125, 2013.683349609375]
[-194.6155242919922, 718.3536376953125, 2009.5184326171875]
[-195.4713134765625, 717.3147583007812, 2008.22119140625]
[-198.43504333496094, 721.5377197265625, 2003.175048828125]
[-199.74867248535156, 722.4049682617188, 2007.26416015625]
[-198.8380126953125, 724.7586059570312, 2013.4580078125]
[-200.8976287841797, 725.6112060546875, 2008.0999755859375]
[-197.24505615234375, 719.9584350585938, 2004.0545654296875]
[-194.38314819335938, 714.4859008789062, 1993.907470703125]
[-189.5520782470703, 709.0437622070312, 1968.7666015625]
[-194.75083923339844, 708.51318359375, 1955.533935546875]
[-192.58465576171875, 708.0126953125, 1944.22998046875]
[-174.9236602783203, 700.2985229492188, 1938.7657470703125]
[-158.7884063720703, 699.656494140625, 1934.80224609375]
[-141.62539672851562, 697.502685546875, 1926.5797119140625]
[-141.5415496826172, 698.4414672851562, 1925.860595703125]
[-136.8319854736328, 696.9893188476562, 1923.75634765625]
[-107.20072174072266, 703.128173828125, 1918.95263671875]
[-84.35328674316406, 691.8963012695312, 1941.6033935546875]
[-26.182846069335938, 693.053955078125, 2000.34326171875]
[16.75995445251465, 697.2533569335938, 2027.4010009765625]
[69.99836730957031, 699.9031982421875, 2048.073486328125]
[124.83404541015625, 709.5752563476562, 2056.114990234375]
[140.4512176513672, 708.4404296875, 2055.097900390625]
[134.01316833496094, 720.4115600585938, 2049.29296875]
[138.01075744628906, 726.26953125, 2044.7515869140625]
[137.59927368164062, 742.25390625, 2012.540283203125]
[127.12334442138672, 742.5118408203125, 2012.1669921875]
[157.060302734375, 757.55224609375, 2019.2105712890625]
[153.69822692871094, 751.2318115234375, 2023.2451171875]
[134.587646484375, 742.8423461914062, 2051.331787109375]
[114.95357513427734, 736.1919555664062, 2061.571044921875]
[113.71321868896484, 736.0109252929688, 2060.074951171875]
[118.29621887207031, 735.419189453125, 2059.046142578125]
[120.31242370605469, 731.85791015625, 2059.787353515625]
[123.81246185302734, 732.5513916015625, 2060.565673828125]
[132.09332275390625, 712.1575927734375, 2058.9755859375]
[125.8974380493164, 713.9935913085938, 2057.6728515625]
[106.83486938476562, 708.2622680664062, 2069.450927734375]
[92.14326477050781, 704.5863037109375, 2095.116943359375]
[113.95945739746094, 713.6188354492188, 2091.0419921875]
[115.91350555419922, 729.8541259765625, 2081.8701171875]
[124.46179962158203, 713.0136108398438, 2116.226318359375]
[131.22927856445312, 685.1136474609375, 2136.045654296875]
[124.76087951660156, 678.9398193359375, 2128.6806640625]
[139.64248657226562, 675.4887084960938, 2134.66259765625]
[174.9557647705078, 682.374755859375, 2088.183349609375]
[234.84202575683594, 703.9100952148438, 2077.344970703125]
[280.1846923828125, 713.6891479492188, 2046.3602294921875]
[287.2042541503906, 753.9082641601562, 1969.8155517578125]
[300.76055908203125, 765.4225463867188, 1938.5029296875]
[290.6182556152344, 765.4520263671875, 1921.0660400390625]
[293.359375, 766.7301635742188, 1923.1875]
[288.861083984375, 761.263671875, 1926.1058349609375]
[295.9653625488281, 759.2357788085938, 1933.743896484375]
[297.24560546875, 760.7726440429688, 1938.78173828125]
[301.3855895996094, 762.219482421875, 1941.745849609375]
[322.4670715332031, 751.99365234375, 1956.76513671875]
[318.2646179199219, 743.591552734375, 1962.798583984375]
[319.628662109375, 745.7281494140625, 1957.0657958984375]
[326.49798583984375, 750.9923706054688, 1947.9205322265625]
[305.7505187988281, 752.3675537109375, 1932.5185546875]
[310.1727294921875, 750.273193359375, 1934.3533935546875]
[301.6618347167969, 748.816162109375, 1926.9683837890625]
[282.0450744628906, 759.943115234375, 1907.3555908203125]
[280.6485900878906, 761.9291381835938, 1910.1517333984375]
[272.6578063964844, 762.3778686523438, 1891.994384765625]
[281.399169921875, 770.4608154296875, 1886.7635498046875]
[275.6842956542969, 757.7066040039062, 1905.632080078125]
[287.7847900390625, 708.5302124023438, 1902.477294921875]
[268.19476318359375, 660.1245727539062, 1884.8973388671875]
[244.93731689453125, 626.4039306640625, 1853.5789794921875]
[190.7528533935547, 556.5018920898438, 1831.3311767578125]
[151.19215393066406, 529.715576171875, 1832.65478515625]
[43.52708053588867, 539.2459716796875, 2211.091064453125]
[-70.98277282714844, 530.22705078125, 2205.864013671875]
[-135.225341796875, 550.8754272460938, 2161.3623046875]
[-170.93983459472656, 575.2916259765625, 2097.7412109375]
[-206.43316650390625, 623.2424926757812, 2037.678955078125]
[-208.14328002929688, 656.738525390625, 1992.478271484375]
[-178.6519012451172, 682.310546875, 1990.51220703125]
[-138.3444061279297, 707.422607421875, 1994.2313232421875]
[-135.1006317138672, 711.4351806640625, 2021.556884765625]
[-135.57069396972656, 718.642578125, 2039.03271484375]
[-134.70750427246094, 723.531494140625, 2049.544677734375]
[-135.01571655273438, 739.806396484375, 2039.5955810546875]
[-135.09573364257812, 739.9356079101562, 2019.523681640625]
[-137.78530883789062, 739.1680297851562, 2022.21875]
[-135.62294006347656, 729.4138793945312, 2029.2890625]
[-133.0626220703125, 731.1522216796875, 2025.6075439453125]
[-133.60874938964844, 721.2931518554688, 2024.5869140625]
[-138.1458740234375, 722.5336303710938, 2025.2965087890625]
[-139.1553955078125, 715.5845336914062, 2031.39404296875]
[-131.88047790527344, 708.1917114257812, 2032.3228759765625]
[-120.00973510742188, 697.3613891601562, 2052.373291015625]
[-134.0087890625, 702.4707641601562, 2046.64990234375]
[-132.42752075195312, 709.80615234375, 2043.9630126953125]
[-144.03170776367188, 695.5963134765625, 2063.0615234375]
[-140.0713348388672, 696.843505859375, 2036.8900146484375]
[-140.07089233398438, 708.1821899414062, 2013.24267578125]
[-158.5067138671875, 717.3136596679688, 2004.5718994140625]
[-180.5038604736328, 691.3807373046875, 1974.73095703125]
[-217.06167602539062, 668.6549072265625, 1925.25048828125]
[-237.5754852294922, 643.4109497070312, 1825.0587158203125]
[-258.67950439453125, 626.0347900390625, 1727.05419921875]
[-269.0962829589844, 625.6923828125, 1631.142333984375]
[-261.95831298828125, 649.0966796875, 1530.66064453125]
[-256.28582763671875, 669.8030395507812, 1435.53271484375]
[-246.024658203125, 683.2416381835938, 1360.365234375]
[-238.90914916992188, 704.7945556640625, 1313.1962890625]
[-240.47329711914062, 712.3234252929688, 1289.4581298828125]
[-239.390380859375, 724.069580078125, 1300.8905029296875]
[-242.5765380859375, 738.3853149414062, 1320.672607421875]
[-245.40603637695312, 756.6649780273438, 1319.1473388671875]
[-248.62554931640625, 754.1024780273438, 1330.3409423828125]
[-247.58279418945312, 757.063720703125, 1318.3662109375]
[-254.52023315429688, 757.7212524414062, 1319.205078125]
[-266.53094482421875, 729.568115234375, 1273.8616943359375]
[-257.4576110839844, 746.921630859375, 1275.3828125]
[-249.21681213378906, 758.0428466796875, 1312.169677734375]
[-247.5274200439453, 762.9954833984375, 1272.223388671875]
[-248.69776916503906, 775.862548828125, 1271.034423828125]
[-247.2080535888672, 781.248779296875, 1263.6868896484375]
[-224.55746459960938, 759.4556274414062, 1250.8631591796875]
[-249.43682861328125, 746.103271484375, 1249.11328125]
[-255.19961547851562, 704.7305297851562, 1226.939453125]
[-259.3857116699219, 731.2052612304688, 1256.40234375]
[-245.18199157714844, 750.7565307617188, 1295.129638671875]
[-260.4546813964844, 770.6380004882812, 1307.04833984375]
[-266.5165710449219, 785.4190063476562, 1315.823974609375]
[-269.3345031738281, 793.3905639648438, 1316.060546875]
[-264.1101989746094, 799.9051513671875, 1307.2027587890625]
[-275.6695861816406, 786.2692260742188, 1276.4935302734375]
[-289.4145202636719, 762.246826171875, 1269.636962890625]
[-244.06607055664062, 718.5731201171875, 1291.0196533203125]
[-246.04879760742188, 723.8386840820312, 1343.8115234375]
[-228.64747619628906, 634.974609375, 1467.811279296875]
[-214.83447265625, 557.4481201171875, 1595.7362060546875]
[-182.34584045410156, 440.7481384277344, 1726.17236328125]
[-133.37197875976562, 370.8388671875, 1842.03125]
[-109.86504364013672, 355.1003112792969, 1933.2393798828125]
[-105.48387908935547, 385.3428039550781, 2030.46630859375]
[-79.07474517822266, 424.32781982421875, 2131.94677734375]
[-101.33757019042969, 502.2464294433594, 2154.4150390625]
[-106.7625961303711, 524.3551635742188, 2239.73046875]
[-56.73202896118164, 617.1071166992188, 2217.64794921875]
[-65.84564971923828, 626.98291015625, 2269.418701171875]
[-16.175134658813477, 629.205322265625, 2337.23876953125]
[-4.505078315734863, 635.2412719726562, 2376.71240234375]
[29.024721145629883, 644.2862548828125, 2403.72802734375]
[34.91367721557617, 654.6248168945312, 2419.39208984375]
[37.38702392578125, 669.5881958007812, 2423.919921875]
[39.76359939575195, 697.4903564453125, 2397.91796875]
[35.92060470581055, 704.5720825195312, 2389.883056640625]
[38.66869354248047, 691.5206298828125, 2377.551513671875]
[33.3056640625, 689.2192993164062, 2368.96923828125]
[22.937641143798828, 691.8058471679688, 2359.500244140625]
[18.780534744262695, 683.3423461914062, 2360.66845703125]
[14.861885070800781, 683.0709228515625, 2345.244384765625]
[8.93936538696289, 685.9513549804688, 2319.654052734375]
[8.626517295837402, 684.0641479492188, 2293.764404296875]
[5.341097831726074, 660.4878540039062, 2257.16845703125]
[13.679039001464844, 612.63671875, 2203.875]
[20.80893325805664, 571.3560791015625, 2138.265380859375]
[24.797014236450195, 541.3662719726562, 2037.8797607421875]
[42.44427490234375, 518.9075317382812, 1936.084228515625]
[67.14331817626953, 428.859375, 1853.92431640625]
[89.3843002319336, 386.54327392578125, 1858.4566650390625]
[72.25674438476562, 305.0605163574219, 1920.50634765625]
[48.206668853759766, 220.57537841796875, 1803.107666015625]
[58.17800521850586, 159.85348510742188, 1753.9410400390625]
[43.803367614746094, 173.78118896484375, 1790.6456298828125]
[37.303104400634766, 200.18751525878906, 1857.2672119140625]
[-1.3359971046447754, 285.8384094238281, 1917.7584228515625]
[-9.011223793029785, 376.3716735839844, 2001.869873046875]
[-24.415496826171875, 481.2803955078125, 2091.230712890625]
[-14.92965030670166, 564.1956176757812, 2169.00244140625]
[-0.9924361705780029, 619.678955078125, 2272.731201171875]
[-4.9886555671691895, 674.0850219726562, 2361.1669921875]
[4.086088180541992, 680.77978515625, 2410.0341796875]
[15.117539405822754, 696.7756958007812, 2408.06787109375]
[18.799348831176758, 693.6835327148438, 2419.538818359375]
[18.86280632019043, 691.7445068359375, 2413.2451171875]
[12.123424530029297, 691.328369140625, 2404.97021484375]
[1.237824559211731, 690.9539184570312, 2406.851806640625]
[1.034504771232605, 685.12744140625, 2401.180908203125]
[-0.491264283657074, 683.9024658203125, 2412.23046875]
[-0.3950074315071106, 697.131103515625, 2416.021240234375]
[-2.7345809936523438, 692.86474609375, 2414.83056640625]
[-9.137787818908691, 687.7083740234375, 2421.687744140625]
[-5.307310104370117, 697.0057373046875, 2410.74609375]
[-4.71137809753418, 693.98876953125, 2408.984619140625]
[-5.583276271820068, 685.4451904296875, 2410.924560546875]
[-6.511949062347412, 697.5098266601562, 2391.0634765625]
[-15.012467384338379, 681.1784057617188, 2406.469482421875]
[-19.032371520996094, 671.44140625, 2412.08544921875]
[-19.446178436279297, 678.2281494140625, 2413.098388671875]
[-12.891351699829102, 692.8389282226562, 2399.533447265625]
[-8.33236026763916, 696.72705078125, 2391.0126953125]
[-9.590428352355957, 692.174072265625, 2397.4794921875]
[-9.676260948181152, 695.6557006835938, 2401.86669921875]
[-9.322572708129883, 694.5231323242188, 2399.568115234375]
[-11.487195014953613, 692.024169921875, 2407.009033203125]
[-11.206634521484375, 687.4957275390625, 2411.7255859375]
[-10.677695274353027, 692.9098510742188, 2408.25341796875]
[-4.156845569610596, 698.334228515625, 2389.013916015625]
[-5.581750869750977, 690.0664672851562, 2373.015869140625]
[-13.612814903259277, 645.3554077148438, 2343.8349609375]
[6.097883224487305, 552.1196899414062, 2325.751220703125]
[64.09764862060547, 479.8883056640625, 2302.835693359375]
[122.07920837402344, 338.4321594238281, 2281.9951171875]
[147.35353088378906, 211.53366088867188, 2235.0712890625]
[135.35166931152344, 152.62583923339844, 2178.826416015625]
[128.68055725097656, 107.40766906738281, 2102.77490234375]
[88.34678649902344, 151.20965576171875, 2001.778564453125]
[24.946510314941406, 190.91310119628906, 1901.943115234375]
[-8.618366241455078, 232.50460815429688, 1811.32666015625]
[-48.98230743408203, 295.6527099609375, 1752.815673828125]
[-51.77798080444336, 397.5064697265625, 1710.8966064453125]
[-51.747379302978516, 492.5067138671875, 1684.3209228515625]
[-32.116092681884766, 561.184814453125, 1729.571044921875]
[-8.101428985595703, 652.0878295898438, 1780.705810546875]
[-6.436766147613525, 721.4566650390625, 1842.8790283203125]
[-8.781250953674316, 754.089111328125, 1865.433349609375]
[-6.684864044189453, 751.784912109375, 1865.083251953125]
[-6.09001350402832, 751.1967163085938, 1857.978759765625]
[-7.385061264038086, 743.14892578125, 1857.9697265625]
[-6.295377254486084, 737.923583984375, 1855.2481689453125]
[-6.589121341705322, 737.4774169921875, 1862.34228515625]
[-7.277315616607666, 734.706787109375, 1874.2901611328125]
[-4.998347759246826, 733.7052001953125, 1867.39208984375]
[-3.3040335178375244, 731.6105346679688, 1856.5987548828125]
[-5.591567516326904, 732.7660522460938, 1860.3284912109375]
[-8.725594520568848, 741.557373046875, 1871.4708251953125]
[-8.941864967346191, 739.8851928710938, 1866.4188232421875]
[-6.254580974578857, 749.1040649414062, 1882.5145263671875]
[8.750347137451172, 724.3087768554688, 1883.006591796875]
[13.219477653503418, 732.4373168945312, 1900.2454833984375]
[3.5487310886383057, 746.7645263671875, 1894.860107421875]
[-1.6012284755706787, 745.3980712890625, 1879.181640625]
[-5.131242752075195, 743.2890014648438, 1866.7059326171875]
[-0.0032186508178710938, 728.9361572265625, 1864.873046875]
[1.2397509813308716, 719.432373046875, 1851.3052978515625]
[6.357438087463379, 696.9700927734375, 1813.287109375]
[-10.101096153259277, 680.69384765625, 1740.7916259765625]
[-10.182574272155762, 660.0361328125, 1609.0921630859375]
[-10.1339111328125, 635.5112915039062, 1478.990478515625]
[-12.266427040100098, 608.7811889648438, 1348.3153076171875]
[-14.976605415344238, 554.9332885742188, 1251.0452880859375]
[-8.714154243469238, 493.2783203125, 1197.7537841796875]
[-12.409714698791504, 443.1913146972656, 1191.50439453125]
[-41.0354118347168, 417.0557861328125, 1262.768310546875]
[-249.441650390625, 465.3988952636719, 1274.092529296875]
[-362.1877136230469, 464.0727844238281, 1298.62939453125]
[-86.5780029296875, 351.0576477050781, 1404.528564453125]
[-273.4283142089844, 488.463134765625, 1447.8848876953125]
[-86.37445068359375, 434.8371887207031, 1525.855712890625]
[-132.21958923339844, 474.0728454589844, 1599.54541015625]
[-113.21144104003906, 523.9934692382812, 1662.3125]
[-64.00686645507812, 575.9544677734375, 1708.42529296875]
[1.759950041770935, 632.3697509765625, 1724.0850830078125]
[72.92848205566406, 670.217041015625, 1725.100341796875]
[138.36221313476562, 709.863037109375, 1654.2113037109375]
[199.1356201171875, 685.4207763671875, 1708.4227294921875]
[191.30738830566406, 700.8917236328125, 1688.9471435546875]
[145.41104125976562, 769.1732177734375, 1710.6083984375]
[136.56874084472656, 779.6173095703125, 1710.7236328125]
[139.20408630371094, 779.65087890625, 1714.5889892578125]
[141.98133850097656, 770.6900634765625, 1728.8497314453125]
[136.45140075683594, 765.503662109375, 1734.059814453125]
[132.69570922851562, 755.7969360351562, 1741.6427001953125]
[134.56536865234375, 743.7074584960938, 1728.2330322265625]
[133.5583953857422, 731.9069213867188, 1728.453125]
[129.97010803222656, 728.39990234375, 1727.5953369140625]
[129.7921905517578, 723.67431640625, 1727.256103515625]
[131.78395080566406, 722.5160522460938, 1725.917724609375]
[132.36094665527344, 724.0256958007812, 1721.8973388671875]
[128.9791717529297, 727.150146484375, 1722.126953125]
[139.6479949951172, 725.5296630859375, 1716.45361328125]
[137.0238037109375, 742.6607666015625, 1724.590087890625]
[138.0187530517578, 767.0725708007812, 1738.513671875]
[115.7641830444336, 718.1970825195312, 1830.304443359375]
[55.63916015625, 679.2665405273438, 1862.2501220703125]
[-20.256877899169922, 638.1962280273438, 1845.5589599609375]
[-80.27723693847656, 570.4821166992188, 1826.9002685546875]
[-144.31210327148438, 467.30499267578125, 1825.9791259765625]
[-165.88279724121094, 390.69873046875, 1781.940673828125]
[-187.78854370117188, 362.7052917480469, 1729.39111328125]
[-157.41835021972656, 355.9099426269531, 1701.8958740234375]
[-135.08457946777344, 370.4198913574219, 1695.5692138671875]
[-124.296875, 396.9632263183594, 1689.4150390625]
[-120.0759506225586, 457.4919128417969, 1747.477294921875]
[-131.54241943359375, 506.65301513671875, 1761.5423583984375]
[-131.36697387695312, 560.89404296875, 1781.4041748046875]
[-144.56939697265625, 611.7412109375, 1797.514892578125]
[-172.79225158691406, 658.1671142578125, 1802.9591064453125]
[-201.93963623046875, 723.7457275390625, 1793.837158203125]
[-233.55075073242188, 764.9081420898438, 1792.3095703125]
[-211.83558654785156, 771.6994018554688, 1788.29150390625]
[-207.40684509277344, 759.715087890625, 1780.5584716796875]
[-200.47613525390625, 752.9466552734375, 1777.0611572265625]
[-204.78964233398438, 761.7206420898438, 1759.552490234375]
[-201.33712768554688, 758.6326904296875, 1756.609619140625]
[-205.2971649169922, 756.0037231445312, 1751.1160888671875]
[-208.46365356445312, 747.5474853515625, 1752.0460205078125]
[-202.59829711914062, 739.9346923828125, 1755.276123046875]
[-200.2335968017578, 729.00830078125, 1754.31396484375]
[-198.65867614746094, 726.0365600585938, 1755.5732421875]
[-196.61363220214844, 725.1099243164062, 1759.6741943359375]
[-193.03253173828125, 723.4534912109375, 1764.2474365234375]
[-198.98072814941406, 722.9801635742188, 1759.9195556640625]
[-193.47509765625, 737.4671630859375, 1762.953125]
[-195.40988159179688, 744.3002319335938, 1761.8970947265625]
[-187.30172729492188, 740.669677734375, 1756.659912109375]
[-191.48883056640625, 738.8435668945312, 1759.35107421875]
[-191.29873657226562, 729.3968505859375, 1771.2425537109375]
[-180.1451416015625, 703.3824462890625, 1783.8931884765625]
[-142.33334350585938, 657.5072021484375, 1792.6953125]
[-77.61239624023438, 596.4566040039062, 1829.1015625]
[7.533902645111084, 512.2276611328125, 1860.962158203125]
[59.17530822753906, 422.4764404296875, 1879.499755859375]
[79.24224090576172, 363.9909973144531, 1879.38427734375]
[76.46240234375, 323.7289733886719, 1876.7794189453125]
[69.97786712646484, 307.3409423828125, 1862.061767578125]
[45.931175231933594, 304.3379211425781, 1859.5919189453125]
[33.30634689331055, 314.1680603027344, 1884.190673828125]
[23.219730377197266, 335.03118896484375, 1931.7042236328125]
[19.380725860595703, 410.1038513183594, 1992.51416015625]
[21.06050682067871, 478.156982421875, 2070.495849609375]
[30.32805824279785, 542.8903198242188, 2161.537353515625]
[39.688594818115234, 600.00439453125, 2254.478515625]
[32.60107421875, 652.45361328125, 2333.98486328125]
[34.12773132324219, 683.0751953125, 2387.7841796875]
[54.55925750732422, 688.4547729492188, 2409.599853515625]
[64.61347961425781, 710.7177734375, 2410.00634765625]
[70.04700469970703, 705.3934936523438, 2416.05517578125]
[73.78143310546875, 698.4022827148438, 2413.32763671875]
[64.93902587890625, 702.4724731445312, 2431.174560546875]
[68.68705749511719, 690.7373657226562, 2429.43701171875]
[75.42478942871094, 689.1788940429688, 2422.22216796875]
[68.12913513183594, 683.1574096679688, 2423.628662109375]
[66.8059310913086, 678.8412475585938, 2418.662353515625]
[68.59332275390625, 677.2603759765625, 2419.263916015625]
[68.64157104492188, 672.9302368164062, 2419.36474609375]
[62.7149658203125, 675.5460205078125, 2412.824951171875]
[58.53609848022461, 680.4569702148438, 2415.93017578125]
[54.49811935424805, 680.1737060546875, 2416.5390625]
[57.31224060058594, 678.9008178710938, 2416.692138671875]
[59.3113899230957, 684.6817626953125, 2406.07861328125]
[58.35014343261719, 682.5367431640625, 2389.61181640625]
[57.8459587097168, 662.4943237304688, 2370.5849609375]
[62.60423278808594, 614.760009765625, 2354.172607421875]
[98.73521423339844, 546.5552978515625, 2325.1826171875]
[146.5113067626953, 487.77130126953125, 2289.73486328125]
[207.7595977783203, 426.0163879394531, 2241.37109375]
[260.6996154785156, 357.00469970703125, 2184.28955078125]
[262.42254638671875, 360.2283020019531, 2168.408447265625]
[227.0887451171875, 383.575927734375, 2114.1923828125]
[238.6348419189453, 410.4541931152344, 2124.744873046875]
[249.03732299804688, 385.6186828613281, 2045.14453125]
[204.25978088378906, 449.6700744628906, 2047.5018310546875]
[166.1388702392578, 506.0633544921875, 2057.635986328125]
[119.47239685058594, 565.6314086914062, 2071.037353515625]
[78.7155990600586, 615.42724609375, 2091.032958984375]
[52.1461296081543, 652.2728271484375, 2129.471435546875]
[51.795066833496094, 691.8882446289062, 2166.994873046875]
[53.67534255981445, 715.8343505859375, 2189.722412109375]
[64.74726104736328, 710.53369140625, 2180.995849609375]
[60.98724365234375, 715.2621459960938, 2176.47412109375]
[58.00205612182617, 716.3182983398438, 2177.716552734375]
[61.25271987915039, 716.1596069335938, 2170.81689453125]
[60.30608367919922, 711.8781127929688, 2162.846435546875]
[60.19236755371094, 714.619873046875, 2164.18017578125]
[58.5529670715332, 718.1187744140625, 2168.00439453125]
[58.09521484375, 719.4584350585938, 2161.1845703125]
[62.71730422973633, 713.0973510742188, 2160.17724609375]
[51.64420700073242, 705.6434326171875, 2159.844970703125]
[29.26313591003418, 696.1851196289062, 2202.87353515625]
[38.32754135131836, 709.5756225585938, 2196.591064453125]
[51.200294494628906, 718.5106201171875, 2129.73681640625]
[43.9822998046875, 708.334228515625, 2170.767822265625]
[47.71478271484375, 702.0542602539062, 2164.002197265625]
[34.128875732421875, 702.49169921875, 2159.2958984375]
[8.390647888183594, 715.9290161132812, 2146.059326171875]
[-23.580114364624023, 694.5916137695312, 2112.640625]
[-115.72440338134766, 673.7366943359375, 2087.476806640625]
[-172.3871612548828, 646.7044677734375, 2012.52392578125]
[-233.3148956298828, 635.21240234375, 1932.9573974609375]
[-260.2483825683594, 636.1478271484375, 1842.4930419921875]
[-294.8564147949219, 624.3893432617188, 1722.028076171875]
[-298.7179870605469, 629.2608642578125, 1612.2391357421875]
[-279.3367919921875, 643.9329223632812, 1522.0980224609375]
