452
30
[-94.57109833, 84.10186768, 1114.12084961]
[-95.71443176, 87.03918457, 1110.35668945]
[-95.82756042, 86.69567871, 1111.29492188]
[-100.8146286, 85.93566895, 1112.14672852]
[-99.28205872, 84.56518555, 1110.21337891]
[-97.44884491, 84.31964111, 1113.54394531]
[-99.94195557, 86.56829834, 1112.25854492]
[-99.81777954, 85.31506348, 1114.39794922]
[-101.0608139, 83.81982422, 1113.04003906]
[-102.95928192, 84.64385986, 1111.94775391]
[-98.19595337, 84.63580322, 1112.7434082]
[-102.84386444, 88.81921387, 1106.40991211]
[-102.20962524, 86.81567383, 1107.58300781]
[-101.77863312, 86.63824463, 1107.99267578]
[-101.40747833, 83.60284424, 1112.16113281]
[-101.5631485, 88.06402588, 1106.91235352]
[-99.39189148, 86.49371338, 1105.34814453]
[-99.09761047, 86.62402344, 1107.88964844]
[-99.08782196, 87.41583252, 1105.00048828]
[-98.05973053, 86.39874268, 1109.24487305]
[-98.04889679, 86.78564453, 1118.62280273]
[-95.92050171, 89.80401611, 1109.80688477]
[-98.09298706, 88.21051025, 1112.34814453]
[-98.07929993, 88.05444336, 1112.56176758]
[-98.57228088, 87.22509766, 1112.25756836]
[-100.64744568, 90.22003174, 1116.0246582]
[-97.16896057, 85.73345947, 1117.80761719]
[-97.08111572, 87.59326172, 1116.02807617]
[-97.09841156, 87.41516113, 1116.35986328]
[-100.83119965, 90.27227783, 1115.68457031]
[-98.58435059, 87.45141602, 1117.79516602]
[-98.91223145, 87.76965332, 1116.74511719]
[-98.61100006, 87.4864502, 1116.31323242]
[-98.0432663, 87.51940918, 1120.79980469]
[-100.25868988, 86.10021973, 1112.70507812]
[-101.15464783, 89.68371582, 1110.14575195]
[-101.52457428, 89.85754395, 1109.43261719]
[-112.71942902, 112.22711182, 1072.30322266]
[-122.99728394, 134.78045654, 1045.04296875]
[-130.22181702, 156.15429688, 1004.23071289]
[-147.09635925, 172.84344482, 970.91333008]
[-156.72749329, 182.90301514, 925.47973633]
[-171.53727722, 186.46350098, 904.04296875]
[-189.49647522, 181.07476807, 896.3927002]
[-194.87231445, 168.87237549, 906.44372559]
[-198.70225525, 154.34130859, 922.55761719]
[-200.0447998, 136.97967529, 952.33251953]
[-199.90748596, 112.04547119, 976.92932129]
[-195.02125549, 97.609375, 999.4005127]
[-195.11485291, 88.07403564, 1017.37597656]
[-192.69276428, 78.11273193, 1010.97851562]
[-191.82192993, 77.73986816, 1017.48913574]
[-185.80491638, 79.61975098, 1009.51025391]
[-190.48219299, 76.42681885, 1015.3190918]
[-191.7598877, 77.23712158, 1016.38574219]
[-187.71685791, 77.10791016, 1012.83935547]
[-194.86021423, 78.63641357, 1016.81591797]
[-194.80610657, 80.85040283, 1016.0402832]
[-192.06326294, 86.29663086, 1020.92834473]
[-193.66320801, 85.30352783, 1023.11132812]
[-195.78295898, 84.14135742, 1013.68334961]
[-194.61552429, 81.6463623, 1009.51843262]
[-195.47131348, 82.6852417, 1008.22119141]
[-198.43504333, 78.46228027, 1003.17504883]
[-199.74867249, 77.59503174, 1007.26416016]
[-198.8380127, 75.24139404, 1013.45800781]
[-200.89762878, 74.38879395, 1008.09997559]
[-197.24505615, 80.04156494, 1004.05456543]
[-194.38314819, 85.51409912, 993.9074707]
[-189.55207825, 90.95623779, 968.76660156]
[-194.75083923, 91.48681641, 955.53393555]
[-192.58465576, 91.98730469, 944.22998047]
[-174.92366028, 99.70147705, 938.76574707]
[-158.78840637, 100.34350586, 934.80224609]
[-141.62539673, 102.49731445, 926.57971191]
[-141.54154968, 101.55853271, 925.8605957]
[-136.83198547, 103.01068115, 923.75634766]
[-107.20072174, 96.87182617, 918.95263672]
[-84.35328674, 108.10369873, 941.60339355]
[-26.18284607, 106.94604492, 1000.34326172]
[16.75995445, 102.74664307, 1027.40100098]
[69.99836731, 100.09680176, 1048.07348633]
[124.83404541, 90.42474365, 1056.11499023]
[140.45121765, 91.55957031, 1055.09790039]
[134.01316833, 79.58843994, 1049.29296875]
[138.01075745, 73.73046875, 1044.75158691]
[137.59927368, 57.74609375, 1012.5402832]
[127.12334442, 57.48815918, 1012.16699219]
[157.06030273, 42.44775391, 1019.21057129]
[153.69822693, 48.76818848, 1023.24511719]
[134.58764648, 57.15765381, 1051.33178711]
[114.95357513, 63.80804443, 1061.57104492]
[113.71321869, 63.98907471, 1060.07495117]
[118.29621887, 64.58081055, 1059.04614258]
[120.31242371, 68.14208984, 1059.78735352]
[123.81246185, 67.4486084, 1060.56567383]
[132.09332275, 87.84240723, 1058.97558594]
[125.89743805, 86.00640869, 1057.67285156]
[106.83486938, 91.73773193, 1069.45092773]
[92.14326477, 95.41369629, 1095.11694336]
[113.9594574, 86.38116455, 1091.04199219]
[115.91350555, 70.14587402, 1081.87011719]
[124.46179962, 86.98638916, 1116.22631836]
[131.22927856, 114.88635254, 1136.0456543]
[124.76087952, 121.06018066, 1128.68066406]
[139.64248657, 124.5112915, 1134.66259766]
[174.95576477, 117.62524414, 1088.18334961]
[234.84202576, 96.08990479, 1077.3449707]
[280.18469238, 86.31085205, 1046.36022949]
[287.20425415, 46.09173584, 969.81555176]
[300.76055908, 34.57745361, 938.50292969]
[290.61825562, 34.54797363, 921.06604004]
[293.359375, 33.26983643, 923.1875, ]
[288.86108398, 38.73632812, 926.10583496]
[295.96536255, 40.76422119, 933.74389648]
[297.24560547, 39.22735596, 938.78173828]
[301.3855896, 37.78051758, 941.74584961]
[322.46707153, 48.00634766, 956.76513672]
[318.26461792, 56.40844727, 962.79858398]
[319.62866211, 54.27185059, 957.0657959]
[326.49798584, 49.00762939, 947.92053223]
[305.7505188, 47.63244629, 932.51855469]
[310.17272949, 49.72680664, 934.35339355]
[301.66183472, 51.18383789, 926.96838379]
[282.04507446, 40.05688477, 907.35559082]
[280.64859009, 38.07086182, 910.1517334]
[272.6578064, 37.62213135, 891.99438477]
[281.39916992, 29.53918457, 886.7635498]
[275.68429565, 42.293396, 905.63208008]
[287.78479004, 91.4697876, 902.47729492]
[268.19476318, 139.87542725, 884.89733887]
[244.93731689, 173.59606934, 853.57897949]
[190.75285339, 243.49810791, 831.33117676]
[151.19215393, 270.28442383, 832.65478516]
[43.52708054, 260.75402832, 1211.09106445]
[-70.98277283, 269.77294922, 1205.86401367]
[-135.2253418, 249.12457275, 1161.36230469]
[-170.93983459, 224.70837402, 1097.74121094]
[-206.4331665, 176.75750732, 1037.67895508]
[-208.14328003, 143.26147461, 992.47827148]
[-178.65190125, 117.68945312, 990.51220703]
[-138.34440613, 92.57739258, 994.23132324]
[-135.10063171, 88.56481934, 1021.55688477]
[-135.57069397, 81.35742188, 1039.03271484]
[-134.70750427, 76.46850586, 1049.54467773]
[-135.01571655, 60.19360352, 1039.59558105]
[-135.09573364, 60.06439209, 1019.52368164]
[-137.78530884, 60.83197021, 1022.21875, ]
[-135.62294006, 70.58612061, 1029.2890625]
[-133.06262207, 68.84777832, 1025.60754395]
[-133.60874939, 78.70684814, 1024.58691406]
[-138.14587402, 77.46636963, 1025.29650879]
[-139.15539551, 84.41546631, 1031.39404297]
[-131.88047791, 91.80828857, 1032.32287598]
[-120.00973511, 102.63861084, 1052.37329102]
[-134.00878906, 97.52923584, 1046.64990234]
[-132.42752075, 90.19384766, 1043.9630127]
[-144.03170776, 104.40368652, 1063.06152344]
[-140.07133484, 103.15649414, 1036.89001465]
[-140.07089233, 91.81781006, 1013.24267578]
[-158.50671387, 82.68634033, 1004.57189941]
[-180.50386047, 108.6192627, 974.73095703]
[-217.06167603, 131.34509277, 925.25048828]
[-237.57548523, 156.58905029, 825.05871582]
[-258.67950439, 173.96520996, 727.05419922]
[-269.09628296, 174.30761719, 631.14233398]
[-261.95831299, 150.90332031, 530.66064453]
[-256.28582764, 130.19696045, 435.53271484]
[-246.0246582, 116.75836182, 360.36523438]
[-238.90914917, 95.20544434, 313.19628906]
[-240.47329712, 87.67657471, 289.45812988]
[-239.39038086, 75.93041992, 300.89050293]
[-242.57653809, 61.61468506, 320.67260742]
[-245.40603638, 43.33502197, 319.14733887]
[-248.62554932, 45.89752197, 330.34094238]
[-247.58279419, 42.9362793, 318.36621094]
[-254.52023315, 42.27874756, 319.20507812]
[-266.53094482, 70.43188477, 273.86169434]
[-257.45761108, 53.07836914, 275.3828125]
[-249.21681213, 41.95715332, 312.16967773]
[-247.52742004, 37.0045166, 272.22338867]
[-248.69776917, 24.13745117, 271.03442383]
[-247.20805359, 18.7512207, 263.68688965]
[-224.5574646, 40.54437256, 250.86315918]
[-249.43682861, 53.89672852, 249.11328125]
[-255.19961548, 95.26947021, 226.93945312]
[-259.38571167, 68.79473877, 256.40234375]
[-245.18199158, 49.24346924, 295.12963867]
[-260.4546814, 29.36199951, 307.04833984]
[-266.51657104, 14.58099365, 315.82397461]
[-269.33450317, 6.60943604, 316.06054688]
[-2.64110199e+02, 9.48486328e-02, 3.07202759e+02]
[-275.66958618, 13.73077393, 276.49353027]
[-289.41452026, 37.75317383, 269.63696289]
[-244.06607056, 81.42687988, 291.01965332]
[-246.04879761, 76.16131592, 343.81152344]
[-228.6474762, 165.02539062, 467.8112793]
[-214.83447266, 242.55187988, 595.73620605]
[-182.34584045, 359.25186157, 726.17236328]
[-133.37197876, 429.16113281, 842.03125, ]
[-109.86504364, 444.89968872, 933.23937988]
[-105.48387909, 414.65719604, 1030.46630859]
[-79.07474518, 375.67218018, 1131.94677734]
[-101.33757019, 297.75357056, 1154.41503906]
[-106.76259613, 275.64483643, 1239.73046875]
[-56.73202896, 182.8928833, 1217.64794922]
[-65.84564972, 173.01708984, 1269.41870117]
[-16.17513466, 170.79467773, 1337.23876953]
[-4.50507832, 164.75872803, 1376.71240234]
[29.02472115, 155.71374512, 1403.72802734]
[34.91367722, 145.37518311, 1419.39208984]
[37.38702393, 130.4118042, 1423.91992188]
[39.7635994, 102.50964355, 1397.91796875]
[35.92060471, 95.42791748, 1389.88305664]
[38.66869354, 108.47937012, 1377.55151367]
[33.30566406, 110.78070068, 1368.96923828]
[22.93764114, 108.19415283, 1359.50024414]
[18.78053474, 116.65765381, 1360.66845703]
[14.86188507, 116.92907715, 1345.24438477]
[8.93936539, 114.04864502, 1319.65405273]
[8.6265173, 115.93585205, 1293.7644043]
[5.34109783, 139.512146, 1257.16845703]
[13.679039, 187.36328125, 1203.875, ]
[20.80893326, 228.6439209, 1138.26538086]
[24.79701424, 258.63372803, 1037.87976074]
[42.4442749, 281.09246826, 936.08422852]
[67.14331818, 371.140625, 853.92431641]
[89.38430023, 413.45672607, 858.45666504]
[72.25674438, 494.93948364, 920.50634766]
[48.20666885, 579.42462158, 803.10766602]
[58.17800522, 640.14651489, 753.94104004]
[43.80336761, 626.21881104, 790.64562988]
[37.3031044, 599.81248474, 857.26721191]
[-1.3359971, 514.16159058, 917.75842285]
[-9.01122379, 423.62832642, 1001.86987305]
[-24.41549683, 318.71960449, 1091.23071289]
[-14.92965031, 235.80438232, 1169.00244141]
[-9.92436171e-01, 1.80321045e+02, 1.27273120e+03]
[-4.98865557, 125.91497803, 1361.16699219]
[4.08608818, 119.22021484, 1410.03417969]
[15.11753941, 103.2243042, 1408.06787109]
[18.79934883, 106.31646729, 1419.53881836]
[18.86280632, 108.25549316, 1413.24511719]
[12.12342453, 108.67163086, 1404.97021484]
[1.23782456e+00, 1.09046082e+02, 1.40685181e+03]
[1.03450477e+00, 1.14872559e+02, 1.40118091e+03]
[-4.91264284e-01, 1.16097534e+02, 1.41223047e+03]
[-3.95007432e-01, 1.02868896e+02, 1.41602124e+03]
[-2.73458099, 107.13525391, 1414.83056641]
[-9.13778782, 112.29162598, 1421.68774414]
[-5.3073101, 102.9942627, 1410.74609375]
[-4.7113781, 106.01123047, 1408.98461914]
[-5.58327627, 114.55480957, 1410.92456055]
[-6.51194906, 102.49017334, 1391.06347656]
[-15.01246738, 118.82159424, 1406.46948242]
[-19.03237152, 128.55859375, 1412.08544922]
[-19.44617844, 121.77185059, 1413.09838867]
[-12.8913517, 107.16107178, 1399.53344727]
[-8.33236027, 103.27294922, 1391.01269531]
[-9.59042835, 107.82592773, 1397.47949219]
[-9.67626095, 104.34429932, 1401.86669922]
[-9.32257271, 105.47686768, 1399.56811523]
[-11.48719501, 107.97583008, 1407.0090332]
[-11.20663452, 112.50427246, 1411.72558594]
[-10.67769527, 107.09014893, 1408.25341797]
[-4.15684557, 101.66577148, 1389.01391602]
[-5.58175087, 109.93353271, 1373.01586914]
[-13.6128149, 154.64459229, 1343.83496094]
[6.09788322, 247.88031006, 1325.7512207]
[64.09764862, 320.11169434, 1302.83569336]
[122.07920837, 461.56784058, 1281.99511719]
[147.35353088, 588.46633911, 1235.07128906]
[135.35166931, 647.37416077, 1178.82641602]
[128.68055725, 692.59233093, 1102.77490234]
[88.3467865, 648.79034424, 1001.77856445]
[24.94651031, 609.0868988, 901.94311523]
[-8.61836624, 567.49539185, 811.32666016]
[-48.98230743, 504.34729004, 752.81567383]
[-51.7779808, 402.49353027, 710.89660645]
[-51.7473793, 307.49328613, 684.32092285]
[-32.11609268, 238.81518555, 729.57104492]
[-8.10142899, 147.91217041, 780.70581055]
[-6.43676615, 78.54333496, 842.87902832]
[-8.78125095, 45.91088867, 865.43334961]
[-6.68486404, 48.21508789, 865.08325195]
[-6.0900135, 48.80328369, 857.97875977]
[-7.38506126, 56.85107422, 857.96972656]
[-6.29537725, 62.07641602, 855.24816895]
[-6.58912134, 62.52258301, 862.34228516]
[-7.27731562, 65.29321289, 874.29016113]
[-4.99834776, 66.2947998, 867.39208984]
[-3.30403352, 68.38946533, 856.59875488]
[-5.59156752, 67.23394775, 860.32849121]
[-8.72559452, 58.44262695, 871.4708252]
[-8.94186497, 60.11480713, 866.41882324]
[-6.25458097, 50.89593506, 882.51452637]
[8.75034714, 75.69122314, 883.0065918]
[13.21947765, 67.56268311, 900.2454834]
[3.54873109, 53.23547363, 894.86010742]
[-1.60122848, 54.60192871, 879.18164062]
[-5.13124275, 56.71099854, 866.70593262]
[-3.21865082e-03, 7.10638428e+01, 8.64873047e+02]
[1.23975098, 80.56762695, 851.30529785]
[6.35743809, 103.02990723, 813.28710938]
[-10.10109615, 119.30615234, 740.79162598]
[-10.18257427, 139.96386719, 609.09216309]
[-10.13391113, 164.4887085, 478.99047852]
[-12.26642704, 191.21881104, 348.31530762]
[-14.97660542, 245.06671143, 251.04528809]
[-8.71415424, 306.72167969, 197.75378418]
[-12.4097147, 356.8086853, 191.50439453]
[-41.03541183, 382.94421387, 262.76831055]
[-249.44165039, 334.60110474, 274.0925293]
[-362.18771362, 335.92721558, 298.62939453]
[-86.57800293, 448.94235229, 404.52856445]
[-273.42831421, 311.53686523, 447.8848877]
[-86.37445068, 365.16281128, 525.85571289]
[-132.21958923, 325.92715454, 599.54541016]
[-113.21144104, 276.00653076, 662.3125, ]
[-64.00686646, 224.04553223, 708.42529297]
[1.75995004, 167.63024902, 724.08508301]
[72.92848206, 129.78295898, 725.1003418]
[138.36221313, 90.13696289, 654.21130371]
[199.13562012, 114.57922363, 708.42272949]
[191.30738831, 99.10827637, 688.94714355]
[145.41104126, 30.82678223, 710.60839844]
[136.56874084, 20.38269043, 710.72363281]
[139.2040863, 20.34912109, 714.58898926]
[141.9813385, 29.30993652, 728.84973145]
[136.45140076, 34.49633789, 734.05981445]
[132.69570923, 44.20306396, 741.6427002]
[134.56536865, 56.2925415, 728.23303223]
[133.55839539, 68.09307861, 728.453125]
[129.97010803, 71.60009766, 727.59533691]
[129.79219055, 76.32568359, 727.25610352]
[131.78395081, 77.48394775, 725.91772461]
[132.36094666, 75.9743042, 721.89733887]
[128.97917175, 72.84985352, 722.12695312]
[139.647995, 74.47033691, 716.45361328]
[137.02380371, 57.3392334, 724.59008789]
[138.01875305, 32.9274292, 738.51367188]
[115.76418304, 81.80291748, 830.30444336]
[55.63916016, 120.73345947, 862.25012207]
[-20.2568779, 161.80377197, 845.55895996]
[-80.27723694, 229.5178833, 826.90026855]
[-144.31210327, 332.69500732, 825.97912598]
[-165.88279724, 409.30126953, 781.94067383]
[-187.7885437, 437.29470825, 729.39111328]
[-157.41835022, 444.09005737, 701.89587402]
[-135.08457947, 429.58010864, 695.56921387]
[-124.296875, 403.03677368, 689.41503906]
[-120.07595062, 342.50808716, 747.47729492]
[-131.54241943, 293.34698486, 761.5423584]
[-131.36697388, 239.10595703, 781.4041748]
[-144.56939697, 188.25878906, 797.51489258]
[-172.79225159, 141.83288574, 802.95910645]
[-201.93963623, 76.25427246, 793.8371582]
[-233.55075073, 35.09185791, 792.30957031]
[-211.83558655, 28.30059814, 788.29150391]
[-207.40684509, 40.28491211, 780.55847168]
[-200.47613525, 47.05334473, 777.06115723]
[-204.78964233, 38.27935791, 759.55249023]
[-201.33712769, 41.36730957, 756.60961914]
[-205.29716492, 43.99627686, 751.11608887]
[-208.46365356, 52.45251465, 752.04602051]
[-202.59829712, 60.06530762, 755.27612305]
[-200.2335968, 70.99169922, 754.31396484]
[-198.65867615, 73.96343994, 755.57324219]
[-196.6136322, 74.89007568, 759.67419434]
[-193.03253174, 76.54650879, 764.24743652]
[-198.98072815, 77.01983643, 759.91955566]
[-193.47509766, 62.53283691, 762.953125]
[-195.40988159, 55.69976807, 761.89709473]
[-187.30172729, 59.33032227, 756.65991211]
[-191.48883057, 61.15643311, 759.35107422]
[-191.29873657, 70.60314941, 771.24255371]
[-180.1451416, 96.61755371, 783.89318848]
[-142.33334351, 142.49279785, 792.6953125]
[-77.61239624, 203.543396, 829.1015625]
[7.53390265, 287.77233887, 860.9621582]
[59.17530823, 377.52355957, 879.49975586]
[79.24224091, 436.00900269, 879.38427734]
[76.46240234, 476.27102661, 876.77941895]
[69.97786713, 492.65905762, 862.06176758]
[45.93117523, 495.66207886, 859.59191895]
[33.30634689, 485.8319397, 884.19067383]
[23.21973038, 464.96881104, 931.70422363]
[19.38072586, 389.89614868, 992.51416016]
[21.06050682, 321.84301758, 1070.49584961]
[30.32805824, 257.10968018, 1161.53735352]
[39.68859482, 199.99560547, 1254.47851562]
[32.60107422, 147.54638672, 1333.98486328]
[34.12773132, 116.92480469, 1387.78417969]
[54.55925751, 111.54522705, 1409.59985352]
[64.61347961, 89.28222656, 1410.00634766]
[70.0470047, 94.60650635, 1416.05517578]
[73.78143311, 101.59771729, 1413.32763672]
[64.93902588, 97.52752686, 1431.17456055]
[68.6870575, 109.26263428, 1429.43701172]
[75.42478943, 110.82110596, 1422.22216797]
[68.12913513, 116.84259033, 1423.62866211]
[66.80593109, 121.15875244, 1418.66235352]
[68.59332275, 122.73962402, 1419.26391602]
[68.64157104, 127.06976318, 1419.36474609]
[62.71496582, 124.45397949, 1412.82495117]
[58.53609848, 119.54302979, 1415.93017578]
[54.49811935, 119.82629395, 1416.5390625]
[57.3122406, 121.09918213, 1416.69213867]
[59.31138992, 115.3182373, 1406.07861328]
[58.35014343, 117.46325684, 1389.61181641]
[57.84595871, 137.50567627, 1370.58496094]
[62.60423279, 185.23999023, 1354.17260742]
[98.73521423, 253.44470215, 1325.18261719]
[146.51130676, 312.22869873, 1289.73486328]
[207.75959778, 373.98361206, 1241.37109375]
[260.69961548, 442.99530029, 1184.28955078]
[262.42254639, 439.771698, 1168.40844727]
[227.08874512, 416.42407227, 1114.19238281]
[238.63484192, 389.54580688, 1124.74487305]
[249.037323, 414.38131714, 1045.14453125]
[204.25978088, 350.32992554, 1047.50183105]
[166.13887024, 293.93664551, 1057.63598633]
[119.47239685, 234.36859131, 1071.03735352]
[78.71559906, 184.57275391, 1091.03295898]
[52.14612961, 147.72717285, 1129.47143555]
[51.79506683, 108.11175537, 1166.99487305]
[53.67534256, 84.16564941, 1189.72241211]
[64.74726105, 89.46630859, 1180.99584961]
[60.98724365, 84.737854, 1176.47412109]
[58.00205612, 83.68170166, 1177.71655273]
[61.25271988, 83.84039307, 1170.81689453]
[60.30608368, 88.12188721, 1162.84643555]
[60.19236755, 85.38012695, 1164.18017578]
[58.55296707, 81.88122559, 1168.00439453]
[58.09521484, 80.54156494, 1161.18457031]
[62.71730423, 86.90264893, 1160.17724609]
[51.644207, 94.35656738, 1159.8449707]
[29.26313591, 103.81488037, 1202.87353516]
[38.32754135, 90.42437744, 1196.59106445]
[51.20029449, 81.48937988, 1129.73681641]
[43.9822998, 91.66577148, 1170.76782227]
[47.71478271, 97.94573975, 1164.00219727]
[34.12887573, 97.50830078, 1159.29589844]
[8.39064789, 84.07098389, 1146.05932617]
[-23.58011436, 105.40838623, 1112.640625]
[-115.72440338, 126.26330566, 1087.47680664]
[-172.38716125, 153.29553223, 1012.52392578]
[-233.31489563, 164.78759766, 932.95739746]
[-260.24838257, 163.85217285, 842.49304199]
[-294.85641479, 175.61065674, 722.02807617]
[-298.71798706, 170.73913574, 612.23913574]
[-279.33679199, 156.06707764, 522.09802246]
[0, 0, 0]
[0, 0, 0]
[0, 0, 0]
[0, 0, 0]
[0, 0, 0]
[0, 0, 0]
[0, 0, 0]
[0, 0, 0]
[0, 0, 0]
[0, 0, 0]
[0, 0, 0]
[0, 0, 0]
[0, 0, 0]
[0, 0, 0]
[0, 0, 0]
[0, 0, 0]
[0, 0, 0]
[0, 0, 0]
[0, 0, 0]
[0, 0, 0]
[0, 0, 0]
[0, 0, 0]
[0, 0, 0]
[0, 0, 0]
[0, 0, 0]
[0, 0, 0]
[0, 0, 0]
[0, 0, 0]
[0, 0, 0]
[0, 0, 0]
[0, 0, 0]
[0, 0, 0]
[0, 0, 0]
[0, 0, 0]
[0, 0, 0]
[0, 0, 0]
[0, 0, 0]
[0, 0, 0]
[0, 0, 0]
[0, 0, 0]
[0, 0, 0]
[0, 0, 0]
[0, 0, 0]
[0, 0, 0]
[0, 0, 0]
[0, 0, 0]
[0, 0, 0]
[0, 0, 0]
[0, 0, 0]
[0, 0, 0]
[0, 0, 0]
[0, 0, 0]
[0, 0, 0]
[0, 0, 0]
[0, 0, 0]
[0, 0, 0]
[0, 0, 0]
[0, 0, 0]
[0, 0, 0]
[0, 0, 0]
[0, 0, 0]
[0, 0, 0]
[0, 0, 0]
[0, 0, 0]
[0, 0, 0]
[0, 0, 0]
[0, 0, 0]
[0, 0, 0]
[0, 0, 0]
[0, 0, 0]
[0, 0, 0]
[0, 0, 0]
[0, 0, 0]
[0, 0, 0]
[0, 0, 0]
[0, 0, 0]
[0, 0, 0]
[0, 0, 0]
[0, 0, 0]
[0, 0, 0]
[0, 0, 0]
[0, 0, 0]
[0, 0, 0]
[0, 0, 0]
[0, 0, 0]
[0, 0, 0]
[0, 0, 0]
[0, 0, 0]
[0, 0, 0]
[0, 0, 0]
[0, 0, 0]
[0, 0, 0]
[0, 0, 0]
[0, 0, 0]
[0, 0, 0]
[0, 0, 0]
[0, 0, 0]
[0, 0, 0]
[0, 0, 0]
[0, 0, 0]
[0, 0, 0]
[0, 0, 0]
[0, 0, 0]
[0, 0, 0]
[0, 0, 0]
[0, 0, 0]
[0, 0, 0]
[0, 0, 0]
[0, 0, 0]
[0, 0, 0]
[0, 0, 0]
[0, 0, 0]
[0, 0, 0]
[0, 0, 0]
[0, 0, 0]
[0, 0, 0]
[0, 0, 0]
[0, 0, 0]
[0, 0, 0]
[0, 0, 0]
[0, 0, 0]
[0, 0, 0]
[0, 0, 0]
[0, 0, 0]
[0, 0, 0]
[0, 0, 0]
[0, 0, 0]
[0, 0, 0]
[0, 0, 0]
[0, 0, 0]
[0, 0, 0]
[0, 0, 0]
[0, 0, 0]
[0, 0, 0]
[0, 0, 0]
[0, 0, 0]
[0, 0, 0]
[0, 0, 0]
[0, 0, 0]
[0, 0, 0]
[0, 0, 0]
[0, 0, 0]
[0, 0, 0]
[0, 0, 0]
[0, 0, 0]
[0, 0, 0]
[0, 0, 0]
[0, 0, 0]
[0, 0, 0]
[0, 0, 0]
[0, 0, 0]
[0, 0, 0]
[0, 0, 0]
[0, 0, 0]
[0, 0, 0]
[0, 0, 0]
[0, 0, 0]
[0, 0, 0]
[0, 0, 0]
[0, 0, 0]
[0, 0, 0]
[0, 0, 0]
[0, 0, 0]
[0, 0, 0]
[0, 0, 0]
[0, 0, 0]
[0, 0, 0]
[0, 0, 0]
[0, 0, 0]
[0, 0, 0]
[0, 0, 0]
[0, 0, 0]
[0, 0, 0]
[0, 0, 0]
[0, 0, 0]
[0, 0, 0]
[0, 0, 0]
[0, 0, 0]
[0, 0, 0]
[0, 0, 0]
[0, 0, 0]
[0, 0, 0]
[0, 0, 0]
[0, 0, 0]
[0, 0, 0]
[0, 0, 0]
[0, 0, 0]
[0, 0, 0]
[0, 0, 0]
[0, 0, 0]
[0, 0, 0]
[0, 0, 0]
[0, 0, 0]
[0, 0, 0]
[0, 0, 0]
[0, 0, 0]
[0, 0, 0]
[0, 0, 0]
[0, 0, 0]
[0, 0, 0]
[0, 0, 0]
[0, 0, 0]
[0, 0, 0]
[0, 0, 0]
[0, 0, 0]
[0, 0, 0]
[0, 0, 0]
[0, 0, 0]
[0, 0, 0]
[0, 0, 0]
[0, 0, 0]
[0, 0, 0]
[0, 0, 0]
[0, 0, 0]
[0, 0, 0]
[0, 0, 0]
[0, 0, 0]
[0, 0, 0]
[0, 0, 0]
[0, 0, 0]
[0, 0, 0]
[0, 0, 0]
[0, 0, 0]
[0, 0, 0]
[0, 0, 0]
[0, 0, 0]
[0, 0, 0]
[0, 0, 0]
[0, 0, 0]
[0, 0, 0]
[0, 0, 0]
[0, 0, 0]
[0, 0, 0]
[0, 0, 0]
[0, 0, 0]
[0, 0, 0]
[0, 0, 0]
[0, 0, 0]
[0, 0, 0]
[0, 0, 0]
[0, 0, 0]
[0, 0, 0]
[0, 0, 0]
[0, 0, 0]
[0, 0, 0]
[0, 0, 0]
[0, 0, 0]
[0, 0, 0]
[0, 0, 0]
[0, 0, 0]
[0, 0, 0]
[0, 0, 0]
[0, 0, 0]
[0, 0, 0]
[0, 0, 0]
[0, 0, 0]
[0, 0, 0]
[0, 0, 0]
[0, 0, 0]
[0, 0, 0]
[0, 0, 0]
[0, 0, 0]
[0, 0, 0]
[0, 0, 0]
[0, 0, 0]
[0, 0, 0]
[0, 0, 0]
[0, 0, 0]
[0, 0, 0]
[0, 0, 0]
[0, 0, 0]
[0, 0, 0]
[0, 0, 0]
[0, 0, 0]
[0, 0, 0]
[0, 0, 0]
[0, 0, 0]
[0, 0, 0]
[0, 0, 0]
[0, 0, 0]
[0, 0, 0]
[0, 0, 0]
[0, 0, 0]
[0, 0, 0]
[0, 0, 0]
[0, 0, 0]
[0, 0, 0]
[0, 0, 0]
[0, 0, 0]
[0, 0, 0]
[0, 0, 0]
[0, 0, 0]
[0, 0, 0]
[0, 0, 0]
[0, 0, 0]
[0, 0, 0]
[0, 0, 0]
[0, 0, 0]
[0, 0, 0]
[0, 0, 0]
[0, 0, 0]
[0, 0, 0]
[0, 0, 0]
[0, 0, 0]
[0, 0, 0]
[0, 0, 0]
[0, 0, 0]
[0, 0, 0]
[0, 0, 0]
[0, 0, 0]
[0, 0, 0]
[0, 0, 0]
[0, 0, 0]
[0, 0, 0]
[0, 0, 0]
[0, 0, 0]
[0, 0, 0]
[0, 0, 0]
[0, 0, 0]
[0, 0, 0]
[0, 0, 0]
[0, 0, 0]
[0, 0, 0]
[0, 0, 0]
[0, 0, 0]
[0, 0, 0]
[0, 0, 0]
[0, 0, 0]
[0, 0, 0]
[0, 0, 0]
[0, 0, 0]
[0, 0, 0]
[0, 0, 0]
[0, 0, 0]
[0, 0, 0]
[0, 0, 0]
[0, 0, 0]
[0, 0, 0]
[0, 0, 0]
[0, 0, 0]
[0, 0, 0]
[0, 0, 0]
[0, 0, 0]
[0, 0, 0]
[0, 0, 0]
[0, 0, 0]
[0, 0, 0]
[0, 0, 0]
[0, 0, 0]
[0, 0, 0]
[0, 0, 0]
[0, 0, 0]
[0, 0, 0]
[0, 0, 0]
[0, 0, 0]
[0, 0, 0]
[0, 0, 0]
[0, 0, 0]
[0, 0, 0]
[0, 0, 0]
[0, 0, 0]
[0, 0, 0]
[0, 0, 0]
[0, 0, 0]
[0, 0, 0]
[0, 0, 0]
[0, 0, 0]
[0, 0, 0]
[0, 0, 0]
[0, 0, 0]
[0, 0, 0]
[0, 0, 0]
[0, 0, 0]
[0, 0, 0]
[0, 0, 0]
[0, 0, 0]
[0, 0, 0]
[0, 0, 0]
[0, 0, 0]
[0, 0, 0]
[0, 0, 0]
[0, 0, 0]
[0, 0, 0]
[0, 0, 0]
[0, 0, 0]
[0, 0, 0]
[0, 0, 0]
[0, 0, 0]
[0, 0, 0]
[0, 0, 0]
[0, 0, 0]
[0, 0, 0]
[0, 0, 0]
[0, 0, 0]
[0, 0, 0]
[0, 0, 0]
[0, 0, 0]
[0, 0, 0]
[0, 0, 0]
[0, 0, 0]
[0, 0, 0]
[0, 0, 0]
[0, 0, 0]
[0, 0, 0]
[0, 0, 0]
[0, 0, 0]
[0, 0, 0]
[0, 0, 0]
[0, 0, 0]
[0, 0, 0]
[0, 0, 0]
[0, 0, 0]
[0, 0, 0]
[0, 0, 0]
[0, 0, 0]
[0, 0, 0]
[0, 0, 0]
[0, 0, 0]
[0, 0, 0]
[0, 0, 0]
[0, 0, 0]
[0, 0, 0]
[0, 0, 0]
[0, 0, 0]
[0, 0, 0]
[0, 0, 0]
[0, 0, 0]
[0, 0, 0]
[0, 0, 0]
[0, 0, 0]
[0, 0, 0]
[0, 0, 0]
[0, 0, 0]
[0, 0, 0]
[0, 0, 0]
[0, 0, 0]
[0, 0, 0]
[0, 0, 0]
[0, 0, 0]
[0, 0, 0]
[0, 0, 0]
[0, 0, 0]
[0, 0, 0]
[0, 0, 0]
[0, 0, 0]
[0, 0, 0]
[0, 0, 0]
[0, 0, 0]
[0, 0, 0]
[0, 0, 0]
[0, 0, 0]
[0, 0, 0]
