452
30
[50.99235153198242, -837.6895751953125, 2019.593017578125]
[54.052101135253906, -837.8682250976562, 2018.0389404296875]
[56.10565185546875, -836.5885620117188, 2016.29443359375]
[55.6290283203125, -835.3104858398438, 2016.1058349609375]
[60.561588287353516, -832.2657470703125, 2009.7310791015625]
[58.62958526611328, -831.9783935546875, 2012.1424560546875]
[63.84965896606445, -832.4129028320312, 2014.2174072265625]
[72.31346893310547, -840.061767578125, 2024.99365234375]
[74.29937744140625, -839.2890625, 2022.247314453125]
[77.94335174560547, -838.0392456054688, 2020.9796142578125]
[81.30200958251953, -837.0849609375, 2020.7159423828125]
[85.25501251220703, -837.0986938476562, 2018.177490234375]
[85.86883544921875, -836.5512084960938, 2014.8748779296875]
[88.41770935058594, -836.977294921875, 2015.4183349609375]
[99.01161193847656, -837.5953369140625, 2014.2154541015625]
[98.2729721069336, -838.5634155273438, 2016.864013671875]
[97.93372344970703, -839.318115234375, 2017.83251953125]
[99.58415985107422, -836.9375610351562, 2016.4822998046875]
[100.62250518798828, -836.7467651367188, 2016.866455078125]
[103.03428649902344, -834.376708984375, 2013.2371826171875]
[105.23161315917969, -833.7328491210938, 2014.5025634765625]
[104.2495346069336, -833.8878173828125, 2009.07421875]
[106.15363311767578, -832.6729125976562, 2010.54052734375]
[108.2204360961914, -833.63330078125, 2008.7330322265625]
[109.29320526123047, -833.8637084960938, 2010.8785400390625]
[111.31082916259766, -833.2227172851562, 2007.7333984375]
[113.16094970703125, -830.7285766601562, 2008.6402587890625]
[115.72469329833984, -829.9778442382812, 2000.8377685546875]
[117.890625, -827.2325439453125, 1998.4722900390625]
[116.7478256225586, -827.9619750976562, 1997.7652587890625]
[116.94800567626953, -828.2722778320312, 1997.89306640625]
[117.09101867675781, -828.2842407226562, 1998.0120849609375]
[117.58517456054688, -828.0465698242188, 1998.1226806640625]
[125.74052429199219, -826.3753051757812, 1994.28955078125]
[130.0946807861328, -829.0429077148438, 1996.115478515625]
[134.65377807617188, -822.1908569335938, 1986.671875]
[134.8336944580078, -822.1456909179688, 1986.599853515625]
[146.12548828125, -823.7310791015625, 1990.9488525390625]
[146.30894470214844, -811.848876953125, 1981.5386962890625]
[150.73023986816406, -812.4458618164062, 1968.507080078125]
[160.01919555664062, -810.9010620117188, 1967.313720703125]
[153.26535034179688, -818.5197143554688, 1957.0933837890625]
[156.78465270996094, -821.3047485351562, 1951.307861328125]
[149.27659606933594, -821.3937377929688, 1941.27685546875]
[145.51280212402344, -822.1250610351562, 1938.79443359375]
[138.07081604003906, -818.6168212890625, 1930.9296875]
[132.91592407226562, -820.2282104492188, 1929.260986328125]
[122.88268280029297, -817.4716186523438, 1931.435302734375]
[108.64662170410156, -819.9630737304688, 1924.23828125]
[95.62442779541016, -811.9170532226562, 1921.8277587890625]
[82.8493423461914, -807.8356323242188, 1909.2091064453125]
[69.67530822753906, -802.6932983398438, 1908.1483154296875]
[62.64857864379883, -792.1671752929688, 1904.287109375]
[51.20893478393555, -786.1595458984375, 1901.3375244140625]
[40.16254806518555, -785.933837890625, 1903.00244140625]
[32.7829704284668, -791.6939697265625, 1913.401611328125]
[16.577991485595703, -795.5941162109375, 1909.642578125]
[6.722716808319092, -809.2186279296875, 1905.34716796875]
[-4.997549533843994, -813.70458984375, 1894.51513671875]
[-21.41837501525879, -827.6514282226562, 1899.6009521484375]
[-29.623523712158203, -834.912841796875, 1897.4124755859375]
[-39.85089111328125, -846.0057373046875, 1895.7178955078125]
[-52.768089294433594, -850.193115234375, 1904.724609375]
[-48.962059020996094, -847.4989013671875, 1882.4637451171875]
[-40.27592849731445, -824.197509765625, 1871.2066650390625]
[-29.064058303833008, -819.9908447265625, 1871.7999267578125]
[-22.13276481628418, -817.5384521484375, 1885.6143798828125]
[-7.533998012542725, -816.2265014648438, 1888.265625]
[14.54270076751709, -818.766845703125, 1879.443359375]
[21.152729034423828, -823.2097778320312, 1880.18505859375]
[38.11273956298828, -811.4049072265625, 1875.0931396484375]
[51.56354522705078, -806.76904296875, 1868.600830078125]
[65.35169219970703, -814.0034790039062, 1869.946533203125]
[73.63262939453125, -818.3530883789062, 1871.26123046875]
[90.6034164428711, -831.47998046875, 1868.347900390625]
[101.51053619384766, -844.4497680664062, 1862.3519287109375]
[107.48497009277344, -855.4122924804688, 1859.650146484375]
[107.0432357788086, -860.3949584960938, 1862.98583984375]
[108.92158508300781, -866.7719116210938, 1870.783935546875]
[112.55445861816406, -850.687255859375, 1870.7896728515625]
[110.07962799072266, -855.7819213867188, 1883.419677734375]
[111.24832153320312, -845.9927368164062, 1889.9185791015625]
[117.179931640625, -840.0344848632812, 1883.8668212890625]
[119.47054290771484, -819.2236328125, 1899.6763916015625]
[121.94686889648438, -841.021240234375, 1916.451416015625]
[116.62762451171875, -818.9574584960938, 1908.4991455078125]
[117.93911743164062, -806.1647338867188, 1921.08544921875]
[109.3446273803711, -792.958251953125, 1908.060546875]
[105.41353607177734, -788.8795166015625, 1888.3831787109375]
[101.02643585205078, -793.6941528320312, 1880.9281005859375]
[88.22608947753906, -789.2874145507812, 1862.360107421875]
[92.6967544555664, -805.8501586914062, 1873.77294921875]
[81.62002563476562, -812.9795532226562, 1859.3970947265625]
[84.48554229736328, -832.1580810546875, 1834.6544189453125]
[89.76126098632812, -851.1756591796875, 1836.8372802734375]
[100.5716781616211, -869.3157958984375, 1835.6827392578125]
[102.76403045654297, -871.1363525390625, 1821.945556640625]
[115.43663024902344, -867.8175048828125, 1811.7869873046875]
[125.15196228027344, -856.2904052734375, 1797.019775390625]
[121.59261322021484, -838.1527709960938, 1782.0399169921875]
[129.2172088623047, -809.9999389648438, 1743.3759765625]
[130.3732452392578, -790.69775390625, 1746.923828125]
[129.53582763671875, -778.2622680664062, 1725.290771484375]
[141.27410888671875, -782.3428955078125, 1728.0513916015625]
[150.7689666748047, -791.8159790039062, 1731.00927734375]
[169.17747497558594, -802.2901611328125, 1714.7767333984375]
[170.09271240234375, -821.4168701171875, 1711.01318359375]
[178.76055908203125, -835.5107421875, 1704.22265625]
[184.45748901367188, -841.5405883789062, 1702.9931640625]
[186.7743377685547, -847.4133911132812, 1717.0621337890625]
[193.74331665039062, -841.0661010742188, 1729.95751953125]
[199.76577758789062, -818.136962890625, 1741.9207763671875]
[208.72242736816406, -795.2605590820312, 1726.2738037109375]
[214.6861572265625, -774.3427124023438, 1726.8895263671875]
[210.8426055908203, -784.0734252929688, 1769.2864990234375]
[215.8733367919922, -786.1344604492188, 1776.81591796875]
[225.5167236328125, -790.37353515625, 1776.2452392578125]
[229.31336975097656, -793.6367797851562, 1804.3125]
[238.81533813476562, -802.8056640625, 1810.2041015625]
[243.1099090576172, -805.3806762695312, 1805.528564453125]
[250.9093017578125, -814.488525390625, 1809.6358642578125]
[264.1392822265625, -824.668212890625, 1792.232177734375]
[257.9593200683594, -833.735595703125, 1802.2166748046875]
[249.74842834472656, -831.8568725585938, 1797.6201171875]
[252.48480224609375, -833.0028076171875, 1793.03564453125]
[239.28082275390625, -836.6363525390625, 1793.5611572265625]
[233.17034912109375, -841.8154296875, 1782.92626953125]
[227.67198181152344, -838.2904663085938, 1773.4847412109375]
[225.67208862304688, -828.0445556640625, 1764.2962646484375]
[216.54461669921875, -807.0504150390625, 1741.09130859375]
[208.01016235351562, -792.7945556640625, 1748.7183837890625]
[192.1888885498047, -772.4837036132812, 1738.155517578125]
[173.45599365234375, -762.6734008789062, 1739.5562744140625]
[159.8395538330078, -750.6832275390625, 1724.7462158203125]
[148.92279052734375, -754.1484375, 1717.734619140625]
[144.80685424804688, -766.9234008789062, 1712.6669921875]
[135.68959045410156, -784.77734375, 1720.4656982421875]
[131.78610229492188, -805.8575439453125, 1723.7950439453125]
[127.08507537841797, -825.9017944335938, 1727.129638671875]
[117.69979858398438, -840.0695190429688, 1734.2984619140625]
[113.23001861572266, -845.0371704101562, 1747.0784912109375]
[111.23467254638672, -844.5757446289062, 1764.5391845703125]
[99.35568237304688, -838.7518310546875, 1788.5364990234375]
[96.8752670288086, -819.540771484375, 1808.202880859375]
[81.60275268554688, -795.8676147460938, 1826.005126953125]
[53.09501266479492, -768.8992309570312, 1833.3656005859375]
[44.023590087890625, -758.0921630859375, 1843.0057373046875]
[26.474931716918945, -761.6096801757812, 1847.6630859375]
[15.043547630310059, -770.6351318359375, 1840.6033935546875]
[-3.1278133392333984, -781.0953979492188, 1830.6318359375]
[-16.59227180480957, -792.8893432617188, 1823.5540771484375]
[-33.761878967285156, -802.7315673828125, 1800.4971923828125]
[-40.22522735595703, -806.013916015625, 1793.2801513671875]
[-49.97534942626953, -819.4762573242188, 1786.918701171875]
[-58.654197692871094, -815.9209594726562, 1747.1168212890625]
[-66.35929107666016, -824.1119384765625, 1741.7044677734375]
[-77.5473861694336, -829.0219116210938, 1740.643798828125]
[-83.6673812866211, -834.8721313476562, 1734.9476318359375]
[-96.18755340576172, -833.571533203125, 1722.6536865234375]
[-95.30599975585938, -827.9478759765625, 1722.31640625]
[-98.96363067626953, -814.9776611328125, 1706.377685546875]
[-97.30013275146484, -803.2193603515625, 1693.005615234375]
[-102.6080093383789, -782.6347045898438, 1677.7750244140625]
[-108.94501495361328, -761.9483642578125, 1657.749267578125]
[-109.7650375366211, -745.9578247070312, 1651.2044677734375]
[-110.39447784423828, -751.2538452148438, 1641.856201171875]
[-121.69258117675781, -765.5201416015625, 1636.62939453125]
[-130.23330688476562, -779.6572265625, 1628.648681640625]
[-138.5276336669922, -781.7479858398438, 1608.61181640625]
[-139.8677520751953, -790.1395263671875, 1591.6375732421875]
[-158.5984344482422, -791.5672607421875, 1565.5086669921875]
[-170.59869384765625, -783.5726318359375, 1549.983154296875]
[-181.14999389648438, -776.1451416015625, 1545.5289306640625]
[-183.4091796875, -750.072509765625, 1525.078857421875]
[-190.57867431640625, -729.6072387695312, 1499.432373046875]
[-192.942138671875, -729.9266967773438, 1495.021240234375]
[-202.9492950439453, -739.1990356445312, 1508.7896728515625]
[-203.2132568359375, -739.3486938476562, 1506.3250732421875]
[-204.10580444335938, -739.0613403320312, 1507.8961181640625]
[-209.81700134277344, -740.531494140625, 1499.2021484375]
[-203.12596130371094, -740.0349731445312, 1500.2572021484375]
[-203.98550415039062, -734.9491577148438, 1495.61328125]
[-208.7572479248047, -743.1625366210938, 1502.8646240234375]
[-211.08822631835938, -738.3446044921875, 1496.9537353515625]
[-210.8011932373047, -735.8466186523438, 1499.16357421875]
[-206.13491821289062, -734.6289672851562, 1496.4339599609375]
[-201.6968536376953, -753.7515258789062, 1522.904296875]
[-193.90638732910156, -757.8282470703125, 1530.3431396484375]
[-192.78050231933594, -753.9198608398438, 1532.9122314453125]
[-187.09542846679688, -746.7698364257812, 1534.656982421875]
[-178.56068420410156, -741.983154296875, 1529.3692626953125]
[-170.08050537109375, -750.4246826171875, 1545.6514892578125]
[-159.33880615234375, -770.5912475585938, 1584.3531494140625]
[-145.859130859375, -770.7794189453125, 1593.294677734375]
[-131.60008239746094, -772.7545776367188, 1602.5157470703125]
[-113.45006561279297, -774.73046875, 1622.64208984375]
[-99.68502807617188, -765.0904541015625, 1627.0888671875]
[-101.0043716430664, -763.1365966796875, 1631.9547119140625]
[-94.65547180175781, -772.6038208007812, 1648.7547607421875]
[-81.96256256103516, -784.2217407226562, 1658.59619140625]
[-65.26160430908203, -803.4729614257812, 1677.1781005859375]
[-60.1173095703125, -815.801025390625, 1694.9481201171875]
[-48.18324661254883, -826.0593872070312, 1708.5206298828125]
[-34.15306091308594, -829.833251953125, 1728.3043212890625]
[-23.677112579345703, -834.19873046875, 1749.620849609375]
[-15.838919639587402, -834.1616821289062, 1778.7117919921875]
[-13.955337524414062, -827.8695068359375, 1804.25048828125]
[-15.039129257202148, -817.3568115234375, 1824.1912841796875]
[-4.898720741271973, -814.8917236328125, 1859.517822265625]
[-0.85622239112854, -801.333740234375, 1878.3232421875]
[9.253044128417969, -798.84814453125, 1911.1455078125]
[13.969067573547363, -778.9779052734375, 1928.258544921875]
[26.205188751220703, -775.3178100585938, 1945.8394775390625]
[35.20362854003906, -799.4734497070312, 1973.5264892578125]
[40.44004821777344, -812.0881958007812, 1986.36181640625]
[49.96805191040039, -838.3080444335938, 1988.0421142578125]
[63.10232162475586, -862.8003540039062, 1999.180419921875]
[74.41606140136719, -877.2296142578125, 2002.5999755859375]
[87.94100189208984, -897.6287841796875, 2018.277587890625]
[105.07089233398438, -901.5947875976562, 2031.55712890625]
[117.30950927734375, -891.034423828125, 2047.477294921875]
[124.91405487060547, -881.1159057617188, 2059.921875]
[141.8601837158203, -846.6351928710938, 2066.90234375]
[148.78314208984375, -821.1644897460938, 2060.24951171875]
[155.31524658203125, -813.9522094726562, 2079.399658203125]
[162.45388793945312, -810.7943725585938, 2100.713623046875]
[166.5054168701172, -814.5463256835938, 2109.132080078125]
[166.0260772705078, -814.8629760742188, 2121.0361328125]
[152.5261993408203, -825.4193115234375, 2120.878173828125]
[149.07289123535156, -835.69580078125, 2124.51220703125]
[142.2041778564453, -860.9413452148438, 2147.253173828125]
[137.84243774414062, -886.32373046875, 2158.1552734375]
[135.0376739501953, -924.085205078125, 2172.182373046875]
[123.14494323730469, -951.4490966796875, 2178.285400390625]
[125.53990173339844, -968.5861206054688, 2182.24951171875]
[124.45348358154297, -974.2905883789062, 2175.868896484375]
[124.86785125732422, -966.8199462890625, 2176.727783203125]
[123.52072143554688, -944.0967407226562, 2169.778564453125]
[119.86786651611328, -924.9661254882812, 2166.72021484375]
[123.41206359863281, -899.8844604492188, 2166.69677734375]
[115.54047393798828, -855.9810791015625, 2147.647216796875]
[105.26080322265625, -824.9300537109375, 2117.14892578125]
[98.72291564941406, -808.0420532226562, 2100.370849609375]
[97.81842803955078, -787.2836303710938, 2079.275634765625]
[98.86518096923828, -762.685791015625, 2067.404296875]
[105.95689392089844, -736.1085815429688, 2048.71923828125]
[108.62025451660156, -702.8336791992188, 2035.7091064453125]
[114.02061462402344, -667.3800048828125, 2021.85986328125]
[114.06177520751953, -642.8154907226562, 2023.1748046875]
[118.30184173583984, -585.1732177734375, 2002.5257568359375]
[118.77339172363281, -540.6469116210938, 1986.7041015625]
[114.1573715209961, -500.1772766113281, 1979.9176025390625]
[114.13011169433594, -471.4808044433594, 1976.671142578125]
[116.2162857055664, -446.70574951171875, 1975.892333984375]
[116.73130798339844, -432.01220703125, 1979.232421875]
[118.72013092041016, -427.58111572265625, 1982.3433837890625]
[116.34747314453125, -432.09783935546875, 1983.9515380859375]
[115.65164947509766, -440.2195129394531, 1989.09326171875]
[114.66841125488281, -463.161865234375, 1991.8607177734375]
[114.42403411865234, -490.0418395996094, 2005.613037109375]
[116.55117797851562, -512.0313110351562, 1998.8616943359375]
[120.6446304321289, -543.996826171875, 2005.0015869140625]
[120.05868530273438, -598.0638427734375, 2015.6417236328125]
[133.26084899902344, -664.3570556640625, 2031.8052978515625]
[136.8506317138672, -730.1071166992188, 2048.968017578125]
[139.23582458496094, -804.600830078125, 2062.69873046875]
[153.88250732421875, -861.2814331054688, 2061.82080078125]
[161.46340942382812, -903.7275390625, 2052.74169921875]
[168.44422912597656, -953.7717895507812, 2048.82763671875]
[179.3602752685547, -974.8980102539062, 2052.93408203125]
[184.4674072265625, -1008.0288696289062, 2062.99365234375]
[175.35137939453125, -1018.90673828125, 2062.654541015625]
[171.87808227539062, -1016.9288940429688, 2069.093505859375]
[167.44984436035156, -990.4627685546875, 2066.23583984375]
[175.8106231689453, -974.6356201171875, 2076.19775390625]
[169.77294921875, -913.4436645507812, 2062.084228515625]
[171.86106872558594, -873.1045532226562, 2062.82958984375]
[175.8492431640625, -843.1766357421875, 2064.899658203125]
[179.3078155517578, -824.1654663085938, 2055.707763671875]
[180.642333984375, -799.2823486328125, 2047.9788818359375]
[183.24644470214844, -779.4721069335938, 2035.6812744140625]
[186.27980041503906, -776.40185546875, 2022.600830078125]
[179.7080535888672, -775.3135986328125, 2009.5772705078125]
[170.2044677734375, -777.1510009765625, 1995.43798828125]
[165.5112762451172, -772.273681640625, 1954.8973388671875]
[157.54405212402344, -779.753662109375, 1929.739990234375]
[143.9895477294922, -789.63037109375, 1903.9434814453125]
[138.07119750976562, -784.0261840820312, 1878.12890625]
[124.88582611083984, -788.6455688476562, 1866.6365966796875]
[121.19258880615234, -794.6792602539062, 1853.4937744140625]
[119.13428497314453, -785.807373046875, 1827.7373046875]
[120.55540466308594, -785.9271850585938, 1810.3043212890625]
[119.02164459228516, -789.08544921875, 1798.5516357421875]
[121.96318817138672, -798.8525390625, 1787.0733642578125]
[123.86245727539062, -801.9962158203125, 1775.99609375]
[116.70794677734375, -803.210693359375, 1763.146484375]
[113.02129364013672, -797.956787109375, 1746.2427978515625]
[114.03646850585938, -798.1113891601562, 1731.7855224609375]
[111.60768127441406, -799.9817504882812, 1728.4923095703125]
[114.21880340576172, -803.8274536132812, 1709.8450927734375]
[110.97510528564453, -806.5258178710938, 1680.1754150390625]
[112.32693481445312, -798.6597290039062, 1653.19921875]
[112.98662567138672, -787.9766845703125, 1629.5203857421875]
[118.77361297607422, -774.65478515625, 1596.1453857421875]
[119.42497253417969, -768.2770385742188, 1573.6768798828125]
[116.79722595214844, -751.2935180664062, 1540.6263427734375]
[116.47323608398438, -744.740478515625, 1515.5377197265625]
[126.1089859008789, -749.983154296875, 1498.213134765625]
[125.94937133789062, -753.0791625976562, 1483.62548828125]
[126.80902862548828, -759.427978515625, 1468.5423583984375]
[128.10304260253906, -767.0029907226562, 1459.946044921875]
[122.3454818725586, -771.7236938476562, 1451.003173828125]
[123.91084289550781, -775.131591796875, 1440.7579345703125]
[117.32161712646484, -783.803466796875, 1432.96044921875]
[116.36076354980469, -798.2131958007812, 1435.6444091796875]
[118.19638061523438, -803.8738403320312, 1433.316650390625]
[107.3393325805664, -801.103271484375, 1436.5699462890625]
[104.76688385009766, -794.5668334960938, 1435.2449951171875]
[104.38720703125, -791.1932373046875, 1433.8489990234375]
[107.64324188232422, -790.7252197265625, 1433.80615234375]
[118.5864486694336, -809.1046752929688, 1453.62939453125]
[115.9508056640625, -807.4234619140625, 1453.239501953125]
[115.10287475585938, -816.7291259765625, 1475.4307861328125]
[107.41962432861328, -802.2691040039062, 1463.3526611328125]
[97.27763366699219, -781.9716796875, 1462.8236083984375]
[93.6899185180664, -789.587646484375, 1501.083984375]
[83.25401306152344, -784.7423095703125, 1513.8184814453125]
[74.54169464111328, -787.0736694335938, 1521.197021484375]
[60.543277740478516, -790.7705688476562, 1527.6572265625]
[58.81492233276367, -803.5223999023438, 1528.5885009765625]
[47.461814880371094, -827.09326171875, 1538.0843505859375]
[36.05379867553711, -854.6727905273438, 1544.4425048828125]
[25.842796325683594, -865.7769165039062, 1547.5413818359375]
[26.996299743652344, -887.7596435546875, 1528.2412109375]
[24.318504333496094, -888.650390625, 1522.5035400390625]
[22.058122634887695, -894.0674438476562, 1514.744140625]
[21.677845001220703, -897.16845703125, 1512.6400146484375]
[15.4113187789917, -876.0140380859375, 1497.3499755859375]
[-4.893844127655029, -842.1380615234375, 1478.7127685546875]
[-17.225048065185547, -823.3438110351562, 1462.9962158203125]
[-42.49235534667969, -814.6842651367188, 1462.5916748046875]
[-63.356346130371094, -803.14794921875, 1460.0594482421875]
[-95.4077377319336, -786.619140625, 1460.5640869140625]
[-114.36009216308594, -777.2930908203125, 1463.962890625]
[-122.18118286132812, -780.1188354492188, 1452.2894287109375]
[-118.0436782836914, -790.0773315429688, 1454.760498046875]
[-109.66905212402344, -784.208251953125, 1448.173583984375]
[-108.7141342163086, -793.054931640625, 1456.3233642578125]
[-107.36131286621094, -801.5722045898438, 1458.043701171875]
[-102.81324768066406, -801.5503540039062, 1450.6260986328125]
[-109.42626953125, -803.573486328125, 1453.0869140625]
[-127.90508270263672, -814.6561279296875, 1472.08447265625]
[-123.77068328857422, -815.5698852539062, 1488.3499755859375]
[-127.65296936035156, -820.1641235351562, 1505.7147216796875]
[-133.9857635498047, -810.8123779296875, 1529.105712890625]
[-132.81915283203125, -806.6467895507812, 1545.66357421875]
[-126.97689056396484, -801.492431640625, 1570.6683349609375]
[-112.98603057861328, -786.861572265625, 1570.9066162109375]
[-112.35870361328125, -761.9581298828125, 1577.355224609375]
[-89.22337341308594, -770.719482421875, 1604.596435546875]
[-78.1040267944336, -769.1510009765625, 1613.949951171875]
[-68.4478759765625, -781.1006469726562, 1630.0474853515625]
[-66.48294830322266, -797.2305297851562, 1637.896240234375]
[-59.6025276184082, -815.009033203125, 1651.7010498046875]
[-44.3824462890625, -834.644287109375, 1658.79443359375]
[-28.432231903076172, -848.8900756835938, 1672.5924072265625]
[-19.477893829345703, -857.9326171875, 1675.0902099609375]
[-14.071084976196289, -861.4959716796875, 1682.9993896484375]
[-11.124679565429688, -872.661376953125, 1703.091064453125]
[-5.027679920196533, -873.0176391601562, 1716.22412109375]
[8.744132995605469, -865.2000732421875, 1734.430908203125]
[17.28250503540039, -857.9580078125, 1755.33154296875]
[28.43358612060547, -839.2651977539062, 1768.718994140625]
[42.47556686401367, -822.4049682617188, 1791.2998046875]
[58.33412170410156, -800.6769409179688, 1807.7086181640625]
[79.41197967529297, -793.2279052734375, 1843.572509765625]
[99.25037384033203, -786.572998046875, 1867.27734375]
[113.41291046142578, -797.8659057617188, 1887.306640625]
[127.9916763305664, -811.2939453125, 1911.355712890625]
[143.79153442382812, -821.8379516601562, 1921.7239990234375]
[151.3289794921875, -834.5635375976562, 1941.2327880859375]
[152.06277465820312, -828.7003784179688, 1940.001220703125]
[160.4486846923828, -849.3469848632812, 1961.276611328125]
[156.53872680664062, -845.4122314453125, 1959.292724609375]
[156.93446350097656, -847.2578125, 1969.244384765625]
[165.00067138671875, -851.9425659179688, 1982.0029296875]
[166.83753967285156, -848.255859375, 1985.692138671875]
[169.6348114013672, -844.3490600585938, 1995.417724609375]
[167.26507568359375, -845.4081420898438, 2009.35107421875]
[174.8625946044922, -854.1857299804688, 2025.494140625]
[176.77484130859375, -854.4480590820312, 2045.1422119140625]
[166.47601318359375, -848.8717041015625, 2058.64208984375]
[161.13731384277344, -843.4913940429688, 2070.913818359375]
[150.3990020751953, -835.0654907226562, 2084.435546875]
[136.403564453125, -828.3140869140625, 2098.412841796875]
[120.46320343017578, -812.1353759765625, 2104.454345703125]
[121.03852844238281, -804.98779296875, 2113.254150390625]
[113.57652282714844, -792.4352416992188, 2106.38720703125]
[114.34040832519531, -795.8455200195312, 2100.287841796875]
[117.31971740722656, -802.1710815429688, 2102.7578125]
[123.94615936279297, -821.134521484375, 2104.039794921875]
[122.79859161376953, -826.1400146484375, 2102.612548828125]
[125.80061340332031, -832.41259765625, 2107.46728515625]
[129.79673767089844, -835.2488403320312, 2104.560546875]
[138.9574737548828, -836.4282836914062, 2111.553466796875]
[145.53622436523438, -843.10107421875, 2125.54541015625]
[154.4342803955078, -839.8779907226562, 2126.85546875]
[164.8661651611328, -841.714111328125, 2139.709228515625]
[172.11837768554688, -835.741455078125, 2156.115966796875]
[185.99488830566406, -827.001953125, 2172.940673828125]
[200.98883056640625, -806.6699829101562, 2180.8515625]
[211.21536254882812, -785.6534423828125, 2189.10791015625]
[223.04957580566406, -775.9884033203125, 2199.442626953125]
[234.08743286132812, -779.2323608398438, 2209.57763671875]
[243.20338439941406, -779.612060546875, 2219.113037109375]
[243.02310180664062, -792.8780517578125, 2228.38330078125]
[248.9577178955078, -801.3558959960938, 2227.31103515625]
[253.23060607910156, -812.0076904296875, 2224.053466796875]
[260.5030822753906, -824.3760986328125, 2218.147705078125]
[258.41204833984375, -832.7461547851562, 2216.089111328125]
[258.2393798828125, -832.452392578125, 2208.815673828125]
[255.7589111328125, -831.683349609375, 2198.96923828125]
[245.900634765625, -819.560546875, 2186.042724609375]
[236.8930206298828, -808.564453125, 2169.046630859375]
[222.9187469482422, -795.1423950195312, 2146.0498046875]
[208.0348358154297, -785.7813110351562, 2125.3876953125]
[194.669189453125, -779.3074951171875, 2103.775146484375]
[178.29916381835938, -774.265625, 2077.569580078125]
[161.72268676757812, -760.766357421875, 2053.86669921875]
[150.00436401367188, -748.8645629882812, 2031.16650390625]
[133.6075897216797, -737.0974731445312, 2012.6317138671875]
[128.29541015625, -729.7655639648438, 1995.8519287109375]
[122.8065414428711, -724.4375610351562, 1977.8909912109375]
[121.56121826171875, -723.8760986328125, 1962.8201904296875]
[121.94609069824219, -722.7371826171875, 1947.58984375]
[114.95553588867188, -727.2882690429688, 1936.300048828125]
[106.40367889404297, -736.75634765625, 1916.5377197265625]
[105.24868774414062, -739.7271728515625, 1902.21435546875]
[97.71871948242188, -748.848876953125, 1882.5145263671875]
[89.11141967773438, -760.0938110351562, 1870.7275390625]
[77.63920593261719, -769.9996948242188, 1861.1427001953125]
[69.9205551147461, -775.0784301757812, 1847.484619140625]
[63.880943298339844, -773.37890625, 1833.8717041015625]
[58.90860366821289, -774.6049194335938, 1819.088134765625]
[49.07122039794922, -767.8026733398438, 1809.4521484375]
[39.03863525390625, -756.2010498046875, 1790.6708984375]
[32.73833084106445, -757.4645385742188, 1779.2119140625]
[24.4536075592041, -752.6715698242188, 1766.6072998046875]
[23.845989227294922, -755.315185546875, 1757.63525390625]
[22.7575626373291, -754.9776000976562, 1733.196533203125]
[16.824899673461914, -754.4698486328125, 1714.0040283203125]
[12.032808303833008, -761.8006591796875, 1698.1376953125]
