452
30
[50.99235153, 1637.6895752, 1019.59301758]
[54.05210114, 1637.8682251, 1018.03894043]
[56.10565186, 1636.58856201, 1016.29443359]
[55.62902832, 1635.31048584, 1016.10583496]
[60.56158829, 1632.26574707, 1009.7310791]
[58.62958527, 1631.97839355, 1012.14245605]
[63.84965897, 1632.41290283, 1014.21740723]
[72.31346893, 1640.06176758, 1024.99365234]
[74.29937744, 1639.2890625, 1022.24731445]
[77.94335175, 1638.03924561, 1020.97961426]
[81.30200958, 1637.08496094, 1020.71594238]
[85.25501251, 1637.09869385, 1018.17749023]
[85.86883545, 1636.5512085, 1014.87487793]
[88.41770935, 1636.97729492, 1015.41833496]
[99.01161194, 1637.59533691, 1014.2154541]
[98.27297211, 1638.56341553, 1016.86401367]
[97.93372345, 1639.31811523, 1017.83251953]
[99.58415985, 1636.93756104, 1016.4822998]
[100.62250519, 1636.74676514, 1016.86645508]
[103.0342865, 1634.37670898, 1013.23718262]
[105.23161316, 1633.73284912, 1014.50256348]
[104.24953461, 1633.88781738, 1009.07421875]
[106.15363312, 1632.6729126, 1010.54052734]
[108.2204361, 1633.63330078, 1008.73303223]
[109.29320526, 1633.8637085, 1010.87854004]
[111.31082916, 1633.22271729, 1007.73339844]
[113.16094971, 1630.72857666, 1008.64025879]
[115.7246933, 1629.97784424, 1000.83776855]
[117.890625, 1627.23254395, 998.47229004]
[116.74782562, 1627.9619751, 997.76525879]
[116.94800568, 1628.27227783, 997.89306641]
[117.09101868, 1628.28424072, 998.01208496]
[117.58517456, 1628.04656982, 998.12268066]
[125.74052429, 1626.37530518, 994.28955078]
[130.09468079, 1629.04290771, 996.11547852]
[134.65377808, 1622.19085693, 986.671875]
[134.83369446, 1622.14569092, 986.59985352]
[146.12548828, 1623.7310791, 990.94885254]
[146.3089447, 1611.84887695, 981.53869629]
[150.73023987, 1612.44586182, 968.50708008]
[160.01919556, 1610.90106201, 967.3137207]
[153.26535034, 1618.51971436, 957.09338379]
[156.78465271, 1621.30474854, 951.30786133]
[149.27659607, 1621.39373779, 941.27685547]
[145.51280212, 1622.12506104, 938.79443359]
[138.07081604, 1618.61682129, 930.9296875]
[132.91592407, 1620.22821045, 929.26098633]
[122.8826828, 1617.47161865, 931.43530273]
[108.6466217, 1619.96307373, 924.23828125]
[95.6244278, 1611.91705322, 921.82775879]
[82.84934235, 1607.83563232, 909.20910645]
[69.67530823, 1602.69329834, 908.14831543]
[62.64857864, 1592.16717529, 904.28710938]
[51.20893478, 1586.1595459, 901.33752441]
[40.16254807, 1585.93383789, 903.00244141]
[32.78297043, 1591.69396973, 913.40161133]
[16.57799149, 1595.59411621, 909.64257812]
[6.72271681, 1609.21862793, 905.34716797]
[-4.99754953, 1613.70458984, 894.51513672]
[-21.41837502, 1627.65142822, 899.60095215]
[-29.62352371, 1634.9128418, 897.41247559]
[-39.85089111, 1646.0057373, 895.71789551]
[-52.76808929, 1650.19311523, 904.72460938]
[-48.96205902, 1647.49890137, 882.46374512]
[-40.2759285, 1624.19750977, 871.20666504]
[-29.0640583, 1619.99084473, 871.79992676]
[-22.13276482, 1617.53845215, 885.61437988]
[-7.53399801, 1616.22650146, 888.265625]
[14.54270077, 1618.7668457, 879.44335938]
[21.15272903, 1623.20977783, 880.18505859]
[38.11273956, 1611.40490723, 875.09313965]
[51.56354523, 1606.76904297, 868.60083008]
[65.3516922, 1614.003479, 869.9465332]
[73.63262939, 1618.35308838, 871.26123047]
[90.60341644, 1631.47998047, 868.34790039]
[101.51053619, 1644.44976807, 862.35192871]
[107.48497009, 1655.41229248, 859.65014648]
[107.04323578, 1660.3949585, 862.98583984]
[108.92158508, 1666.77191162, 870.78393555]
[112.55445862, 1650.68725586, 870.78967285]
[110.07962799, 1655.78192139, 883.41967773]
[111.24832153, 1645.99273682, 889.9185791]
[117.17993164, 1640.03448486, 883.86682129]
[119.47054291, 1619.22363281, 899.6763916]
[121.9468689, 1641.02124023, 916.45141602]
[116.62762451, 1618.9574585, 908.49914551]
[117.93911743, 1606.16473389, 921.08544922]
[109.34462738, 1592.95825195, 908.06054688]
[105.41353607, 1588.8795166, 888.38317871]
[101.02643585, 1593.69415283, 880.92810059]
[88.22608948, 1589.28741455, 862.36010742]
[92.69675446, 1605.85015869, 873.77294922]
[81.62002563, 1612.97955322, 859.39709473]
[84.4855423, 1632.15808105, 834.65441895]
[89.76126099, 1651.17565918, 836.83728027]
[100.57167816, 1669.3157959, 835.68273926]
[102.76403046, 1671.13635254, 821.94555664]
[115.43663025, 1667.81750488, 811.7869873]
[125.15196228, 1656.29040527, 797.01977539]
[121.59261322, 1638.152771, 782.03991699]
[129.21720886, 1609.99993896, 743.37597656]
[130.37324524, 1590.69775391, 746.92382812]
[129.53582764, 1578.26226807, 725.29077148]
[141.27410889, 1582.34289551, 728.0513916]
[150.76896667, 1591.815979, 731.00927734]
[169.17747498, 1602.29016113, 714.7767334]
[170.0927124, 1621.41687012, 711.01318359]
[178.76055908, 1635.51074219, 704.22265625]
[184.45748901, 1641.54058838, 702.99316406]
[186.77433777, 1647.41339111, 717.06213379]
[193.74331665, 1641.06610107, 729.95751953]
[199.76577759, 1618.13696289, 741.92077637]
[208.72242737, 1595.26055908, 726.27380371]
[214.68615723, 1574.3427124, 726.88952637]
[210.84260559, 1584.07342529, 769.28649902]
[215.87333679, 1586.13446045, 776.81591797]
[225.51672363, 1590.37353516, 776.24523926]
[229.31336975, 1593.63677979, 804.3125, ]
[238.81533813, 1602.80566406, 810.20410156]
[243.10990906, 1605.38067627, 805.52856445]
[250.90930176, 1614.48852539, 809.63586426]
[264.13928223, 1624.66821289, 792.23217773]
[257.95932007, 1633.7355957, 802.2166748]
[249.74842834, 1631.85687256, 797.62011719]
[252.48480225, 1633.00280762, 793.03564453]
[239.28082275, 1636.63635254, 793.56115723]
[233.17034912, 1641.81542969, 782.92626953]
[227.67198181, 1638.29046631, 773.48474121]
[225.67208862, 1628.04455566, 764.29626465]
[216.5446167, 1607.05041504, 741.09130859]
[208.01016235, 1592.79455566, 748.71838379]
[192.18888855, 1572.48370361, 738.15551758]
[173.45599365, 1562.67340088, 739.55627441]
[159.83955383, 1550.68322754, 724.74621582]
[148.92279053, 1554.1484375, 717.73461914]
[144.80685425, 1566.92340088, 712.66699219]
[135.68959045, 1584.77734375, 720.46569824]
[131.78610229, 1605.85754395, 723.79504395]
[127.08507538, 1625.90179443, 727.12963867]
[117.69979858, 1640.06951904, 734.29846191]
[113.23001862, 1645.03717041, 747.07849121]
[111.23467255, 1644.57574463, 764.53918457]
[99.35568237, 1638.75183105, 788.53649902]
[96.87526703, 1619.54077148, 808.20288086]
[81.60275269, 1595.86761475, 826.00512695]
[53.09501266, 1568.89923096, 833.36560059]
[44.02359009, 1558.09216309, 843.0057373]
[26.47493172, 1561.60968018, 847.66308594]
[15.04354763, 1570.63513184, 840.60339355]
[-3.12781334, 1581.09539795, 830.63183594]
[-16.5922718, 1592.88934326, 823.55407715]
[-33.76187897, 1602.73156738, 800.49719238]
[-40.22522736, 1606.01391602, 793.28015137]
[-49.97534943, 1619.47625732, 786.91870117]
[-58.65419769, 1615.92095947, 747.11682129]
[-66.35929108, 1624.11193848, 741.70446777]
[-77.54738617, 1629.02191162, 740.64379883]
[-83.66738129, 1634.87213135, 734.94763184]
[-96.18755341, 1633.5715332, 722.65368652]
[-95.30599976, 1627.94787598, 722.31640625]
[-98.96363068, 1614.97766113, 706.37768555]
[-97.30013275, 1603.21936035, 693.00561523]
[-102.60800934, 1582.63470459, 677.77502441]
[-108.94501495, 1561.94836426, 657.74926758]
[-109.76503754, 1545.95782471, 651.20446777]
[-110.39447784, 1551.25384521, 641.85620117]
[-121.69258118, 1565.5201416, 636.62939453]
[-130.23330688, 1579.65722656, 628.64868164]
[-138.52763367, 1581.74798584, 608.61181641]
[-139.86775208, 1590.13952637, 591.63757324]
[-158.59843445, 1591.56726074, 565.50866699]
[-170.59869385, 1583.57263184, 549.9831543]
[-181.1499939, 1576.1451416, 545.52893066]
[-183.40917969, 1550.07250977, 525.07885742]
[-190.57867432, 1529.60723877, 499.43237305]
[-192.94213867, 1529.92669678, 495.02124023]
[-202.94929504, 1539.19903564, 508.78967285]
[-203.21325684, 1539.34869385, 506.32507324]
[-204.10580444, 1539.06134033, 507.89611816]
[-209.81700134, 1540.53149414, 499.20214844]
[-203.1259613, 1540.03497314, 500.25720215]
[-203.98550415, 1534.94915771, 495.61328125]
[-208.75724792, 1543.16253662, 502.86462402]
[-211.08822632, 1538.34460449, 496.95373535]
[-210.80119324, 1535.84661865, 499.16357422]
[-206.13491821, 1534.62896729, 496.43395996]
[-201.69685364, 1553.75152588, 522.90429688]
[-193.90638733, 1557.82824707, 530.34313965]
[-192.78050232, 1553.91986084, 532.91223145]
[-187.09542847, 1546.76983643, 534.65698242]
[-178.5606842, 1541.9831543, 529.3692627]
[-170.08050537, 1550.42468262, 545.65148926]
[-159.33880615, 1570.59124756, 584.35314941]
[-145.85913086, 1570.77941895, 593.29467773]
[-131.6000824, 1572.75457764, 602.51574707]
[-113.45006561, 1574.73046875, 622.64208984]
[-99.68502808, 1565.0904541, 627.08886719]
[-101.00437164, 1563.13659668, 631.95471191]
[-94.6554718, 1572.6038208, 648.75476074]
[-81.96256256, 1584.22174072, 658.59619141]
[-65.26160431, 1603.47296143, 677.17810059]
[-60.11730957, 1615.80102539, 694.94812012]
[-48.18324661, 1626.05938721, 708.52062988]
[-34.15306091, 1629.83325195, 728.30432129]
[-23.67711258, 1634.19873047, 749.62084961]
[-15.83891964, 1634.16168213, 778.71179199]
[-13.95533752, 1627.86950684, 804.25048828]
[-15.03912926, 1617.35681152, 824.19128418]
[-4.89872074, 1614.89172363, 859.51782227]
[-8.56222391e-01, 1.60133374e+03, 8.78323242e+02]
[9.25304413, 1598.84814453, 911.14550781]
[13.96906757, 1578.97790527, 928.25854492]
[26.20518875, 1575.31781006, 945.83947754]
[35.20362854, 1599.47344971, 973.52648926]
[40.44004822, 1612.0881958, 986.36181641]
[49.96805191, 1638.30804443, 988.04211426]
[63.10232162, 1662.800354, 999.18041992]
[74.4160614, 1677.22961426, 1002.59997559]
[87.94100189, 1697.62878418, 1018.27758789]
[105.07089233, 1701.5947876, 1031.55712891]
[117.30950928, 1691.03442383, 1047.47729492]
[124.91405487, 1681.11590576, 1059.921875]
[141.86018372, 1646.63519287, 1066.90234375]
[148.78314209, 1621.16448975, 1060.24951172]
[155.31524658, 1613.95220947, 1079.3996582]
[162.45388794, 1610.79437256, 1100.71362305]
[166.50541687, 1614.54632568, 1109.13208008]
[166.02607727, 1614.86297607, 1121.03613281]
[152.52619934, 1625.41931152, 1120.87817383]
[149.07289124, 1635.69580078, 1124.51220703]
[142.20417786, 1660.94134521, 1147.25317383]
[137.84243774, 1686.32373047, 1158.15527344]
[135.03767395, 1724.08520508, 1172.18237305]
[123.14494324, 1751.44909668, 1178.28540039]
[125.53990173, 1768.58612061, 1182.24951172]
[124.45348358, 1774.29058838, 1175.86889648]
[124.86785126, 1766.81994629, 1176.7277832]
[123.52072144, 1744.09674072, 1169.77856445]
[119.86786652, 1724.96612549, 1166.72021484]
[123.4120636, 1699.88446045, 1166.69677734]
[115.54047394, 1655.9810791, 1147.6472168]
[105.26080322, 1624.93005371, 1117.14892578]
[98.72291565, 1608.04205322, 1100.37084961]
[97.81842804, 1587.28363037, 1079.27563477]
[98.86518097, 1562.68579102, 1067.40429688]
[105.95689392, 1536.10858154, 1048.71923828]
[108.62025452, 1502.8336792, 1035.70910645]
[114.02061462, 1467.38000488, 1021.85986328]
[114.06177521, 1442.81549072, 1023.17480469]
[118.30184174, 1385.17321777, 1002.52575684]
[118.77339172, 1340.64691162, 986.70410156]
[114.15737152, 1300.17727661, 979.91760254]
[114.13011169, 1271.48080444, 976.67114258]
[116.21628571, 1246.70574951, 975.89233398]
[116.73130798, 1232.01220703, 979.23242188]
[118.72013092, 1227.58111572, 982.34338379]
[116.34747314, 1232.09783936, 983.95153809]
[115.65164948, 1240.21951294, 989.09326172]
[114.66841125, 1263.16186523, 991.86071777]
[114.42403412, 1290.0418396, 1005.61303711]
[116.55117798, 1312.03131104, 998.86169434]
[120.64463043, 1343.99682617, 1005.00158691]
[120.0586853, 1398.06384277, 1015.64172363]
[133.260849, 1464.35705566, 1031.80529785]
[136.85063171, 1530.1071167, 1048.96801758]
[139.23582458, 1604.60083008, 1062.69873047]
[153.88250732, 1661.28143311, 1061.82080078]
[161.46340942, 1703.72753906, 1052.74169922]
[168.44422913, 1753.77178955, 1048.82763672]
[179.36027527, 1774.89801025, 1052.93408203]
[184.46740723, 1808.02886963, 1062.99365234]
[175.35137939, 1818.90673828, 1062.65454102]
[171.87808228, 1816.92889404, 1069.09350586]
[167.44984436, 1790.46276855, 1066.23583984]
[175.81062317, 1774.63562012, 1076.19775391]
[169.77294922, 1713.44366455, 1062.08422852]
[171.86106873, 1673.10455322, 1062.82958984]
[175.84924316, 1643.17663574, 1064.8996582]
[179.30781555, 1624.16546631, 1055.70776367]
[180.64233398, 1599.28234863, 1047.97888184]
[183.2464447, 1579.47210693, 1035.68127441]
[186.27980042, 1576.40185547, 1022.60083008]
[179.70805359, 1575.31359863, 1009.57727051]
[170.20446777, 1577.15100098, 995.43798828]
[165.51127625, 1572.27368164, 954.89733887]
[157.54405212, 1579.75366211, 929.73999023]
[143.98954773, 1589.63037109, 903.94348145]
[138.07119751, 1584.02618408, 878.12890625]
[124.88582611, 1588.64556885, 866.63659668]
[121.19258881, 1594.67926025, 853.49377441]
[119.13428497, 1585.80737305, 827.73730469]
[120.55540466, 1585.92718506, 810.30432129]
[119.02164459, 1589.08544922, 798.55163574]
[121.96318817, 1598.85253906, 787.07336426]
[123.86245728, 1601.99621582, 775.99609375]
[116.70794678, 1603.21069336, 763.14648438]
[113.02129364, 1597.95678711, 746.24279785]
[114.03646851, 1598.11138916, 731.78552246]
[111.60768127, 1599.98175049, 728.49230957]
[114.21880341, 1603.82745361, 709.84509277]
[110.97510529, 1606.52581787, 680.17541504]
[112.32693481, 1598.659729, 653.19921875]
[112.98662567, 1587.97668457, 629.52038574]
[118.77361298, 1574.65478516, 596.14538574]
[119.42497253, 1568.27703857, 573.67687988]
[116.79722595, 1551.29351807, 540.62634277]
[116.47323608, 1544.74047852, 515.53771973]
[126.1089859, 1549.9831543, 498.21313477]
[125.94937134, 1553.0791626, 483.62548828]
[126.80902863, 1559.42797852, 468.5423584]
[128.1030426, 1567.00299072, 459.94604492]
[122.34548187, 1571.72369385, 451.00317383]
[123.9108429, 1575.1315918, 440.75793457]
[117.32161713, 1583.8034668, 432.96044922]
[116.36076355, 1598.2131958, 435.64440918]
[118.19638062, 1603.87384033, 433.31665039]
[107.33933258, 1601.10327148, 436.56994629]
[104.76688385, 1594.5668335, 435.24499512]
[104.38720703, 1591.1932373, 433.84899902]
[107.64324188, 1590.72521973, 433.80615234]
[118.58644867, 1609.10467529, 453.62939453]
[115.95080566, 1607.42346191, 453.23950195]
[115.10287476, 1616.72912598, 475.43078613]
[107.41962433, 1602.269104, 463.35266113]
[97.27763367, 1581.97167969, 462.8236084]
[93.68991852, 1589.58764648, 501.08398438]
[83.25401306, 1584.74230957, 513.81848145]
[74.54169464, 1587.07366943, 521.19702148]
[60.54327774, 1590.77056885, 527.65722656]
[58.81492233, 1603.5223999, 528.58850098]
[47.46181488, 1627.09326172, 538.08435059]
[36.05379868, 1654.67279053, 544.44250488]
[25.84279633, 1665.7769165, 547.54138184]
[26.99629974, 1687.75964355, 528.24121094]
[24.31850433, 1688.65039062, 522.50354004]
[22.05812263, 1694.06744385, 514.74414062]
[21.677845, 1697.16845703, 512.64001465]
[15.41131878, 1676.01403809, 497.34997559]
[-4.89384413, 1642.13806152, 478.71276855]
[-17.22504807, 1623.34381104, 462.99621582]
[-42.49235535, 1614.68426514, 462.5916748]
[-63.35634613, 1603.14794922, 460.05944824]
[-95.40773773, 1586.61914062, 460.56408691]
[-114.36009216, 1577.29309082, 463.96289062]
[-122.18118286, 1580.11883545, 452.28942871]
[-118.04367828, 1590.07733154, 454.76049805]
[-109.66905212, 1584.20825195, 448.17358398]
[-108.71413422, 1593.05493164, 456.32336426]
[-107.36131287, 1601.57220459, 458.04370117]
[-102.81324768, 1601.550354, 450.62609863]
[-109.42626953, 1603.57348633, 453.08691406]
[-127.9050827, 1614.65612793, 472.08447266]
[-123.77068329, 1615.56988525, 488.34997559]
[-127.65296936, 1620.16412354, 505.71472168]
[-133.98576355, 1610.81237793, 529.10571289]
[-132.81915283, 1606.64678955, 545.66357422]
[-126.97689056, 1601.49243164, 570.66833496]
[-112.98603058, 1586.86157227, 570.90661621]
[-112.35870361, 1561.95812988, 577.35522461]
[-89.22337341, 1570.71948242, 604.59643555]
[-78.10402679, 1569.15100098, 613.94995117]
[-68.44787598, 1581.10064697, 630.04748535]
[-66.4829483, 1597.23052979, 637.89624023]
[-59.60252762, 1615.0090332, 651.7010498]
[-44.38244629, 1634.64428711, 658.79443359]
[-28.4322319, 1648.89007568, 672.59240723]
[-19.47789383, 1657.93261719, 675.09020996]
[-14.07108498, 1661.49597168, 682.99938965]
[-11.12467957, 1672.66137695, 703.09106445]
[-5.02767992, 1673.01763916, 716.22412109]
[8.744133, 1665.20007324, 734.4309082]
[17.28250504, 1657.95800781, 755.33154297]
[28.43358612, 1639.26519775, 768.71899414]
[42.47556686, 1622.40496826, 791.29980469]
[58.3341217, 1600.67694092, 807.70861816]
[79.41197968, 1593.22790527, 843.57250977]
[99.25037384, 1586.57299805, 867.27734375]
[113.41291046, 1597.86590576, 887.30664062]
[127.99167633, 1611.29394531, 911.35571289]
[143.79153442, 1621.83795166, 921.72399902]
[151.32897949, 1634.5635376, 941.23278809]
[152.06277466, 1628.70037842, 940.0012207]
[160.44868469, 1649.34698486, 961.27661133]
[156.53872681, 1645.41223145, 959.29272461]
[156.9344635, 1647.2578125, 969.24438477]
[165.00067139, 1651.94256592, 982.00292969]
[166.83753967, 1648.25585938, 985.69213867]
[169.6348114, 1644.34906006, 995.41772461]
[167.26507568, 1645.40814209, 1009.35107422]
[174.8625946, 1654.18572998, 1025.49414062]
[176.77484131, 1654.44805908, 1045.14221191]
[166.47601318, 1648.8717041, 1058.64208984]
[161.13731384, 1643.49139404, 1070.91381836]
[150.39900208, 1635.06549072, 1084.43554688]
[136.40356445, 1628.31408691, 1098.4128418]
[120.46320343, 1612.13537598, 1104.4543457]
[121.03852844, 1604.98779297, 1113.25415039]
[113.57652283, 1592.4352417, 1106.38720703]
[114.34040833, 1595.84552002, 1100.2878418]
[117.31971741, 1602.17108154, 1102.7578125]
[123.94615936, 1621.13452148, 1104.03979492]
[122.79859161, 1626.14001465, 1102.61254883]
[125.8006134, 1632.41259766, 1107.46728516]
[129.79673767, 1635.24884033, 1104.56054688]
[138.95747375, 1636.42828369, 1111.5534668]
[145.53622437, 1643.10107422, 1125.54541016]
[154.4342804, 1639.87799072, 1126.85546875]
[164.86616516, 1641.71411133, 1139.70922852]
[172.11837769, 1635.74145508, 1156.1159668]
[185.99488831, 1627.00195312, 1172.94067383]
[200.98883057, 1606.66998291, 1180.8515625]
[211.21536255, 1585.65344238, 1189.10791016]
[223.04957581, 1575.98840332, 1199.44262695]
[234.08743286, 1579.23236084, 1209.57763672]
[243.2033844, 1579.61206055, 1219.11303711]
[243.02310181, 1592.87805176, 1228.38330078]
[248.9577179, 1601.355896, 1227.31103516]
[253.23060608, 1612.00769043, 1224.0534668]
[260.50308228, 1624.37609863, 1218.14770508]
[258.41204834, 1632.74615479, 1216.08911133]
[258.23937988, 1632.45239258, 1208.81567383]
[255.75891113, 1631.68334961, 1198.96923828]
[245.90063477, 1619.56054688, 1186.04272461]
[236.89302063, 1608.56445312, 1169.04663086]
[222.91874695, 1595.14239502, 1146.04980469]
[208.03483582, 1585.78131104, 1125.38769531]
[194.66918945, 1579.30749512, 1103.77514648]
[178.29916382, 1574.265625, 1077.56958008]
[161.72268677, 1560.76635742, 1053.86669922]
[150.00436401, 1548.86456299, 1031.16650391]
[133.60758972, 1537.09747314, 1012.63171387]
[128.29541016, 1529.76556396, 995.85192871]
[122.80654144, 1524.43756104, 977.89099121]
[121.56121826, 1523.87609863, 962.82019043]
[121.9460907, 1522.73718262, 947.58984375]
[114.95553589, 1527.28826904, 936.30004883]
[106.40367889, 1536.75634766, 916.53771973]
[105.24868774, 1539.72717285, 902.21435547]
[97.71871948, 1548.84887695, 882.51452637]
[89.11141968, 1560.09381104, 870.72753906]
[77.63920593, 1569.99969482, 861.1427002]
[69.92055511, 1575.07843018, 847.48461914]
[63.8809433, 1573.37890625, 833.8717041]
[58.90860367, 1574.60491943, 819.08813477]
[49.0712204, 1567.80267334, 809.45214844]
[39.03863525, 1556.2010498, 790.67089844]
[32.73833084, 1557.46453857, 779.21191406]
[24.45360756, 1552.67156982, 766.6072998]
[23.84598923, 1555.31518555, 757.63525391]
[22.75756264, 1554.9776001, 733.1965332]
[16.82489967, 1554.46984863, 714.00402832]
[12.0328083, 1561.80065918, 698.13769531]
[0, 0, 0]
[0, 0, 0]
[0, 0, 0]
[0, 0, 0]
[0, 0, 0]
[0, 0, 0]
[0, 0, 0]
[0, 0, 0]
[0, 0, 0]
[0, 0, 0]
[0, 0, 0]
[0, 0, 0]
[0, 0, 0]
[0, 0, 0]
[0, 0, 0]
[0, 0, 0]
[0, 0, 0]
[0, 0, 0]
[0, 0, 0]
[0, 0, 0]
[0, 0, 0]
[0, 0, 0]
[0, 0, 0]
[0, 0, 0]
[0, 0, 0]
[0, 0, 0]
[0, 0, 0]
[0, 0, 0]
[0, 0, 0]
[0, 0, 0]
[0, 0, 0]
[0, 0, 0]
[0, 0, 0]
[0, 0, 0]
[0, 0, 0]
[0, 0, 0]
[0, 0, 0]
[0, 0, 0]
[0, 0, 0]
[0, 0, 0]
[0, 0, 0]
[0, 0, 0]
[0, 0, 0]
[0, 0, 0]
[0, 0, 0]
[0, 0, 0]
[0, 0, 0]
[0, 0, 0]
[0, 0, 0]
[0, 0, 0]
[0, 0, 0]
[0, 0, 0]
[0, 0, 0]
[0, 0, 0]
[0, 0, 0]
[0, 0, 0]
[0, 0, 0]
[0, 0, 0]
[0, 0, 0]
[0, 0, 0]
[0, 0, 0]
[0, 0, 0]
[0, 0, 0]
[0, 0, 0]
[0, 0, 0]
[0, 0, 0]
[0, 0, 0]
[0, 0, 0]
[0, 0, 0]
[0, 0, 0]
[0, 0, 0]
[0, 0, 0]
[0, 0, 0]
[0, 0, 0]
[0, 0, 0]
[0, 0, 0]
[0, 0, 0]
[0, 0, 0]
[0, 0, 0]
[0, 0, 0]
[0, 0, 0]
[0, 0, 0]
[0, 0, 0]
[0, 0, 0]
[0, 0, 0]
[0, 0, 0]
[0, 0, 0]
[0, 0, 0]
[0, 0, 0]
[0, 0, 0]
[0, 0, 0]
[0, 0, 0]
[0, 0, 0]
[0, 0, 0]
[0, 0, 0]
[0, 0, 0]
[0, 0, 0]
[0, 0, 0]
[0, 0, 0]
[0, 0, 0]
[0, 0, 0]
[0, 0, 0]
[0, 0, 0]
[0, 0, 0]
[0, 0, 0]
[0, 0, 0]
[0, 0, 0]
[0, 0, 0]
[0, 0, 0]
[0, 0, 0]
[0, 0, 0]
[0, 0, 0]
[0, 0, 0]
[0, 0, 0]
[0, 0, 0]
[0, 0, 0]
[0, 0, 0]
[0, 0, 0]
[0, 0, 0]
[0, 0, 0]
[0, 0, 0]
[0, 0, 0]
[0, 0, 0]
[0, 0, 0]
[0, 0, 0]
[0, 0, 0]
[0, 0, 0]
[0, 0, 0]
[0, 0, 0]
[0, 0, 0]
[0, 0, 0]
[0, 0, 0]
[0, 0, 0]
[0, 0, 0]
[0, 0, 0]
[0, 0, 0]
[0, 0, 0]
[0, 0, 0]
[0, 0, 0]
[0, 0, 0]
[0, 0, 0]
[0, 0, 0]
[0, 0, 0]
[0, 0, 0]
[0, 0, 0]
[0, 0, 0]
[0, 0, 0]
[0, 0, 0]
[0, 0, 0]
[0, 0, 0]
[0, 0, 0]
[0, 0, 0]
[0, 0, 0]
[0, 0, 0]
[0, 0, 0]
[0, 0, 0]
[0, 0, 0]
[0, 0, 0]
[0, 0, 0]
[0, 0, 0]
[0, 0, 0]
[0, 0, 0]
[0, 0, 0]
[0, 0, 0]
[0, 0, 0]
[0, 0, 0]
[0, 0, 0]
[0, 0, 0]
[0, 0, 0]
[0, 0, 0]
[0, 0, 0]
[0, 0, 0]
[0, 0, 0]
[0, 0, 0]
[0, 0, 0]
[0, 0, 0]
[0, 0, 0]
[0, 0, 0]
[0, 0, 0]
[0, 0, 0]
[0, 0, 0]
[0, 0, 0]
[0, 0, 0]
[0, 0, 0]
[0, 0, 0]
[0, 0, 0]
[0, 0, 0]
[0, 0, 0]
[0, 0, 0]
[0, 0, 0]
[0, 0, 0]
[0, 0, 0]
[0, 0, 0]
[0, 0, 0]
[0, 0, 0]
[0, 0, 0]
[0, 0, 0]
[0, 0, 0]
[0, 0, 0]
[0, 0, 0]
[0, 0, 0]
[0, 0, 0]
[0, 0, 0]
[0, 0, 0]
[0, 0, 0]
[0, 0, 0]
[0, 0, 0]
[0, 0, 0]
[0, 0, 0]
[0, 0, 0]
[0, 0, 0]
[0, 0, 0]
[0, 0, 0]
[0, 0, 0]
[0, 0, 0]
[0, 0, 0]
[0, 0, 0]
[0, 0, 0]
[0, 0, 0]
[0, 0, 0]
[0, 0, 0]
[0, 0, 0]
[0, 0, 0]
[0, 0, 0]
[0, 0, 0]
[0, 0, 0]
[0, 0, 0]
[0, 0, 0]
[0, 0, 0]
[0, 0, 0]
[0, 0, 0]
[0, 0, 0]
[0, 0, 0]
[0, 0, 0]
[0, 0, 0]
[0, 0, 0]
[0, 0, 0]
[0, 0, 0]
[0, 0, 0]
[0, 0, 0]
[0, 0, 0]
[0, 0, 0]
[0, 0, 0]
[0, 0, 0]
[0, 0, 0]
[0, 0, 0]
[0, 0, 0]
[0, 0, 0]
[0, 0, 0]
[0, 0, 0]
[0, 0, 0]
[0, 0, 0]
[0, 0, 0]
[0, 0, 0]
[0, 0, 0]
[0, 0, 0]
[0, 0, 0]
[0, 0, 0]
[0, 0, 0]
[0, 0, 0]
[0, 0, 0]
[0, 0, 0]
[0, 0, 0]
[0, 0, 0]
[0, 0, 0]
[0, 0, 0]
[0, 0, 0]
[0, 0, 0]
[0, 0, 0]
[0, 0, 0]
[0, 0, 0]
[0, 0, 0]
[0, 0, 0]
[0, 0, 0]
[0, 0, 0]
[0, 0, 0]
[0, 0, 0]
[0, 0, 0]
[0, 0, 0]
[0, 0, 0]
[0, 0, 0]
[0, 0, 0]
[0, 0, 0]
[0, 0, 0]
[0, 0, 0]
[0, 0, 0]
[0, 0, 0]
[0, 0, 0]
[0, 0, 0]
[0, 0, 0]
[0, 0, 0]
[0, 0, 0]
[0, 0, 0]
[0, 0, 0]
[0, 0, 0]
[0, 0, 0]
[0, 0, 0]
[0, 0, 0]
[0, 0, 0]
[0, 0, 0]
[0, 0, 0]
[0, 0, 0]
[0, 0, 0]
[0, 0, 0]
[0, 0, 0]
[0, 0, 0]
[0, 0, 0]
[0, 0, 0]
[0, 0, 0]
[0, 0, 0]
[0, 0, 0]
[0, 0, 0]
[0, 0, 0]
[0, 0, 0]
[0, 0, 0]
[0, 0, 0]
[0, 0, 0]
[0, 0, 0]
[0, 0, 0]
[0, 0, 0]
[0, 0, 0]
[0, 0, 0]
[0, 0, 0]
[0, 0, 0]
[0, 0, 0]
[0, 0, 0]
[0, 0, 0]
[0, 0, 0]
[0, 0, 0]
[0, 0, 0]
[0, 0, 0]
[0, 0, 0]
[0, 0, 0]
[0, 0, 0]
[0, 0, 0]
[0, 0, 0]
[0, 0, 0]
[0, 0, 0]
[0, 0, 0]
[0, 0, 0]
[0, 0, 0]
[0, 0, 0]
[0, 0, 0]
[0, 0, 0]
[0, 0, 0]
[0, 0, 0]
[0, 0, 0]
[0, 0, 0]
[0, 0, 0]
[0, 0, 0]
[0, 0, 0]
[0, 0, 0]
[0, 0, 0]
[0, 0, 0]
[0, 0, 0]
[0, 0, 0]
[0, 0, 0]
[0, 0, 0]
[0, 0, 0]
[0, 0, 0]
[0, 0, 0]
[0, 0, 0]
[0, 0, 0]
[0, 0, 0]
[0, 0, 0]
[0, 0, 0]
[0, 0, 0]
[0, 0, 0]
[0, 0, 0]
[0, 0, 0]
[0, 0, 0]
[0, 0, 0]
[0, 0, 0]
[0, 0, 0]
[0, 0, 0]
[0, 0, 0]
[0, 0, 0]
[0, 0, 0]
[0, 0, 0]
[0, 0, 0]
[0, 0, 0]
[0, 0, 0]
[0, 0, 0]
[0, 0, 0]
[0, 0, 0]
[0, 0, 0]
[0, 0, 0]
[0, 0, 0]
[0, 0, 0]
[0, 0, 0]
[0, 0, 0]
[0, 0, 0]
[0, 0, 0]
[0, 0, 0]
[0, 0, 0]
[0, 0, 0]
[0, 0, 0]
[0, 0, 0]
[0, 0, 0]
[0, 0, 0]
[0, 0, 0]
[0, 0, 0]
[0, 0, 0]
[0, 0, 0]
[0, 0, 0]
[0, 0, 0]
[0, 0, 0]
[0, 0, 0]
[0, 0, 0]
[0, 0, 0]
[0, 0, 0]
[0, 0, 0]
[0, 0, 0]
[0, 0, 0]
[0, 0, 0]
[0, 0, 0]
[0, 0, 0]
[0, 0, 0]
[0, 0, 0]
[0, 0, 0]
[0, 0, 0]
[0, 0, 0]
[0, 0, 0]
[0, 0, 0]
[0, 0, 0]
[0, 0, 0]
[0, 0, 0]
[0, 0, 0]
[0, 0, 0]
[0, 0, 0]
[0, 0, 0]
[0, 0, 0]
[0, 0, 0]
[0, 0, 0]
[0, 0, 0]
[0, 0, 0]
[0, 0, 0]
[0, 0, 0]
[0, 0, 0]
[0, 0, 0]
[0, 0, 0]
[0, 0, 0]
[0, 0, 0]
[0, 0, 0]
[0, 0, 0]
[0, 0, 0]
[0, 0, 0]
[0, 0, 0]
[0, 0, 0]
[0, 0, 0]
[0, 0, 0]
[0, 0, 0]
