452
30
[6.3094048500061035, -885.1842041015625, 1865.4697265625]
[6.7750139236450195, -888.8005981445312, 1865.1317138671875]
[5.839470863342285, -890.0515747070312, 1865.177978515625]
[4.50283670425415, -891.0313110351562, 1866.088623046875]
[17.588979721069336, -882.2182006835938, 1855.0272216796875]
[18.12900161743164, -882.6931762695312, 1857.004638671875]
[13.961590766906738, -882.3796997070312, 1861.559326171875]
[20.081165313720703, -886.3845825195312, 1870.78759765625]
[21.34512710571289, -876.3005981445312, 1865.8740234375]
[17.250471115112305, -879.2894897460938, 1868.72998046875]
[23.638118743896484, -869.9332275390625, 1865.3687744140625]
[29.23079490661621, -870.6242065429688, 1862.0975341796875]
[34.035579681396484, -864.9515380859375, 1856.4197998046875]
[37.32317352294922, -867.4256591796875, 1856.9510498046875]
[48.17393493652344, -863.8709716796875, 1854.6583251953125]
[46.23916244506836, -860.0789794921875, 1856.847412109375]
[45.730926513671875, -860.185546875, 1857.6290283203125]
[50.1610107421875, -859.5228881835938, 1855.9683837890625]
[50.591365814208984, -858.3673706054688, 1856.4224853515625]
[48.69834518432617, -859.6881713867188, 1855.2310791015625]
[47.43052673339844, -861.3802490234375, 1858.094482421875]
[49.39250183105469, -861.694091796875, 1851.970458984375]
[51.236202239990234, -863.808349609375, 1854.2874755859375]
[55.23811721801758, -862.0903930664062, 1851.0096435546875]
[53.59656524658203, -864.4373168945312, 1854.4290771484375]
[57.30984878540039, -866.5830078125, 1851.1915283203125]
[56.04209518432617, -865.1267700195312, 1853.9156494140625]
[58.0931510925293, -872.2001342773438, 1848.264892578125]
[56.257415771484375, -875.122802734375, 1849.521240234375]
[60.67708969116211, -875.8529052734375, 1846.3504638671875]
[58.58842086791992, -879.220458984375, 1848.3193359375]
[58.686973571777344, -879.5110473632812, 1848.5533447265625]
[59.726806640625, -879.5916137695312, 1848.5880126953125]
[65.68549346923828, -878.8668823242188, 1845.5927734375]
[77.44926452636719, -879.693359375, 1843.2384033203125]
[81.60880279541016, -872.5587768554688, 1834.9276123046875]
[82.2708740234375, -872.365966796875, 1834.6416015625]
[108.3016128540039, -859.6007080078125, 1830.0697021484375]
[107.08582305908203, -850.7593994140625, 1823.1875]
[120.72314453125, -841.4320678710938, 1805.5389404296875]
[116.35474395751953, -833.877197265625, 1807.299560546875]
[114.35588836669922, -836.35546875, 1793.9603271484375]
[115.38328552246094, -815.5817260742188, 1787.9896240234375]
[110.58194732666016, -817.7431030273438, 1777.8492431640625]
[109.99995422363281, -803.7577514648438, 1775.69091796875]
[106.76070404052734, -802.67919921875, 1767.0823974609375]
[103.59455871582031, -801.8819580078125, 1764.5196533203125]
[92.49964141845703, -805.4197998046875, 1766.6962890625]
[85.71534729003906, -825.3771362304688, 1757.0535888671875]
[81.94227600097656, -827.2325439453125, 1755.3751220703125]
[91.9691162109375, -833.0755615234375, 1743.749267578125]
[86.47273254394531, -840.15771484375, 1745.99951171875]
[75.21737670898438, -849.5906982421875, 1747.19775390625]
[83.12969970703125, -848.4449462890625, 1750.3074951171875]
[68.81031036376953, -838.49755859375, 1748.4237060546875]
[38.302032470703125, -849.8319091796875, 1757.887939453125]
[31.703397750854492, -853.9403686523438, 1755.4737548828125]
[31.43351173400879, -862.7835693359375, 1749.74462890625]
[29.616989135742188, -870.2756958007812, 1743.1116943359375]
[26.57386589050293, -864.6346435546875, 1744.513671875]
[24.163965225219727, -877.57421875, 1744.8592529296875]
[10.27739429473877, -885.9868774414062, 1740.16748046875]
[20.43413734436035, -850.0321655273438, 1752.1617431640625]
[-24.31619644165039, -898.5347900390625, 1723.35009765625]
[-25.229469299316406, -890.5299682617188, 1719.489990234375]
[-18.321945190429688, -876.8130493164062, 1716.7503662109375]
[-12.919471740722656, -866.5932006835938, 1727.3837890625]
[-15.909433364868164, -866.3972778320312, 1730.5654296875]
[-3.8885343074798584, -874.9320678710938, 1723.1605224609375]
[0.035157427191734314, -877.8294677734375, 1722.3978271484375]
[14.91702938079834, -865.5025024414062, 1716.64111328125]
[23.294095993041992, -865.8451538085938, 1713.422119140625]
[27.964923858642578, -862.3993530273438, 1712.1556396484375]
[27.0499324798584, -868.4130249023438, 1715.8177490234375]
[23.568450927734375, -879.387939453125, 1718.6395263671875]
[12.477413177490234, -886.6649780273438, 1723.17529296875]
[-2.8693602085113525, -894.9912109375, 1734.734619140625]
[-3.860853672027588, -893.116455078125, 1737.78662109375]
[-12.985296249389648, -895.663330078125, 1754.2769775390625]
[-8.708417892456055, -887.5486450195312, 1758.575439453125]
[-15.585705757141113, -873.4879150390625, 1769.9063720703125]
[-21.728805541992188, -859.8119506835938, 1788.3587646484375]
[-47.92188262939453, -834.9411010742188, 1854.029541015625]
[-17.065576553344727, -816.9544677734375, 1804.572998046875]
[-14.663606643676758, -798.4948120117188, 1818.1365966796875]
[-34.515960693359375, -794.6605224609375, 1832.62939453125]
[-23.924081802368164, -773.274169921875, 1832.445556640625]
[-45.11441421508789, -776.3062744140625, 1843.886474609375]
[-58.56298828125, -776.9876708984375, 1857.59765625]
[-63.18817901611328, -770.7970581054688, 1853.431640625]
[-66.8006362915039, -779.3861694335938, 1801.91943359375]
[-64.5235595703125, -780.110595703125, 1817.660400390625]
[-70.7763442993164, -787.30517578125, 1788.15966796875]
[-72.96427154541016, -805.0712890625, 1775.74609375]
[-69.95352172851562, -820.9259033203125, 1783.097412109375]
[-64.37159729003906, -831.071044921875, 1801.9638671875]
[-61.44401550292969, -834.0767822265625, 1788.17431640625]
[-50.69103240966797, -831.1129760742188, 1793.0716552734375]
[-40.04305648803711, -821.21484375, 1810.0635986328125]
[-40.617645263671875, -788.7305908203125, 1786.759033203125]
[-27.476131439208984, -756.1828002929688, 1770.578125]
[-25.882661819458008, -763.686767578125, 1800.456298828125]
[-16.470252990722656, -731.0955200195312, 1795.0108642578125]
[0.030860304832458496, -731.8109741210938, 1805.6265869140625]
[9.590848922729492, -738.7514038085938, 1808.256591796875]
[35.78715133666992, -738.3331298828125, 1797.9998779296875]
[41.53114700317383, -739.71728515625, 1789.006591796875]
[63.78150177001953, -755.1387329101562, 1805.015625]
[62.676429748535156, -754.0364379882812, 1788.6331787109375]
[100.18964385986328, -783.1742553710938, 1853.7027587890625]
[92.64192199707031, -774.8479614257812, 1854.2916259765625]
[91.21746063232422, -767.4259033203125, 1863.9210205078125]
[83.70821380615234, -747.4889526367188, 1829.643310546875]
[90.16321563720703, -738.8372192382812, 1832.0550537109375]
[77.69481658935547, -731.133544921875, 1858.938720703125]
[77.0808334350586, -740.5545654296875, 1863.195556640625]
[91.62263488769531, -732.0514526367188, 1863.3499755859375]
[99.7117919921875, -773.9972534179688, 1910.9608154296875]
[85.95764923095703, -778.3470458984375, 1878.7392578125]
[83.55677032470703, -790.34375, 1859.3291015625]
[87.18660736083984, -805.5277099609375, 1853.246826171875]
[98.72138214111328, -802.7749633789062, 1824.3704833984375]
[88.21499633789062, -830.8560180664062, 1788.2357177734375]
[83.91429138183594, -851.55126953125, 1769.5631103515625]
[92.65708923339844, -842.1865844726562, 1737.7685546875]
[89.78685760498047, -853.2112426757812, 1714.2879638671875]
[89.08409118652344, -865.4627685546875, 1695.0260009765625]
[96.32035827636719, -846.1509399414062, 1664.2021484375]
[96.40904998779297, -836.297119140625, 1651.07177734375]
[94.34718322753906, -831.812744140625, 1629.07275390625]
[89.96263885498047, -828.400390625, 1634.0078125]
[82.1922378540039, -820.4102172851562, 1624.5855712890625]
[77.60539245605469, -803.2694091796875, 1609.2459716796875]
[67.05889129638672, -797.5014038085938, 1595.9544677734375]
[58.385597229003906, -795.3212280273438, 1585.77783203125]
[54.04795837402344, -801.4573974609375, 1577.93310546875]
[41.26445770263672, -812.5626220703125, 1583.8548583984375]
[36.81019592285156, -822.8797607421875, 1583.0091552734375]
[39.190059661865234, -840.5138549804688, 1579.0367431640625]
[33.092952728271484, -849.3615112304688, 1584.2840576171875]
[36.30680465698242, -847.0144653320312, 1593.2069091796875]
[45.181373596191406, -831.3007202148438, 1606.741455078125]
[53.422706604003906, -817.8185424804688, 1625.2537841796875]
[55.60765075683594, -796.0790405273438, 1644.9722900390625]
[49.811214447021484, -785.0872192382812, 1661.891357421875]
[43.762996673583984, -780.7950439453125, 1666.7330322265625]
[29.081674575805664, -775.371826171875, 1677.3516845703125]
[19.289222717285156, -788.58740234375, 1681.3995361328125]
[4.864928245544434, -793.388427734375, 1673.8199462890625]
[2.2404613494873047, -809.1211547851562, 1663.73779296875]
[-4.748391151428223, -826.288818359375, 1657.418212890625]
[24.958606719970703, -828.9572143554688, 1643.6839599609375]
[-29.57387351989746, -858.4164428710938, 1633.577880859375]
[-31.272207260131836, -863.6088256835938, 1623.672119140625]
[-25.721452713012695, -874.4225463867188, 1594.5234375]
[-51.79346466064453, -874.705322265625, 1581.973388671875]
[-71.86080932617188, -871.0613403320312, 1576.8258056640625]
[-88.95702362060547, -867.4754028320312, 1568.38427734375]
[-48.99943542480469, -854.880859375, 1561.6007080078125]
[-82.52545166015625, -829.8784790039062, 1552.7677001953125]
[-84.89340209960938, -825.4019165039062, 1538.2586669921875]
[-83.41776275634766, -809.179443359375, 1524.689453125]
[-89.1766128540039, -798.30810546875, 1510.7762451171875]
[-82.68869018554688, -789.7330932617188, 1495.1298828125]
[-100.51387023925781, -779.7843017578125, 1488.58056640625]
[-105.49173736572266, -788.931396484375, 1479.4151611328125]
[-113.6323471069336, -804.3591918945312, 1473.0462646484375]
[-134.14059448242188, -822.0392456054688, 1465.7528076171875]
[-125.499755859375, -839.5520629882812, 1451.8475341796875]
[-136.17974853515625, -859.1553344726562, 1439.9241943359375]
[-152.8170928955078, -886.3740844726562, 1429.877197265625]
[-147.8695526123047, -867.1270751953125, 1410.29150390625]
[-129.98399353027344, -842.1561279296875, 1403.9781494140625]
[-163.4995574951172, -849.59423828125, 1398.2724609375]
[-159.54904174804688, -844.0780639648438, 1392.464599609375]
[-160.45460510253906, -841.6632080078125, 1385.1322021484375]
[-170.8637237548828, -828.4102783203125, 1377.4249267578125]
[-173.34039306640625, -815.2789306640625, 1366.5816650390625]
[-181.9297637939453, -809.4649047851562, 1363.820068359375]
[-182.52041625976562, -809.6800537109375, 1355.6015625]
[-180.29934692382812, -806.9630737304688, 1354.199462890625]
[-181.26405334472656, -807.6098022460938, 1352.85302734375]
[-187.66043090820312, -805.0054321289062, 1353.02099609375]
[-186.0025634765625, -808.009765625, 1353.21435546875]
[-182.28599548339844, -816.9431762695312, 1363.1473388671875]
[-186.6073455810547, -833.0569458007812, 1373.4232177734375]
[-183.6870880126953, -838.1593017578125, 1384.4320068359375]
[-190.86019897460938, -853.448974609375, 1398.9921875]
[-209.33726501464844, -861.9800415039062, 1413.66796875]
[-212.4910888671875, -863.227294921875, 1425.8544921875]
[-214.78289794921875, -872.9744873046875, 1443.1722412109375]
[-212.14535522460938, -879.5108642578125, 1455.365478515625]
[-212.05368041992188, -880.5901489257812, 1470.638916015625]
[-194.11288452148438, -881.6478881835938, 1480.82421875]
[-192.64710998535156, -879.830322265625, 1495.2738037109375]
[-169.84153747558594, -863.5971069335938, 1497.222412109375]
[-152.9025115966797, -844.8357543945312, 1494.7000732421875]
[-152.13006591796875, -851.5081176757812, 1505.154296875]
[-136.1741485595703, -851.0038452148438, 1511.1923828125]
[-130.3439483642578, -866.0750122070312, 1525.5885009765625]
[-125.17377471923828, -871.9404907226562, 1539.1162109375]
[-116.99837493896484, -884.2962646484375, 1554.3377685546875]
[-112.52510070800781, -899.7333984375, 1572.5765380859375]
[-104.46688079833984, -906.5621948242188, 1595.7147216796875]
[-92.9771499633789, -905.6439208984375, 1612.55224609375]
[-69.66561889648438, -895.8411865234375, 1630.518310546875]
[-44.27170944213867, -890.7069091796875, 1651.2900390625]
[-31.49074363708496, -888.986572265625, 1673.5794677734375]
[-28.44353485107422, -870.1773071289062, 1703.682861328125]
[-20.100317001342773, -864.1355590820312, 1726.609375]
[-26.521852493286133, -850.6780395507812, 1757.3978271484375]
[-7.0643181800842285, -824.5653686523438, 1771.4736328125]
[10.178524017333984, -816.5227661132812, 1786.4853515625]
[6.239442348480225, -817.4775390625, 1808.5565185546875]
[5.746759414672852, -835.4118041992188, 1822.5111083984375]
[41.289485931396484, -857.6239624023438, 1817.904052734375]
[65.46864318847656, -869.7158203125, 1827.0716552734375]
[79.41890716552734, -900.587158203125, 1834.035400390625]
[103.92081451416016, -895.1666870117188, 1846.878173828125]
[84.50138092041016, -902.18408203125, 1860.0947265625]
[72.09725952148438, -895.8698120117188, 1881.449951171875]
[109.78739929199219, -873.0745239257812, 1888.5172119140625]
[90.89580535888672, -875.6724243164062, 1908.195556640625]
[137.90850830078125, -858.1795654296875, 1898.8897705078125]
[145.74270629882812, -833.17919921875, 1915.0147705078125]
[118.49848175048828, -818.9568481445312, 1942.6395263671875]
[127.07874298095703, -825.508056640625, 1949.5208740234375]
[113.94493103027344, -828.1546630859375, 1965.4716796875]
[160.58193969726562, -846.5971069335938, 1958.3765869140625]
[155.14468383789062, -864.884765625, 1962.0843505859375]
[123.07923889160156, -883.1751098632812, 1983.0989990234375]
[117.85671997070312, -901.528564453125, 1992.59619140625]
[101.95436096191406, -929.3036499023438, 2005.800048828125]
[94.75408172607422, -944.5531005859375, 2009.92041015625]
[105.72466278076172, -965.536376953125, 2010.366943359375]
[105.11431121826172, -975.2435302734375, 2003.644287109375]
[98.00432586669922, -976.2406616210938, 2004.90234375]
[91.61405181884766, -963.3160400390625, 2000.781982421875]
[80.86190795898438, -931.525390625, 1997.5428466796875]
[81.2070083618164, -905.101806640625, 1999.2391357421875]
[83.36693572998047, -888.8516235351562, 1982.0653076171875]
[91.02719116210938, -856.5643920898438, 1951.9923095703125]
[93.80219268798828, -830.2843627929688, 1933.5362548828125]
[84.96269989013672, -805.1820678710938, 1913.95166015625]
[76.93894958496094, -775.1602172851562, 1902.037353515625]
[70.36809539794922, -752.9541625976562, 1887.28857421875]
[74.95387268066406, -721.2659301757812, 1875.79296875]
[86.07499694824219, -679.9727172851562, 1860.4439697265625]
[43.417686462402344, -648.647216796875, 1878.8017578125]
[76.47216033935547, -604.562255859375, 1852.0732421875]
[76.27287292480469, -561.5380859375, 1837.5439453125]
[91.19544982910156, -550.9141235351562, 1834.772705078125]
[88.96509552001953, -520.6201171875, 1832.306640625]
[89.3783187866211, -498.1331481933594, 1829.3004150390625]
[85.64114379882812, -483.5023193359375, 1833.6502685546875]
[85.5040283203125, -478.7843933105469, 1837.093505859375]
[78.30164337158203, -489.3498840332031, 1840.6578369140625]
[81.47135925292969, -498.9683837890625, 1846.065673828125]
[93.28135681152344, -513.3876342773438, 1840.9998779296875]
[79.08134460449219, -529.8504028320312, 1853.56591796875]
[93.71235656738281, -563.3521118164062, 1846.4566650390625]
[103.38128662109375, -595.1284790039062, 1851.5789794921875]
[85.5952377319336, -645.4568481445312, 1860.012451171875]
[85.04315948486328, -703.9563598632812, 1874.0938720703125]
[98.24987030029297, -754.2657470703125, 1884.3555908203125]
[118.5717544555664, -801.7460327148438, 1890.2125244140625]
[129.41250610351562, -868.0869140625, 1889.559814453125]
[145.00807189941406, -909.95947265625, 1882.259521484375]
[147.9597625732422, -951.81298828125, 1877.2867431640625]
[150.40252685546875, -976.2163696289062, 1881.3746337890625]
[139.24221801757812, -981.7210083007812, 1897.2105712890625]
[147.30224609375, -982.0211791992188, 1895.0018310546875]
[136.1521759033203, -985.07373046875, 1901.568359375]
[150.5135498046875, -970.8724975585938, 1895.6796875]
[153.63487243652344, -947.1536254882812, 1908.1368408203125]
[139.16221618652344, -922.5306396484375, 1897.958251953125]
[126.94427490234375, -904.3396606445312, 1906.5462646484375]
[127.7270736694336, -874.1567993164062, 1911.0782470703125]
[129.52374267578125, -854.7413330078125, 1902.17333984375]
[128.5128936767578, -835.2955932617188, 1896.92822265625]
[123.18293762207031, -829.0669555664062, 1892.197021484375]
[121.94204711914062, -826.9977416992188, 1879.28369140625]
[118.27972412109375, -826.401123046875, 1862.4056396484375]
[116.33577728271484, -822.2572021484375, 1842.180908203125]
[105.57788848876953, -834.9046020507812, 1811.376220703125]
[99.85044860839844, -844.9721069335938, 1786.249267578125]
[90.0503158569336, -852.3948364257812, 1756.239501953125]
[90.07243347167969, -845.8171997070312, 1728.4564208984375]
[86.89495849609375, -843.0620727539062, 1712.37451171875]
[81.8589859008789, -837.8418579101562, 1697.5020751953125]
[87.61385345458984, -830.26708984375, 1672.5184326171875]
[95.26544952392578, -830.816650390625, 1653.981689453125]
[101.88371276855469, -818.4803466796875, 1637.6092529296875]
[110.49285888671875, -810.2596435546875, 1621.30029296875]
[104.15369415283203, -807.7642822265625, 1610.2454833984375]
[115.31637573242188, -803.177734375, 1596.7061767578125]
[105.24591064453125, -807.7731323242188, 1580.65380859375]
[91.36532592773438, -816.0406494140625, 1569.1033935546875]
[99.2212905883789, -823.2599487304688, 1563.5855712890625]
[100.28959655761719, -818.2147827148438, 1541.779052734375]
[111.72261810302734, -812.7485961914062, 1510.8502197265625]
[103.69831085205078, -810.5811157226562, 1484.11962890625]
[110.42230987548828, -799.0167846679688, 1460.376708984375]
[107.19427490234375, -799.0950927734375, 1428.57763671875]
[99.98580932617188, -811.4683227539062, 1411.328857421875]
[105.70770263671875, -808.9722290039062, 1384.8206787109375]
[117.13436126708984, -794.6709594726562, 1358.3038330078125]
[123.76422119140625, -784.6889038085938, 1336.210693359375]
[122.07231140136719, -787.7311401367188, 1321.7554931640625]
[119.71572875976562, -790.6911010742188, 1306.16552734375]
[113.04119873046875, -806.489990234375, 1300.0863037109375]
[107.30499267578125, -819.4077758789062, 1294.3927001953125]
[106.45732879638672, -824.2039184570312, 1284.7274169921875]
[96.39311218261719, -843.2080078125, 1280.1785888671875]
[71.9359359741211, -859.509765625, 1286.4549560546875]
[75.17713165283203, -875.5262451171875, 1288.7093505859375]
[74.65111541748047, -883.2744140625, 1296.5218505859375]
[75.22492218017578, -888.24658203125, 1303.388427734375]
[75.33089447021484, -892.5347290039062, 1307.6416015625]
[75.59092712402344, -892.1074829101562, 1308.3349609375]
[79.92921447753906, -888.8984375, 1310.8697509765625]
[78.84671020507812, -889.2406005859375, 1310.9832763671875]
[66.06668090820312, -876.4266967773438, 1322.3187255859375]
[84.4253921508789, -856.6151123046875, 1306.314697265625]
[39.67057418823242, -840.3549194335938, 1321.7484130859375]
[26.81051254272461, -828.6099853515625, 1349.235107421875]
[13.840794563293457, -804.3764038085938, 1360.5791015625]
[-8.367002487182617, -796.6572265625, 1374.040283203125]
[-22.312522888183594, -789.3917236328125, 1380.9854736328125]
[-40.92327117919922, -804.3973999023438, 1391.560546875]
[-52.27798080444336, -820.8572387695312, 1399.0733642578125]
[-71.3130111694336, -849.3590698242188, 1409.351318359375]
[-79.90556335449219, -857.1997680664062, 1412.60498046875]
[-102.562744140625, -865.7429809570312, 1415.272705078125]
[-110.12909698486328, -867.7688598632812, 1416.95556640625]
[-136.6283721923828, -864.4505615234375, 1457.357666015625]
[-131.7963409423828, -840.5916137695312, 1462.2763671875]
[-143.79859924316406, -833.8929443359375, 1456.6658935546875]
[-168.23736572265625, -814.1171875, 1489.11865234375]
[-179.67076110839844, -817.3973999023438, 1503.645751953125]
[-187.17352294921875, -808.061279296875, 1553.8240966796875]
[-203.87667846679688, -799.039794921875, 1559.6383056640625]
[-195.93295288085938, -806.9583129882812, 1596.22998046875]
[-180.51510620117188, -800.99169921875, 1618.673828125]
[-160.3158721923828, -809.533447265625, 1615.4107666015625]
[-139.20204162597656, -821.151611328125, 1621.9222412109375]
[-132.60342407226562, -815.9129028320312, 1613.52197265625]
[-101.42338562011719, -829.4537963867188, 1622.056396484375]
[-76.94001007080078, -833.44140625, 1622.8448486328125]
[-60.59061050415039, -836.6206665039062, 1610.4534912109375]
[-59.94645690917969, -826.4445190429688, 1612.4365234375]
[-39.14631271362305, -826.4470825195312, 1611.1544189453125]
[-27.44942855834961, -822.31689453125, 1623.1314697265625]
[-10.9143705368042, -830.1364135742188, 1624.3287353515625]
[-1.3442933559417725, -834.2613525390625, 1625.8284912109375]
[16.772613525390625, -841.158935546875, 1607.9681396484375]
[29.173538208007812, -847.107177734375, 1609.9686279296875]
[45.6839485168457, -842.0062866210938, 1571.9573974609375]
[37.113800048828125, -833.0636596679688, 1573.57470703125]
[63.538150787353516, -834.371826171875, 1580.1334228515625]
[76.1968765258789, -829.6954345703125, 1586.8974609375]
[85.94550323486328, -830.9112548828125, 1584.5450439453125]
[84.99005126953125, -841.4207763671875, 1580.879150390625]
[86.21728515625, -857.4469604492188, 1578.7672119140625]
[94.03010559082031, -877.1678466796875, 1574.4444580078125]
[93.77643585205078, -895.2897338867188, 1568.4097900390625]
[97.63644409179688, -907.8497314453125, 1567.4644775390625]
[97.24923706054688, -921.6660766601562, 1575.35546875]
[93.14839172363281, -915.4854125976562, 1579.9075927734375]
[87.4986801147461, -909.373779296875, 1582.3846435546875]
[79.1025619506836, -901.81591796875, 1589.08154296875]
[60.705726623535156, -895.4523315429688, 1598.25341796875]
[55.08904266357422, -896.0303344726562, 1613.8507080078125]
[67.36383819580078, -879.7185668945312, 1636.3590087890625]
[63.251548767089844, -863.1181030273438, 1654.497802734375]
[75.70057678222656, -854.4178466796875, 1689.749267578125]
[67.54450225830078, -844.1614990234375, 1715.7236328125]
[69.89949798583984, -858.3271484375, 1738.131591796875]
[75.91183471679688, -865.3626098632812, 1760.6661376953125]
[87.60142517089844, -869.3665161132812, 1769.500244140625]
[93.08992004394531, -884.022705078125, 1789.63818359375]
[92.3372802734375, -897.308837890625, 1800.38330078125]
[99.51884460449219, -908.0715942382812, 1815.654052734375]
[90.62238311767578, -917.6734619140625, 1823.8458251953125]
[103.25692749023438, -916.4700317382812, 1827.5709228515625]
[112.19300079345703, -908.4278564453125, 1834.3807373046875]
[118.01124572753906, -914.085205078125, 1840.75]
[122.37383270263672, -909.00341796875, 1849.0841064453125]
[123.0689468383789, -915.1902465820312, 1862.602294921875]
[130.94618225097656, -904.8894653320312, 1868.8731689453125]
[111.3442611694336, -900.3313598632812, 1893.494140625]
[120.46997833251953, -897.76611328125, 1900.70703125]
[106.12283325195312, -887.43310546875, 1914.4337158203125]
[109.85868835449219, -882.5621337890625, 1926.6697998046875]
[86.41188049316406, -861.4620361328125, 1939.96142578125]
[71.54983520507812, -844.4939575195312, 1948.12158203125]
[74.02149963378906, -819.4772338867188, 1955.25048828125]
[67.90193939208984, -813.7902221679688, 1950.6766357421875]
[61.07381057739258, -811.9860229492188, 1946.598876953125]
[58.850345611572266, -824.4953002929688, 1951.3387451171875]
[57.72637176513672, -828.7606201171875, 1954.2794189453125]
[57.23004150390625, -838.315673828125, 1952.2127685546875]
[57.9940071105957, -850.48291015625, 1959.018798828125]
[63.291744232177734, -857.4998168945312, 1955.857177734375]
[60.72521209716797, -859.6586303710938, 1967.6580810546875]
[67.86407470703125, -865.5380859375, 1980.003173828125]
[71.67506408691406, -866.13037109375, 1984.98779296875]
[79.4043197631836, -865.81396484375, 1999.55029296875]
[88.41557312011719, -858.2619018554688, 2013.5562744140625]
[100.87464141845703, -845.2498168945312, 2031.4796142578125]
[116.91046142578125, -831.4522705078125, 2041.6712646484375]
[134.46182250976562, -813.369140625, 2046.936279296875]
[139.7452850341797, -806.182861328125, 2062.89697265625]
[147.71067810058594, -796.8935546875, 2072.237548828125]
[159.0177459716797, -796.8900146484375, 2081.61962890625]
[173.740234375, -797.3959350585938, 2079.178955078125]
[187.36846923828125, -807.3177490234375, 2075.9033203125]
[195.74755859375, -816.2138671875, 2069.762451171875]
[190.6752166748047, -823.688232421875, 2069.2216796875]
[191.9949188232422, -825.3636474609375, 2064.38134765625]
[189.73223876953125, -824.7061767578125, 2057.96142578125]
[185.93325805664062, -820.0020141601562, 2048.554443359375]
[176.74168395996094, -822.2249755859375, 2036.3304443359375]
[173.8037109375, -813.941650390625, 2017.0770263671875]
[172.7182159423828, -802.7587280273438, 1990.414794921875]
[159.84693908691406, -792.4825439453125, 1968.550537109375]
[141.4239959716797, -784.0475463867188, 1948.68408203125]
[129.66653442382812, -770.3697509765625, 1920.2994384765625]
[106.75860595703125, -751.9578247070312, 1899.3021240234375]
[95.94552612304688, -730.7237548828125, 1877.482177734375]
[98.34628295898438, -703.4374389648438, 1855.537841796875]
[89.61216735839844, -694.8431396484375, 1839.6080322265625]
[88.44220733642578, -690.2340087890625, 1821.4122314453125]
[84.82154846191406, -693.8858642578125, 1806.070068359375]
[84.18331146240234, -698.4320678710938, 1791.16455078125]
[79.3490219116211, -707.0095825195312, 1778.2811279296875]
[81.35222625732422, -715.0327758789062, 1755.379638671875]
[82.09281921386719, -727.0411376953125, 1740.1387939453125]
[85.27867126464844, -742.901611328125, 1718.1229248046875]
[84.23645782470703, -749.305908203125, 1704.944091796875]
[114.55130004882812, -764.7969360351562, 1696.411376953125]
[105.65386962890625, -767.9081420898438, 1683.09423828125]
[85.9303207397461, -766.6185913085938, 1668.0755615234375]
[82.97578430175781, -766.6350708007812, 1652.3709716796875]
[76.06652069091797, -763.1417846679688, 1642.80517578125]
[75.63787078857422, -760.7296752929688, 1627.7081298828125]
[72.99398040771484, -754.5201416015625, 1616.9305419921875]
[80.83447265625, -753.7275390625, 1611.27197265625]
[90.12144470214844, -759.0010375976562, 1606.071533203125]
[85.3809585571289, -769.6099243164062, 1582.5673828125]
[89.79672241210938, -775.148681640625, 1570.243896484375]
[89.34745788574219, -785.4424438476562, 1556.5697021484375]
[0,0,0]
[0,0,0]
[0,0,0]
[0,0,0]
[0,0,0]
[0,0,0]
[0,0,0]
[0,0,0]
[0,0,0]
[0,0,0]
[0,0,0]
[0,0,0]
[0,0,0]
[0,0,0]
[0,0,0]
[0,0,0]
[0,0,0]
[0,0,0]
[0,0,0]
[0,0,0]
[0,0,0]
[0,0,0]
[0,0,0]
[0,0,0]
[0,0,0]
[0,0,0]
[0,0,0]
[0,0,0]
[0,0,0]
[0,0,0]
[0,0,0]
[0,0,0]
[0,0,0]
[0,0,0]
[0,0,0]
[0,0,0]
[0,0,0]
[0,0,0]
[0,0,0]
[0,0,0]
[0,0,0]
[0,0,0]
[0,0,0]
[0,0,0]
[0,0,0]
[0,0,0]
[0,0,0]
[0,0,0]
[0,0,0]
[0,0,0]
[0,0,0]
[0,0,0]
[0,0,0]
[0,0,0]
[0,0,0]
[0,0,0]
[0,0,0]
[0,0,0]
[0,0,0]
[0,0,0]
[0,0,0]
[0,0,0]
[0,0,0]
[0,0,0]
[0,0,0]
[0,0,0]
[0,0,0]
[0,0,0]
[0,0,0]
[0,0,0]
[0,0,0]
[0,0,0]
[0,0,0]
[0,0,0]
[0,0,0]
[0,0,0]
[0,0,0]
[0,0,0]
[0,0,0]
[0,0,0]
[0,0,0]
[0,0,0]
[0,0,0]
[0,0,0]
[0,0,0]
[0,0,0]
[0,0,0]
[0,0,0]
[0,0,0]
[0,0,0]
[0,0,0]
[0,0,0]
[0,0,0]
[0,0,0]
[0,0,0]
[0,0,0]
[0,0,0]
[0,0,0]
[0,0,0]
[0,0,0]
[0,0,0]
[0,0,0]
[0,0,0]
[0,0,0]
[0,0,0]
[0,0,0]
[0,0,0]
[0,0,0]
[0,0,0]
[0,0,0]
[0,0,0]
[0,0,0]
[0,0,0]
[0,0,0]
[0,0,0]
[0,0,0]
[0,0,0]
[0,0,0]
[0,0,0]
[0,0,0]
[0,0,0]
[0,0,0]
[0,0,0]
[0,0,0]
[0,0,0]
[0,0,0]
[0,0,0]
[0,0,0]
[0,0,0]
[0,0,0]
[0,0,0]
[0,0,0]
[0,0,0]
[0,0,0]
[0,0,0]
[0,0,0]
[0,0,0]
[0,0,0]
[0,0,0]
[0,0,0]
[0,0,0]
[0,0,0]
[0,0,0]
[0,0,0]
[0,0,0]
[0,0,0]
[0,0,0]
[0,0,0]
[0,0,0]
[0,0,0]
[0,0,0]
[0,0,0]
[0,0,0]
[0,0,0]
[0,0,0]
[0,0,0]
[0,0,0]
[0,0,0]
[0,0,0]
[0,0,0]
[0,0,0]
[0,0,0]
[0,0,0]
[0,0,0]
[0,0,0]
[0,0,0]
[0,0,0]
[0,0,0]
[0,0,0]
[0,0,0]
[0,0,0]
[0,0,0]
[0,0,0]
[0,0,0]
[0,0,0]
[0,0,0]
[0,0,0]
[0,0,0]
[0,0,0]
[0,0,0]
[0,0,0]
[0,0,0]
[0,0,0]
[0,0,0]
[0,0,0]
[0,0,0]
[0,0,0]
[0,0,0]
[0,0,0]
[0,0,0]
[0,0,0]
[0,0,0]
[0,0,0]
[0,0,0]
[0,0,0]
[0,0,0]
[0,0,0]
[0,0,0]
[0,0,0]
[0,0,0]
[0,0,0]
[0,0,0]
[0,0,0]
[0,0,0]
[0,0,0]
[0,0,0]
[0,0,0]
[0,0,0]
[0,0,0]
[0,0,0]
[0,0,0]
[0,0,0]
[0,0,0]
[0,0,0]
[0,0,0]
[0,0,0]
[0,0,0]
[0,0,0]
[0,0,0]
[0,0,0]
[0,0,0]
[0,0,0]
[0,0,0]
[0,0,0]
[0,0,0]
[0,0,0]
[0,0,0]
[0,0,0]
[0,0,0]
[0,0,0]
[0,0,0]
[0,0,0]
[0,0,0]
[0,0,0]
[0,0,0]
[0,0,0]
[0,0,0]
[0,0,0]
[0,0,0]
[0,0,0]
[0,0,0]
[0,0,0]
[0,0,0]
[0,0,0]
[0,0,0]
[0,0,0]
[0,0,0]
[0,0,0]
[0,0,0]
[0,0,0]
[0,0,0]
[0,0,0]
[0,0,0]
[0,0,0]
[0,0,0]
[0,0,0]
[0,0,0]
[0,0,0]
[0,0,0]
[0,0,0]
[0,0,0]
[0,0,0]
[0,0,0]
[0,0,0]
[0,0,0]
[0,0,0]
[0,0,0]
[0,0,0]
[0,0,0]
[0,0,0]
[0,0,0]
[0,0,0]
[0,0,0]
[0,0,0]
[0,0,0]
[0,0,0]
[0,0,0]
[0,0,0]
[0,0,0]
[0,0,0]
[0,0,0]
[0,0,0]
[0,0,0]
[0,0,0]
[0,0,0]
[0,0,0]
[0,0,0]
[0,0,0]
[0,0,0]
[0,0,0]
[0,0,0]
[0,0,0]
[0,0,0]
[0,0,0]
[0,0,0]
[0,0,0]
[0,0,0]
[0,0,0]
[0,0,0]
[0,0,0]
[0,0,0]
[0,0,0]
[0,0,0]
[0,0,0]
[0,0,0]
[0,0,0]
[0,0,0]
[0,0,0]
[0,0,0]
[0,0,0]
[0,0,0]
[0,0,0]
[0,0,0]
[0,0,0]
[0,0,0]
[0,0,0]
[0,0,0]
[0,0,0]
[0,0,0]
[0,0,0]
[0,0,0]
[0,0,0]
[0,0,0]
[0,0,0]
[0,0,0]
[0,0,0]
[0,0,0]
[0,0,0]
[0,0,0]
[0,0,0]
[0,0,0]
[0,0,0]
[0,0,0]
[0,0,0]
[0,0,0]
[0,0,0]
[0,0,0]
[0,0,0]
[0,0,0]
[0,0,0]
[0,0,0]
[0,0,0]
[0,0,0]
[0,0,0]
[0,0,0]
[0,0,0]
[0,0,0]
[0,0,0]
[0,0,0]
[0,0,0]
[0,0,0]
[0,0,0]
[0,0,0]
[0,0,0]
[0,0,0]
[0,0,0]
[0,0,0]
[0,0,0]
[0,0,0]
[0,0,0]
[0,0,0]
[0,0,0]
[0,0,0]
[0,0,0]
[0,0,0]
[0,0,0]
[0,0,0]
[0,0,0]
[0,0,0]
[0,0,0]
[0,0,0]
[0,0,0]
[0,0,0]
[0,0,0]
[0,0,0]
[0,0,0]
[0,0,0]
[0,0,0]
[0,0,0]
[0,0,0]
[0,0,0]
[0,0,0]
[0,0,0]
[0,0,0]
[0,0,0]
[0,0,0]
[0,0,0]
[0,0,0]
[0,0,0]
[0,0,0]
[0,0,0]
[0,0,0]
[0,0,0]
[0,0,0]
[0,0,0]
[0,0,0]
[0,0,0]
[0,0,0]
[0,0,0]
[0,0,0]
[0,0,0]
[0,0,0]
[0,0,0]
[0,0,0]
[0,0,0]
[0,0,0]
[0,0,0]
[0,0,0]
[0,0,0]
[0,0,0]
[0,0,0]
[0,0,0]
[0,0,0]
[0,0,0]
[0,0,0]
[0,0,0]
[0,0,0]
[0,0,0]
[0,0,0]
[0,0,0]
[0,0,0]
[0,0,0]
[0,0,0]
[0,0,0]
[0,0,0]
[0,0,0]
[0,0,0]
[0,0,0]
[0,0,0]
[0,0,0]
[0,0,0]
[0,0,0]
[0,0,0]
[0,0,0]
[0,0,0]
[0,0,0]
[0,0,0]
[0,0,0]
[0,0,0]
[0,0,0]
[0,0,0]
[0,0,0]
[0,0,0]
[0,0,0]
[0,0,0]
[0,0,0]
[0,0,0]
[0,0,0]
[0,0,0]
[0,0,0]
[0,0,0]
[0,0,0]
