452
12
[6.30940485,1685.1842041,865.46972656]
[6.77501392,1688.80059814,865.13171387]
[5.83947086,1690.05157471,865.17797852]
[4.5028367,1691.03131104,866.08862305]
[17.58897972,1682.21820068,855.02722168]
[18.12900162,1682.69317627,857.00463867]
[13.96159077,1682.37969971,861.55932617]
[20.08116531,1686.38458252,870.78759766]
[21.34512711,1676.30059814,865.87402344]
[17.25047112,1679.28948975,868.72998047]
[23.63811874,1669.93322754,865.36877441]
[29.23079491,1670.62420654,862.09753418]
[34.03557968,1664.95153809,856.4197998]
[37.32317352,1667.42565918,856.9510498]
[48.17393494,1663.87097168,854.6583252]
[46.23916245,1660.07897949,856.84741211]
[45.73092651,1660.18554688,857.62902832]
[50.16101074,1659.52288818,855.96838379]
[50.59136581,1658.36737061,856.42248535]
[48.69834518,1659.68817139,855.2310791]
[47.43052673,1661.38024902,858.09448242]
[49.39250183,1661.6940918,851.97045898]
[51.23620224,1663.80834961,854.28747559]
[55.23811722,1662.09039307,851.00964355]
[53.59656525,1664.43731689,854.42907715]
[57.30984879,1666.58300781,851.19152832]
[56.04209518,1665.12677002,853.91564941]
[58.09315109,1672.20013428,848.26489258]
[56.25741577,1675.12280273,849.52124023]
[60.67708969,1675.85290527,846.35046387]
[58.58842087,1679.22045898,848.31933594]
[58.68697357,1679.51104736,848.55334473]
[59.72680664,1679.59161377,848.5880127]
[65.68549347,1678.86688232,845.59277344]
[77.44926453,1679.69335938,843.23840332]
[81.6088028,1672.55877686,834.9276123]
[82.27087402,1672.3659668,834.64160156]
[108.30161285,1659.60070801,830.06970215]
[107.08582306,1650.75939941,823.1875]
[120.72314453,1641.43206787,805.53894043]
[116.35474396,1633.87719727,807.29956055]
[114.35588837,1636.35546875,793.96032715]
[115.38328552,1615.58172607,787.98962402]
[110.58194733,1617.74310303,777.84924316]
[109.99995422,1603.75775146,775.69091797]
[106.76070404,1602.67919922,767.08239746]
[103.59455872,1601.88195801,764.51965332]
[92.49964142,1605.4197998,766.69628906]
[85.71534729,1625.37713623,757.05358887]
[81.942276,1627.23254395,755.37512207]
[91.96911621,1633.07556152,743.74926758]
[86.47273254,1640.15771484,745.99951172]
[75.21737671,1649.59069824,747.19775391]
[83.12969971,1648.44494629,750.30749512]
[68.81031036,1638.49755859,748.42370605]
[38.30203247,1649.83190918,757.88793945]
[31.70339775,1653.94036865,755.47375488]
[31.43351173,1662.78356934,749.74462891]
[29.61698914,1670.2756958,743.11169434]
[26.57386589,1664.63464355,744.51367188]
[24.16396523,1677.57421875,744.85925293]
[10.27739429,1685.98687744,740.16748047]
[20.43413734,1650.03216553,752.16174316]
[-24.31619644,1698.53479004,723.35009766]
[-25.2294693,1690.52996826,719.48999023]
[-18.32194519,1676.81304932,716.75036621]
[-12.91947174,1666.59320068,727.38378906]
[-15.90943336,1666.39727783,730.56542969]
[-3.88853431,1674.93206787,723.16052246]
[3.51574272e-02,1.67782947e+03,7.22397827e+02]
[14.91702938,1665.50250244,716.64111328]
[23.29409599,1665.84515381,713.42211914]
[27.96492386,1662.39935303,712.15563965]
[27.04993248,1668.4130249,715.81774902]
[23.56845093,1679.38793945,718.63952637]
[12.47741318,1686.66497803,723.17529297]
[-2.86936021,1694.99121094,734.73461914]
[-3.86085367,1693.11645508,737.78662109]
[-12.98529625,1695.66333008,754.27697754]
[-8.70841789,1687.54864502,758.57543945]
[-15.58570576,1673.48791504,769.90637207]
[-21.72880554,1659.81195068,788.35876465]
[-47.92188263,1634.94110107,854.02954102]
[-17.06557655,1616.95446777,804.57299805]
[-14.66360664,1598.49481201,818.13659668]
[-34.51596069,1594.66052246,832.62939453]
[-23.9240818,1573.27416992,832.44555664]
[-45.11441422,1576.30627441,843.88647461]
[-58.56298828,1576.9876709,857.59765625]
[-63.18817902,1570.79705811,853.43164062]
[-66.80063629,1579.38616943,801.91943359]
[-64.52355957,1580.1105957,817.66040039]
[-70.7763443,1587.30517578,788.15966797]
[-72.96427155,1605.07128906,775.74609375]
[-69.95352173,1620.92590332,783.09741211]
[-64.37159729,1631.07104492,801.96386719]
[-61.4440155,1634.07678223,788.17431641]
[-50.69103241,1631.11297607,793.07165527]
[-40.04305649,1621.21484375,810.06359863]
[-40.61764526,1588.73059082,786.7590332]
[-27.47613144,1556.18280029,770.578125]
[-25.88266182,1563.68676758,800.45629883]
[-16.47025299,1531.09552002,795.01086426]
[3.08603048e-02,1.53181097e+03,8.05626587e+02]
[9.59084892,1538.75140381,808.2565918]
[35.78715134,1538.33312988,797.99987793]
[41.531147,1539.71728516,789.0065918]
[63.78150177,1555.13873291,805.015625]
[62.67642975,1554.03643799,788.63317871]
[100.18964386,1583.17425537,853.70275879]
[92.641922,1574.84796143,854.29162598]
[91.21746063,1567.42590332,863.92102051]
[83.70821381,1547.48895264,829.64331055]
[90.16321564,1538.83721924,832.05505371]
[77.69481659,1531.13354492,858.9387207]
[77.08083344,1540.55456543,863.19555664]
[91.62263489,1532.05145264,863.34997559]
[99.71179199,1573.99725342,910.96081543]
[85.95764923,1578.3470459,878.73925781]
[83.55677032,1590.34375,859.32910156]
[87.18660736,1605.52770996,853.24682617]
[98.72138214,1602.77496338,824.3704834]
[88.21499634,1630.85601807,788.23571777]
[83.91429138,1651.55126953,769.56311035]
[92.65708923,1642.18658447,737.76855469]
[89.7868576,1653.21124268,714.28796387]
[89.08409119,1665.46276855,695.02600098]
[96.32035828,1646.15093994,664.20214844]
[96.40904999,1636.29711914,651.07177734]
[94.34718323,1631.81274414,629.07275391]
[89.96263885,1628.40039062,634.0078125]
[82.19223785,1620.41021729,624.58557129]
[77.60539246,1603.26940918,609.24597168]
[67.0588913,1597.50140381,595.95446777]
[58.38559723,1595.32122803,585.77783203]
[54.04795837,1601.45739746,577.93310547]
[41.2644577,1612.56262207,583.8548584]
[36.81019592,1622.87976074,583.00915527]
[39.19005966,1640.51385498,579.03674316]
[33.09295273,1649.36151123,584.28405762]
[36.30680466,1647.01446533,593.20690918]
[45.1813736,1631.30072021,606.74145508]
[53.4227066,1617.81854248,625.25378418]
[55.60765076,1596.07904053,644.97229004]
[49.81121445,1585.08721924,661.89135742]
[43.76299667,1580.79504395,666.73303223]
[29.08167458,1575.37182617,677.35168457]
[19.28922272,1588.58740234,681.39953613]
[4.86492825,1593.38842773,673.81994629]
[2.24046135,1609.12115479,663.73779297]
[-4.74839115,1626.28881836,657.41821289]
[24.95860672,1628.95721436,643.68395996]
[-29.57387352,1658.41644287,633.57788086]
[-31.27220726,1663.60882568,623.67211914]
[-25.72145271,1674.42254639,594.5234375]
[-51.79346466,1674.70532227,581.97338867]
[-71.86080933,1671.06134033,576.82580566]
[-88.95702362,1667.47540283,568.38427734]
[-48.99943542,1654.88085938,561.60070801]
[-82.52545166,1629.878479,552.7677002]
[-84.8934021,1625.4019165,538.25866699]
[-83.41776276,1609.17944336,524.68945312]
[-89.17661285,1598.30810547,510.77624512]
[-82.68869019,1589.73309326,495.12988281]
[-100.51387024,1579.78430176,488.58056641]
[-105.49173737,1588.93139648,479.41516113]
[-113.63234711,1604.35919189,473.04626465]
[-134.14059448,1622.03924561,465.75280762]
[-125.49975586,1639.55206299,451.84753418]
[-136.17974854,1659.15533447,439.92419434]
[-152.8170929,1686.37408447,429.87719727]
[-147.86955261,1667.1270752,410.29150391]
[-129.98399353,1642.15612793,403.97814941]
[-163.4995575,1649.59423828,398.27246094]
[-159.54904175,1644.07806396,392.46459961]
[-160.4546051,1641.66320801,385.13220215]
[-170.86372375,1628.41027832,377.42492676]
[-173.34039307,1615.27893066,366.58166504]
[-181.92976379,1609.46490479,363.82006836]
[-182.52041626,1609.68005371,355.6015625]
[-180.29934692,1606.96307373,354.19946289]
[-181.26405334,1607.60980225,352.85302734]
[-187.66043091,1605.00543213,353.02099609]
[-186.00256348,1608.00976562,353.21435547]
[-182.28599548,1616.94317627,363.14733887]
[-186.60734558,1633.0569458,373.42321777]
[-183.68708801,1638.15930176,384.43200684]
[-190.86019897,1653.44897461,398.9921875]
[-209.33726501,1661.9800415,413.66796875]
[-212.49108887,1663.22729492,425.85449219]
[-214.78289795,1672.9744873,443.17224121]
[-212.14535522,1679.51086426,455.36547852]
[-212.05368042,1680.59014893,470.63891602]
[-194.11288452,1681.64788818,480.82421875]
[-192.64710999,1679.83032227,495.27380371]
[-169.84153748,1663.59710693,497.22241211]
[-152.9025116,1644.83575439,494.70007324]
[-152.13006592,1651.50811768,505.15429688]
[-136.17414856,1651.00384521,511.19238281]
[-130.34394836,1666.07501221,525.58850098]
[-125.17377472,1671.94049072,539.11621094]
[-116.99837494,1684.29626465,554.33776855]
[-112.52510071,1699.73339844,572.57653809]
[-104.4668808,1706.56219482,595.71472168]
[-92.97714996,1705.6439209,612.55224609]
[-69.6656189,1695.84118652,630.51831055]
[-44.27170944,1690.70690918,651.29003906]
[-31.49074364,1688.98657227,673.57946777]
[-28.44353485,1670.17730713,703.68286133]
[-20.100317,1664.13555908,726.609375]
[-26.52185249,1650.67803955,757.39782715]
[-7.06431818,1624.56536865,771.47363281]
[10.17852402,1616.52276611,786.48535156]
[6.23944235,1617.47753906,808.55651855]
[5.74675941,1635.4118042,822.5111084]
[41.28948593,1657.6239624,817.90405273]
[65.46864319,1669.71582031,827.07165527]
[79.41890717,1700.5871582,834.03540039]
[103.92081451,1695.16668701,846.87817383]
[84.50138092,1702.18408203,860.09472656]
[72.09725952,1695.86981201,881.44995117]
[109.78739929,1673.07452393,888.51721191]
[90.89580536,1675.67242432,908.19555664]
[137.9085083,1658.17956543,898.88977051]
[145.7427063,1633.17919922,915.01477051]
[118.49848175,1618.95684814,942.63952637]
[127.07874298,1625.50805664,949.52087402]
[113.94493103,1628.15466309,965.47167969]
[160.5819397,1646.59710693,958.37658691]
[155.14468384,1664.88476562,962.08435059]
[123.07923889,1683.17510986,983.09899902]
[117.85671997,1701.52856445,992.59619141]
[101.95436096,1729.3036499,1005.80004883]
[94.75408173,1744.55310059,1009.92041016]
[105.72466278,1765.53637695,1010.36694336]
[105.11431122,1775.24353027,1003.64428711]
[98.00432587,1776.24066162,1004.90234375]
[91.61405182,1763.31604004,1000.78198242]
[80.86190796,1731.52539062,997.54284668]
[81.20700836,1705.10180664,999.23913574]
[83.36693573,1688.85162354,982.06530762]
[91.02719116,1656.56439209,951.99230957]
[93.80219269,1630.28436279,933.53625488]
[84.96269989,1605.18206787,913.95166016]
[76.93894958,1575.16021729,902.03735352]
[70.3680954,1552.9541626,887.28857422]
[74.95387268,1521.26593018,875.79296875]
[86.07499695,1479.97271729,860.44396973]
[43.41768646,1448.6472168,878.80175781]
[76.47216034,1404.56225586,852.07324219]
[76.27287292,1361.53808594,837.54394531]
[91.19544983,1350.91412354,834.77270508]
[88.96509552,1320.62011719,832.30664062]
[89.37831879,1298.13314819,829.30041504]
[85.6411438,1283.50231934,833.65026855]
[85.50402832,1278.78439331,837.09350586]
[78.30164337,1289.34988403,840.65783691]
[81.47135925,1298.96838379,846.06567383]
[93.28135681,1313.38763428,840.99987793]
[79.0813446,1329.85040283,853.56591797]
[93.71235657,1363.35211182,846.45666504]
[103.38128662,1395.128479,851.57897949]
[85.59523773,1445.45684814,860.01245117]
[85.04315948,1503.95635986,874.09387207]
[98.2498703,1554.26574707,884.35559082]
[118.57175446,1601.74603271,890.21252441]
[129.4125061,1668.08691406,889.55981445]
[145.0080719,1709.95947266,882.25952148]
[147.95976257,1751.81298828,877.28674316]
[150.40252686,1776.21636963,881.37463379]
[139.24221802,1781.7210083,897.21057129]
[147.30224609,1782.0211792,895.00183105]
[136.1521759,1785.07373047,901.56835938]
[150.5135498,1770.87249756,895.6796875]
[153.63487244,1747.15362549,908.13684082]
[139.16221619,1722.53063965,897.95825195]
[126.9442749,1704.33966064,906.54626465]
[127.72707367,1674.15679932,911.07824707]
[129.52374268,1654.74133301,902.17333984]
[128.51289368,1635.29559326,896.92822266]
[123.18293762,1629.06695557,892.19702148]
[121.94204712,1626.9977417,879.28369141]
[118.27972412,1626.40112305,862.40563965]
[116.33577728,1622.25720215,842.1809082]
[105.57788849,1634.90460205,811.3762207]
[99.85044861,1644.97210693,786.24926758]
[90.05031586,1652.39483643,756.23950195]
[90.07243347,1645.81719971,728.4564209]
[86.8949585,1643.06207275,712.37451172]
[81.8589859,1637.84185791,697.5020752]
[87.61385345,1630.26708984,672.51843262]
[95.26544952,1630.81665039,653.98168945]
[101.88371277,1618.48034668,637.60925293]
[110.49285889,1610.25964355,621.30029297]
[104.15369415,1607.76428223,610.2454834]
[115.31637573,1603.17773438,596.70617676]
[105.24591064,1607.77313232,580.65380859]
[91.36532593,1616.04064941,569.10339355]
[99.22129059,1623.25994873,563.58557129]
[100.28959656,1618.21478271,541.77905273]
[111.7226181,1612.74859619,510.85021973]
[103.69831085,1610.58111572,484.11962891]
[110.42230988,1599.01678467,460.37670898]
[107.1942749,1599.09509277,428.57763672]
[99.98580933,1611.46832275,411.32885742]
[105.70770264,1608.972229,384.82067871]
[117.13436127,1594.67095947,358.30383301]
[123.76422119,1584.68890381,336.21069336]
[122.0723114,1587.73114014,321.75549316]
[119.71572876,1590.69110107,306.16552734]
[113.04119873,1606.48999023,300.08630371]
[107.30499268,1619.40777588,294.3927002]
[106.4573288,1624.20391846,284.72741699]
[96.39311218,1643.20800781,280.17858887]
[71.93593597,1659.50976562,286.45495605]
[75.17713165,1675.52624512,288.70935059]
[74.65111542,1683.27441406,296.52185059]
[75.22492218,1688.24658203,303.38842773]
[75.33089447,1692.534729,307.64160156]
[75.59092712,1692.10748291,308.33496094]
[79.92921448,1688.8984375,310.86975098]
[78.84671021,1689.24060059,310.98327637]
[66.06668091,1676.42669678,322.31872559]
[84.42539215,1656.6151123,306.31469727]
[39.67057419,1640.35491943,321.74841309]
[26.81051254,1628.60998535,349.23510742]
[13.84079456,1604.37640381,360.57910156]
[-8.36700249,1596.65722656,374.0402832]
[-22.31252289,1589.39172363,380.98547363]
[-40.92327118,1604.3973999,391.56054688]
[-52.2779808,1620.85723877,399.07336426]
[-71.31301117,1649.35906982,409.35131836]
[-79.90556335,1657.19976807,412.60498047]
[-102.56274414,1665.74298096,415.27270508]
[-110.12909698,1667.76885986,416.95556641]
[-136.62837219,1664.45056152,457.35766602]
[-131.79634094,1640.59161377,462.27636719]
[-143.79859924,1633.89294434,456.66589355]
[-168.23736572,1614.1171875,489.11865234]
[-179.67076111,1617.3973999,503.64575195]
[-187.17352295,1608.0612793,553.82409668]
[-203.87667847,1599.03979492,559.63830566]
[-195.93295288,1606.95831299,596.22998047]
[-180.5151062,1600.99169922,618.67382812]
[-160.31587219,1609.53344727,615.4107666]
[-139.20204163,1621.15161133,621.92224121]
[-132.60342407,1615.91290283,613.52197266]
[-101.42338562,1629.45379639,622.05639648]
[-76.94001007,1633.44140625,622.84484863]
[-60.5906105,1636.6206665,610.45349121]
[-59.94645691,1626.44451904,612.43652344]
[-39.14631271,1626.44708252,611.15441895]
[-27.44942856,1622.31689453,623.13146973]
[-10.91437054,1630.13641357,624.32873535]
[-1.34429336e+00,1.63426135e+03,6.25828491e+02]
[16.77261353,1641.15893555,607.96813965]
[29.17353821,1647.10717773,609.96862793]
[45.68394852,1642.00628662,571.95739746]
[37.11380005,1633.06365967,573.57470703]
[63.53815079,1634.37182617,580.13342285]
[76.19687653,1629.69543457,586.89746094]
[85.94550323,1630.91125488,584.54504395]
[84.99005127,1641.42077637,580.87915039]
[86.21728516,1657.44696045,578.76721191]
[94.03010559,1677.16784668,574.44445801]
[93.77643585,1695.28973389,568.40979004]
[97.63644409,1707.84973145,567.46447754]
[97.24923706,1721.66607666,575.35546875]
[93.14839172,1715.4854126,579.90759277]
[87.49868011,1709.3737793,582.38464355]
[79.10256195,1701.81591797,589.08154297]
[60.70572662,1695.45233154,598.25341797]
[55.08904266,1696.03033447,613.85070801]
[67.3638382,1679.71856689,636.35900879]
[63.25154877,1663.11810303,654.49780273]
[75.70057678,1654.41784668,689.74926758]
[67.54450226,1644.16149902,715.72363281]
[69.89949799,1658.32714844,738.1315918]
[75.91183472,1665.36260986,760.6661377]
[87.60142517,1669.36651611,769.50024414]
[93.08992004,1684.02270508,789.63818359]
[92.33728027,1697.30883789,800.38330078]
[99.5188446,1708.07159424,815.65405273]
[90.62238312,1717.67346191,823.8458252]
[103.25692749,1716.47003174,827.57092285]
[112.19300079,1708.42785645,834.3807373]
[118.01124573,1714.08520508,840.75]
[122.3738327,1709.00341797,849.08410645]
[123.06894684,1715.19024658,862.60229492]
[130.94618225,1704.88946533,868.87316895]
[111.34426117,1700.33135986,893.49414062]
[120.46997833,1697.76611328,900.70703125]
[106.12283325,1687.43310547,914.43371582]
[109.85868835,1682.56213379,926.6697998]
[86.41188049,1661.46203613,939.96142578]
[71.54983521,1644.49395752,948.12158203]
[74.02149963,1619.47723389,955.25048828]
[67.90193939,1613.79022217,950.67663574]
[61.07381058,1611.98602295,946.59887695]
[58.85034561,1624.49530029,951.33874512]
[57.72637177,1628.76062012,954.27941895]
[57.2300415,1638.31567383,952.21276855]
[57.99400711,1650.48291016,959.01879883]
[63.29174423,1657.49981689,955.85717773]
[60.7252121,1659.65863037,967.65808105]
[67.86407471,1665.53808594,980.00317383]
[71.67506409,1666.13037109,984.98779297]
[79.40431976,1665.81396484,999.55029297]
[88.41557312,1658.26190186,1013.55627441]
[100.87464142,1645.24981689,1031.47961426]
[116.91046143,1631.45227051,1041.67126465]
[134.46182251,1613.36914062,1046.9362793]
[139.74528503,1606.18286133,1062.89697266]
[147.7106781,1596.89355469,1072.23754883]
[159.01774597,1596.89001465,1081.61962891]
[173.74023438,1597.39593506,1079.17895508]
[187.36846924,1607.31774902,1075.90332031]
[195.74755859,1616.21386719,1069.76245117]
[190.67521667,1623.68823242,1069.22167969]
[191.99491882,1625.36364746,1064.38134766]
[189.73223877,1624.70617676,1057.96142578]
[185.93325806,1620.00201416,1048.55444336]
[176.74168396,1622.22497559,1036.33044434]
[173.80371094,1613.94165039,1017.07702637]
[172.71821594,1602.75872803,990.41479492]
[159.84693909,1592.48254395,968.55053711]
[141.42399597,1584.04754639,948.68408203]
[129.66653442,1570.36975098,920.29943848]
[106.75860596,1551.95782471,899.30212402]
[95.94552612,1530.72375488,877.48217773]
[98.34628296,1503.43743896,855.5378418]
[89.61216736,1494.84313965,839.60803223]
[88.44220734,1490.23400879,821.41223145]
[84.82154846,1493.88586426,806.07006836]
[84.18331146,1498.43206787,791.16455078]
[79.34902191,1507.00958252,778.28112793]
[81.35222626,1515.03277588,755.37963867]
[82.09281921,1527.0411377,740.13879395]
[85.27867126,1542.90161133,718.1229248]
[84.23645782,1549.3059082,704.9440918]
[114.55130005,1564.79693604,696.41137695]
[105.65386963,1567.90814209,683.09423828]
[85.93032074,1566.61859131,668.07556152]
[82.9757843,1566.6350708,652.37097168]
[76.06652069,1563.14178467,642.80517578]
[75.63787079,1560.72967529,627.70812988]
[72.99398041,1554.5201416,616.93054199]
[80.83447266,1553.72753906,611.27197266]
[90.1214447,1559.0010376,606.0715332]
[85.38095856,1569.60992432,582.56738281]
[89.79672241,1575.14868164,570.24389648]
[89.34745789,1585.44244385,556.56970215]
[0,0,0]
[0,0,0]
[0,0,0]
[0,0,0]
[0,0,0]
[0,0,0]
[0,0,0]
[0,0,0]
[0,0,0]
[0,0,0]
[0,0,0]
[0,0,0]
[0,0,0]
[0,0,0]
[0,0,0]
[0,0,0]
[0,0,0]
[0,0,0]
[0,0,0]
[0,0,0]
[0,0,0]
[0,0,0]
[0,0,0]
[0,0,0]
[0,0,0]
[0,0,0]
[0,0,0]
[0,0,0]
[0,0,0]
[0,0,0]
[0,0,0]
[0,0,0]
[0,0,0]
[0,0,0]
[0,0,0]
[0,0,0]
[0,0,0]
[0,0,0]
[0,0,0]
[0,0,0]
[0,0,0]
[0,0,0]
[0,0,0]
[0,0,0]
[0,0,0]
[0,0,0]
[0,0,0]
[0,0,0]
[0,0,0]
[0,0,0]
[0,0,0]
[0,0,0]
[0,0,0]
[0,0,0]
[0,0,0]
[0,0,0]
[0,0,0]
[0,0,0]
[0,0,0]
[0,0,0]
[0,0,0]
[0,0,0]
[0,0,0]
[0,0,0]
[0,0,0]
[0,0,0]
[0,0,0]
[0,0,0]
[0,0,0]
[0,0,0]
[0,0,0]
[0,0,0]
[0,0,0]
[0,0,0]
[0,0,0]
[0,0,0]
[0,0,0]
[0,0,0]
[0,0,0]
[0,0,0]
[0,0,0]
[0,0,0]
[0,0,0]
[0,0,0]
[0,0,0]
[0,0,0]
[0,0,0]
[0,0,0]
[0,0,0]
[0,0,0]
[0,0,0]
[0,0,0]
[0,0,0]
[0,0,0]
[0,0,0]
[0,0,0]
[0,0,0]
[0,0,0]
[0,0,0]
[0,0,0]
[0,0,0]
[0,0,0]
[0,0,0]
[0,0,0]
[0,0,0]
[0,0,0]
[0,0,0]
[0,0,0]
[0,0,0]
[0,0,0]
[0,0,0]
[0,0,0]
[0,0,0]
[0,0,0]
[0,0,0]
[0,0,0]
[0,0,0]
[0,0,0]
[0,0,0]
[0,0,0]
[0,0,0]
[0,0,0]
[0,0,0]
[0,0,0]
[0,0,0]
[0,0,0]
[0,0,0]
[0,0,0]
[0,0,0]
[0,0,0]
[0,0,0]
[0,0,0]
[0,0,0]
[0,0,0]
[0,0,0]
[0,0,0]
[0,0,0]
[0,0,0]
[0,0,0]
[0,0,0]
[0,0,0]
[0,0,0]
[0,0,0]
[0,0,0]
[0,0,0]
[0,0,0]
[0,0,0]
[0,0,0]
[0,0,0]
[0,0,0]
[0,0,0]
[0,0,0]
[0,0,0]
[0,0,0]
[0,0,0]
[0,0,0]
[0,0,0]
[0,0,0]
[0,0,0]
[0,0,0]
[0,0,0]
[0,0,0]
[0,0,0]
[0,0,0]
[0,0,0]
[0,0,0]
[0,0,0]
[0,0,0]
[0,0,0]
[0,0,0]
[0,0,0]
[0,0,0]
[0,0,0]
[0,0,0]
[0,0,0]
[0,0,0]
[0,0,0]
[0,0,0]
[0,0,0]
[0,0,0]
[0,0,0]
[0,0,0]
[0,0,0]
[0,0,0]
[0,0,0]
[0,0,0]
[0,0,0]
[0,0,0]
[0,0,0]
[0,0,0]
[0,0,0]
[0,0,0]
[0,0,0]
[0,0,0]
[0,0,0]
[0,0,0]
[0,0,0]
[0,0,0]
[0,0,0]
[0,0,0]
[0,0,0]
[0,0,0]
[0,0,0]
[0,0,0]
[0,0,0]
[0,0,0]
[0,0,0]
[0,0,0]
[0,0,0]
[0,0,0]
[0,0,0]
[0,0,0]
[0,0,0]
[0,0,0]
[0,0,0]
[0,0,0]
[0,0,0]
[0,0,0]
[0,0,0]
[0,0,0]
[0,0,0]
[0,0,0]
[0,0,0]
[0,0,0]
[0,0,0]
[0,0,0]
[0,0,0]
[0,0,0]
[0,0,0]
[0,0,0]
[0,0,0]
[0,0,0]
[0,0,0]
[0,0,0]
[0,0,0]
[0,0,0]
[0,0,0]
[0,0,0]
[0,0,0]
[0,0,0]
[0,0,0]
[0,0,0]
[0,0,0]
[0,0,0]
[0,0,0]
[0,0,0]
[0,0,0]
[0,0,0]
[0,0,0]
[0,0,0]
[0,0,0]
[0,0,0]
[0,0,0]
[0,0,0]
[0,0,0]
[0,0,0]
[0,0,0]
[0,0,0]
[0,0,0]
[0,0,0]
[0,0,0]
[0,0,0]
[0,0,0]
[0,0,0]
[0,0,0]
[0,0,0]
[0,0,0]
[0,0,0]
[0,0,0]
[0,0,0]
[0,0,0]
[0,0,0]
[0,0,0]
[0,0,0]
[0,0,0]
[0,0,0]
[0,0,0]
[0,0,0]
[0,0,0]
[0,0,0]
[0,0,0]
[0,0,0]
[0,0,0]
[0,0,0]
[0,0,0]
[0,0,0]
[0,0,0]
[0,0,0]
[0,0,0]
[0,0,0]
[0,0,0]
[0,0,0]
[0,0,0]
[0,0,0]
[0,0,0]
[0,0,0]
[0,0,0]
[0,0,0]
[0,0,0]
[0,0,0]
[0,0,0]
[0,0,0]
[0,0,0]
[0,0,0]
[0,0,0]
[0,0,0]
[0,0,0]
[0,0,0]
[0,0,0]
[0,0,0]
[0,0,0]
[0,0,0]
[0,0,0]
[0,0,0]
[0,0,0]
[0,0,0]
[0,0,0]
[0,0,0]
[0,0,0]
[0,0,0]
[0,0,0]
[0,0,0]
[0,0,0]
[0,0,0]
[0,0,0]
[0,0,0]
[0,0,0]
[0,0,0]
[0,0,0]
[0,0,0]
[0,0,0]
[0,0,0]
[0,0,0]
[0,0,0]
[0,0,0]
[0,0,0]
[0,0,0]
[0,0,0]
[0,0,0]
[0,0,0]
[0,0,0]
[0,0,0]
[0,0,0]
[0,0,0]
[0,0,0]
[0,0,0]
[0,0,0]
[0,0,0]
[0,0,0]
[0,0,0]
[0,0,0]
[0,0,0]
[0,0,0]
[0,0,0]
[0,0,0]
[0,0,0]
[0,0,0]
[0,0,0]
[0,0,0]
[0,0,0]
[0,0,0]
[0,0,0]
[0,0,0]
[0,0,0]
[0,0,0]
[0,0,0]
[0,0,0]
[0,0,0]
[0,0,0]
[0,0,0]
[0,0,0]
[0,0,0]
[0,0,0]
[0,0,0]
[0,0,0]
[0,0,0]
[0,0,0]
[0,0,0]
[0,0,0]
[0,0,0]
[0,0,0]
[0,0,0]
[0,0,0]
[0,0,0]
[0,0,0]
[0,0,0]
[0,0,0]
[0,0,0]
[0,0,0]
[0,0,0]
[0,0,0]
[0,0,0]
[0,0,0]
[0,0,0]
[0,0,0]
[0,0,0]
[0,0,0]
[0,0,0]
[0,0,0]
[0,0,0]
[0,0,0]
[0,0,0]
[0,0,0]
[0,0,0]
[0,0,0]
[0,0,0]
[0,0,0]
[0,0,0]
[0,0,0]
[0,0,0]
[0,0,0]
[0,0,0]
[0,0,0]
[0,0,0]
[0,0,0]
[0,0,0]
[0,0,0]
[0,0,0]
[0,0,0]
[0,0,0]
[0,0,0]
[0,0,0]
[0,0,0]
[0,0,0]
[0,0,0]
[0,0,0]
[0,0,0]
[0,0,0]
[0,0,0]
[0,0,0]
[0,0,0]
[0,0,0]
[0,0,0]
[0,0,0]
[0,0,0]
[0,0,0]
[0,0,0]
[0,0,0]
[0,0,0]
[0,0,0]
[0,0,0]
[0,0,0]
[0,0,0]
[0,0,0]
[0,0,0]
[0,0,0]
[0,0,0]
[0,0,0]
[0,0,0]
[0,0,0]
[0,0,0]
[0,0,0]
