452
30
[39.932308197021484, -921.8348388671875, 1895.8714599609375]
[43.516624450683594, -923.4868774414062, 1894.62158203125]
[42.84989547729492, -924.4500122070312, 1894.69189453125]
[44.02959442138672, -923.4725341796875, 1894.54296875]
[53.05668640136719, -917.4310913085938, 1885.5679931640625]
[53.399723052978516, -917.5823974609375, 1888.14892578125]
[53.766815185546875, -915.5944213867188, 1888.8499755859375]
[55.46531677246094, -923.772216796875, 1899.5396728515625]
[60.405303955078125, -912.9891967773438, 1890.400390625]
[58.08917999267578, -914.8220825195312, 1891.870361328125]
[63.38459396362305, -907.1603393554688, 1887.6571044921875]
[68.96642303466797, -907.6825561523438, 1884.9161376953125]
[70.90451049804688, -904.3351440429688, 1880.0809326171875]
[73.9350814819336, -906.6472778320312, 1881.3912353515625]
[81.37651062011719, -905.850830078125, 1879.5888671875]
[81.31529235839844, -901.8267822265625, 1879.6107177734375]
[81.83602905273438, -901.4393920898438, 1879.8099365234375]
[84.67737579345703, -901.16455078125, 1879.60986328125]
[85.12287139892578, -900.1897583007812, 1879.7081298828125]
[84.6949691772461, -900.2872314453125, 1878.0576171875]
[84.60894775390625, -901.2109375, 1880.4005126953125]
[85.90607452392578, -901.54296875, 1875.0443115234375]
[87.6628646850586, -903.1500854492188, 1878.1865234375]
[90.3149185180664, -902.5941772460938, 1875.2216796875]
[90.90064239501953, -903.49365234375, 1877.7220458984375]
[94.32567596435547, -905.2572631835938, 1875.609375]
[94.72274780273438, -902.6716918945312, 1877.1153564453125]
[95.99861907958984, -909.0817260742188, 1873.693359375]
[95.58482360839844, -910.4466552734375, 1874.7529296875]
[99.13184356689453, -911.2124633789062, 1873.0404052734375]
[97.82119750976562, -913.8048706054688, 1874.9151611328125]
[97.97222900390625, -914.0155639648438, 1875.1737060546875]
[99.1889419555664, -913.8478393554688, 1875.2491455078125]
[104.40840911865234, -913.805419921875, 1872.6934814453125]
[114.33512878417969, -915.5071411132812, 1872.2215576171875]
[120.05197143554688, -907.1401977539062, 1862.6632080078125]
[120.75038146972656, -906.8914794921875, 1862.39453125]
[146.2987823486328, -895.40673828125, 1857.3485107421875]
[149.21803283691406, -882.1875610351562, 1848.6805419921875]
[159.64752197265625, -876.2322998046875, 1832.1361083984375]
[159.59109497070312, -867.0492553710938, 1828.08984375]
[158.6572265625, -868.9256591796875, 1814.6429443359375]
[158.65866088867188, -852.1725463867188, 1803.36962890625]
[152.8097686767578, -854.6925048828125, 1794.4449462890625]
[150.50729370117188, -843.51123046875, 1789.850830078125]
[145.93589782714844, -842.9574584960938, 1782.892822265625]
[141.36094665527344, -843.813232421875, 1780.4415283203125]
[131.80038452148438, -845.2694091796875, 1783.722412109375]
[126.19203186035156, -861.505859375, 1779.7470703125]
[121.27254486083984, -861.1704711914062, 1782.09912109375]
[126.27989196777344, -866.0003662109375, 1777.6282958984375]
[118.30620574951172, -870.9922485351562, 1783.82080078125]
[107.9369125366211, -875.85498046875, 1787.8544921875]
[109.65576934814453, -873.488525390625, 1795.375]
[94.76182556152344, -867.2581787109375, 1791.240966796875]
[69.53333282470703, -877.9298706054688, 1797.6778564453125]
[60.51458740234375, -881.6659545898438, 1797.0167236328125]
[56.35547637939453, -893.1036376953125, 1792.4000244140625]
[50.891197204589844, -899.86376953125, 1787.6864013671875]
[44.940670013427734, -899.6593017578125, 1786.9354248046875]
[41.2713508605957, -911.04833984375, 1789.3826904296875]
[26.9793643951416, -921.6085815429688, 1783.603515625]
[34.959678649902344, -893.7849731445312, 1788.888916015625]
[0.26992523670196533, -930.78564453125, 1765.974853515625]
[-3.5856966972351074, -920.8560180664062, 1763.8294677734375]
[3.4063189029693604, -910.0934448242188, 1758.498291015625]
[3.5935781002044678, -904.5308837890625, 1767.733154296875]
[16.222496032714844, -898.0523681640625, 1766.576904296875]
[25.313730239868164, -908.922119140625, 1760.29931640625]
[32.25493621826172, -911.2799072265625, 1758.171875]
[44.62496566772461, -900.9869384765625, 1753.04052734375]
[51.169822692871094, -901.3552856445312, 1750.89306640625]
[56.556312561035156, -901.193359375, 1746.0999755859375]
[57.940147399902344, -906.90966796875, 1748.418701171875]
[56.053138732910156, -919.7257690429688, 1747.97607421875]
[44.32452392578125, -929.6339721679688, 1749.013916015625]
[29.318950653076172, -939.6535034179688, 1757.7579345703125]
[23.594100952148438, -939.6102905273438, 1762.4571533203125]
[10.001964569091797, -943.1982421875, 1781.9058837890625]
[13.364895820617676, -932.3096313476562, 1789.976318359375]
[0.9049875736236572, -922.0009155273438, 1799.772705078125]
[-4.125638008117676, -908.2627563476562, 1815.9769287109375]
[-24.264612197875977, -887.450439453125, 1864.1080322265625]
[-0.7588798403739929, -868.2113037109375, 1826.1766357421875]
[-3.8410565853118896, -857.42724609375, 1826.282958984375]
[-17.851768493652344, -850.9320678710938, 1842.5076904296875]
[-8.073979377746582, -830.2318115234375, 1838.0108642578125]
[-25.357955932617188, -830.80517578125, 1852.1046142578125]
[-36.200443267822266, -830.6001586914062, 1862.0869140625]
[-43.525333404541016, -825.9380493164062, 1853.2117919921875]
[-47.77372741699219, -831.9827270507812, 1817.4979248046875]
[-46.432456970214844, -835.9176025390625, 1822.1083984375]
[-53.15398025512695, -843.5149536132812, 1794.7537841796875]
[-56.99946975708008, -861.3827514648438, 1785.3409423828125]
[-52.029258728027344, -877.7886352539062, 1784.4320068359375]
[-47.799461364746094, -888.5747680664062, 1796.0430908203125]
[-45.42997741699219, -891.646240234375, 1785.7420654296875]
[-34.958892822265625, -888.5045166015625, 1789.4368896484375]
[-25.078704833984375, -877.7657470703125, 1802.380615234375]
[-30.191953659057617, -846.8855590820312, 1785.837158203125]
[-16.71935272216797, -812.8681030273438, 1780.131591796875]
[-9.679868698120117, -819.139404296875, 1792.6397705078125]
[-4.23540735244751, -788.5103149414062, 1794.7830810546875]
[5.486021041870117, -789.3466796875, 1794.6551513671875]
[13.66739273071289, -796.405517578125, 1796.2850341796875]
[38.95039367675781, -797.1859741210938, 1793.3277587890625]
[40.71174621582031, -799.3036499023438, 1790.4476318359375]
[65.1058578491211, -815.2449340820312, 1807.444580078125]
[63.96296691894531, -813.7054443359375, 1796.1343994140625]
[98.9702377319336, -843.296142578125, 1845.9892578125]
[91.10125732421875, -834.7247924804688, 1846.52978515625]
[93.34896850585938, -825.7431640625, 1852.0013427734375]
[86.25980377197266, -804.526611328125, 1815.159912109375]
[95.862548828125, -794.2390747070312, 1815.4913330078125]
[87.64317321777344, -789.140380859375, 1857.3653564453125]
[91.4542236328125, -797.8944091796875, 1863.598388671875]
[104.54379272460938, -789.578857421875, 1869.0146484375]
[115.88151550292969, -829.1485595703125, 1898.2479248046875]
[103.7029800415039, -834.1572875976562, 1871.8284912109375]
[104.96851348876953, -844.910888671875, 1853.73095703125]
[109.1707534790039, -859.2194213867188, 1841.9913330078125]
[118.28692626953125, -858.49365234375, 1820.35986328125]
[114.85456085205078, -883.6626586914062, 1783.498291015625]
[118.27680206298828, -898.8919677734375, 1761.9886474609375]
[124.74469757080078, -891.6429443359375, 1735.60693359375]
[127.61233520507812, -898.61083984375, 1710.3543701171875]
[130.85781860351562, -907.3777465820312, 1690.3001708984375]
[136.1248016357422, -890.4327392578125, 1662.0579833984375]
[137.06027221679688, -880.2927856445312, 1649.3779296875]
[134.68621826171875, -873.7119750976562, 1634.1551513671875]
[135.9300079345703, -864.7010498046875, 1637.2320556640625]
[129.16648864746094, -853.0248413085938, 1631.0159912109375]
[125.56243133544922, -834.940185546875, 1617.7340087890625]
[113.03936767578125, -829.96484375, 1608.399169921875]
[104.44292449951172, -827.89697265625, 1597.1998291015625]
[98.45183563232422, -836.6692504882812, 1589.55615234375]
[88.45954132080078, -846.6173706054688, 1591.1146240234375]
[84.5431900024414, -857.9800415039062, 1587.908935546875]
[86.3186264038086, -877.1773681640625, 1586.712158203125]
[80.42377471923828, -885.6880493164062, 1591.3302001953125]
[82.93762969970703, -883.8557739257812, 1600.9134521484375]
[88.929931640625, -871.2348022460938, 1614.6944580078125]
[96.57756805419922, -857.2646484375, 1636.4632568359375]
[98.41059875488281, -835.300048828125, 1656.6260986328125]
[92.8463363647461, -820.8858032226562, 1678.35400390625]
[85.24303436279297, -811.9345092773438, 1693.311279296875]
[71.24981689453125, -805.8541870117188, 1703.533203125]
[57.55908203125, -820.836181640625, 1712.12451171875]
[42.75823211669922, -827.3099975585938, 1703.2110595703125]
[36.947505950927734, -842.5472412109375, 1697.7440185546875]
[29.08076286315918, -858.364013671875, 1693.8602294921875]
[44.943748474121094, -864.67529296875, 1686.23046875]
[10.639204025268555, -878.7557983398438, 1671.1368408203125]
[1.401554822921753, -892.9125366210938, 1663.495361328125]
[-3.714900493621826, -903.8606567382812, 1639.480224609375]
[-23.37303352355957, -905.9382934570312, 1622.577880859375]
[-37.68716049194336, -901.8633422851562, 1613.6746826171875]
[-53.19132614135742, -901.1493530273438, 1601.329345703125]
[-26.97275733947754, -892.4993896484375, 1601.24951171875]
[-51.814273834228516, -870.784423828125, 1582.6285400390625]
[-53.31881332397461, -863.433349609375, 1570.2454833984375]
[-53.16371536254883, -849.151611328125, 1555.543212890625]
[-58.427734375, -835.810791015625, 1543.69287109375]
[-56.154808044433594, -825.326904296875, 1532.7457275390625]
[-70.1312484741211, -813.7293701171875, 1524.39453125]
[-74.3822250366211, -822.3927612304688, 1515.321533203125]
[-81.34407043457031, -836.66259765625, 1509.8104248046875]
[-94.9190673828125, -849.5270385742188, 1499.5966796875]
[-101.2173080444336, -871.6312255859375, 1494.14404296875]
[-111.0938949584961, -888.7904663085938, 1483.1064453125]
[-121.28240203857422, -903.2568359375, 1475.12255859375]
[-118.23140716552734, -884.3717651367188, 1456.13427734375]
[-109.3107681274414, -864.810791015625, 1452.318359375]
[-134.96469116210938, -861.998779296875, 1445.52392578125]
[-140.58372497558594, -851.876953125, 1444.179931640625]
[-140.9902801513672, -850.2742919921875, 1436.658935546875]
[-144.9869842529297, -843.0244750976562, 1425.3951416015625]
[-148.30816650390625, -835.68701171875, 1412.77783203125]
[-153.62161254882812, -830.9911499023438, 1407.579833984375]
[-153.8914794921875, -829.8984375, 1399.69384765625]
[-152.66357421875, -830.0921020507812, 1397.7467041015625]
[-152.86834716796875, -828.1946411132812, 1396.9659423828125]
[-158.13034057617188, -828.9818115234375, 1395.393310546875]
[-156.59307861328125, -827.9700317382812, 1396.9029541015625]
[-154.69964599609375, -833.5122680664062, 1409.03564453125]
[-158.78294372558594, -844.776123046875, 1419.74951171875]
[-157.3143310546875, -858.2081909179688, 1430.6141357421875]
[-161.71261596679688, -870.8738403320312, 1444.2760009765625]
[-174.45957946777344, -875.4047241210938, 1455.84130859375]
[-175.97344970703125, -874.2538452148438, 1467.1456298828125]
[-176.365478515625, -878.789794921875, 1483.5806884765625]
[-171.99180603027344, -887.4330444335938, 1494.740966796875]
[-164.76187133789062, -894.753173828125, 1501.250244140625]
[-152.36000061035156, -897.5249633789062, 1517.0634765625]
[-151.5355987548828, -898.4202880859375, 1529.9569091796875]
[-134.12779235839844, -889.4321899414062, 1533.411376953125]
[-116.42695617675781, -872.3612060546875, 1528.6651611328125]
[-108.94637298583984, -872.3263549804688, 1535.4403076171875]
[-98.97222137451172, -876.9967651367188, 1545.70751953125]
[-91.26416015625, -891.037353515625, 1558.649658203125]
[-87.80390167236328, -903.1895751953125, 1569.8404541015625]
[-79.57122039794922, -915.5428466796875, 1585.6988525390625]
[-73.37773132324219, -930.1692504882812, 1603.3060302734375]
[-62.09023666381836, -935.6443481445312, 1624.09814453125]
[-50.18472671508789, -935.7352294921875, 1639.8447265625]
[-31.88470458984375, -929.0289916992188, 1661.322265625]
[-11.006245613098145, -922.81689453125, 1687.230712890625]
[1.9016116857528687, -916.61669921875, 1712.6839599609375]
[7.717832088470459, -900.7413330078125, 1737.48779296875]
[13.925541877746582, -893.1358032226562, 1762.9051513671875]
[9.390567779541016, -883.58837890625, 1788.6466064453125]
[25.571123123168945, -858.3475341796875, 1804.36767578125]
[32.180816650390625, -856.3411254882812, 1821.8209228515625]
[36.47246170043945, -860.1187744140625, 1835.2181396484375]
[42.089778900146484, -874.1038818359375, 1848.0360107421875]
[69.04851531982422, -900.5390014648438, 1848.7958984375]
[90.16167449951172, -915.7213134765625, 1856.6390380859375]
[102.8747787475586, -943.2116088867188, 1867.9427490234375]
[123.97672271728516, -943.8931274414062, 1875.5076904296875]
[112.683349609375, -949.3942260742188, 1884.49560546875]
[107.5409164428711, -939.9173583984375, 1901.422607421875]
[139.53546142578125, -919.9966430664062, 1911.180908203125]
[130.14064025878906, -913.203125, 1931.1041259765625]
[166.3688201904297, -895.4900512695312, 1932.6185302734375]
[171.5675506591797, -875.2476196289062, 1944.98046875]
[153.5640106201172, -859.7703857421875, 1962.1055908203125]
[160.0885009765625, -867.1365356445312, 1971.2373046875]
[148.81907653808594, -869.2730712890625, 1984.96142578125]
[181.7261962890625, -888.3533325195312, 1991.1728515625]
[176.00387573242188, -905.6844482421875, 1996.857666015625]
[153.78265380859375, -923.23388671875, 2011.8465576171875]
[149.7579803466797, -942.3527221679688, 2019.389404296875]
[135.77743530273438, -972.4505615234375, 2027.9193115234375]
[128.01528930664062, -989.64404296875, 2030.0054931640625]
[136.7285919189453, -1011.693603515625, 2033.63916015625]
[133.62310791015625, -1022.34814453125, 2028.3978271484375]
[127.73054504394531, -1022.3417358398438, 2030.8165283203125]
[123.30255126953125, -1006.8428344726562, 2027.8887939453125]
[114.32740783691406, -976.715087890625, 2019.9119873046875]
[114.18701934814453, -950.6602172851562, 2020.65283203125]
[112.97929382324219, -930.7181396484375, 2012.9451904296875]
[119.10739135742188, -896.5929565429688, 1984.6224365234375]
[118.72222900390625, -872.7210083007812, 1965.4454345703125]
[108.7125473022461, -849.1481323242188, 1943.583740234375]
[104.9813461303711, -818.855224609375, 1928.4857177734375]
[104.12789154052734, -793.416015625, 1911.2275390625]
[108.16961669921875, -761.023193359375, 1900.239501953125]
[117.16265869140625, -721.364990234375, 1884.847412109375]
[82.73424530029297, -687.0776977539062, 1889.568115234375]
[108.16532135009766, -643.3157958984375, 1874.390625]
[107.87578582763672, -599.87060546875, 1859.9815673828125]
[122.68283081054688, -581.1602172851562, 1866.8056640625]
[122.33721923828125, -549.9217529296875, 1862.7401123046875]
[123.09332275390625, -528.1422119140625, 1860.5789794921875]
[119.50325775146484, -513.9539184570312, 1864.2529296875]
[118.1842269897461, -510.3411560058594, 1867.8818359375]
[113.01419067382812, -519.508544921875, 1871.4818115234375]
[114.52144622802734, -529.0746459960938, 1878.374755859375]
[121.1142578125, -547.435302734375, 1875.482177734375]
[111.06873321533203, -565.6567993164062, 1882.6092529296875]
[120.2087173461914, -598.6454467773438, 1881.859619140625]
[130.35667419433594, -629.7027587890625, 1887.443603515625]
[117.42720031738281, -681.6058349609375, 1892.1884765625]
[118.64257049560547, -743.2691040039062, 1902.656005859375]
[135.3759307861328, -793.3485717773438, 1909.5255126953125]
[150.98521423339844, -847.3076782226562, 1913.3658447265625]
[161.17027282714844, -913.1873779296875, 1914.779296875]
[182.6944580078125, -948.8373413085938, 1907.4031982421875]
[175.77377319335938, -999.596923828125, 1901.051513671875]
[180.1770782470703, -1023.554443359375, 1904.7332763671875]
[172.54293823242188, -1030.8350830078125, 1909.2799072265625]
[179.37359619140625, -1031.9283447265625, 1907.3123779296875]
[170.28475952148438, -1033.738037109375, 1913.8096923828125]
[181.6243133544922, -1018.5868530273438, 1914.8177490234375]
[182.04795837402344, -997.3309326171875, 1924.048095703125]
[175.80825805664062, -961.8713989257812, 1920.3505859375]
[167.85333251953125, -937.9857177734375, 1929.3714599609375]
[168.70791625976562, -907.5800170898438, 1932.796630859375]
[169.49862670898438, -889.3689575195312, 1924.01806640625]
[168.88308715820312, -868.8965454101562, 1919.21337890625]
[166.88613891601562, -858.5104370117188, 1913.5789794921875]
[167.41720581054688, -855.9393310546875, 1899.267333984375]
[164.09913635253906, -855.5742797851562, 1883.6654052734375]
[160.0336456298828, -853.772216796875, 1865.5482177734375]
[147.20204162597656, -865.6094970703125, 1838.4984130859375]
[142.30267333984375, -874.3353881835938, 1813.7027587890625]
[133.65472412109375, -881.3314819335938, 1783.4298095703125]
[131.70704650878906, -875.4488525390625, 1757.60009765625]
[126.6711654663086, -873.6800537109375, 1742.4091796875]
[120.85670471191406, -870.8158569335938, 1725.03466796875]
[123.69102478027344, -863.3180541992188, 1702.3455810546875]
[131.26702880859375, -862.9759521484375, 1684.912109375]
[136.87864685058594, -853.1229858398438, 1666.9091796875]
[143.61671447753906, -849.5114135742188, 1648.283935546875]
[137.4716033935547, -848.8634643554688, 1634.4383544921875]
[145.79698181152344, -844.981201171875, 1622.8748779296875]
[136.76287841796875, -847.8365478515625, 1607.994140625]
[126.90226745605469, -853.2443237304688, 1594.8997802734375]
[136.5878448486328, -857.2515258789062, 1592.4329833984375]
[136.41456604003906, -855.967041015625, 1569.0838623046875]
[142.49984741210938, -854.2111206054688, 1539.4346923828125]
[137.23887634277344, -850.3045654296875, 1512.26123046875]
[142.703369140625, -838.9912719726562, 1489.476318359375]
[139.24313354492188, -838.0987548828125, 1459.3538818359375]
[135.02978515625, -845.569091796875, 1444.179443359375]
[141.39971923828125, -837.021484375, 1420.9212646484375]
[148.78675842285156, -824.9147338867188, 1395.5272216796875]
[151.79026794433594, -821.5882568359375, 1370.6212158203125]
[152.27517700195312, -823.38916015625, 1355.5625]
[148.4051971435547, -828.4347534179688, 1338.9688720703125]
[144.77615356445312, -841.5877685546875, 1332.9248046875]
[138.64230346679688, -852.6589965820312, 1328.9110107421875]
[135.57847595214844, -858.819580078125, 1319.8944091796875]
[127.09728240966797, -875.2691650390625, 1316.8226318359375]
[106.34920501708984, -892.7970581054688, 1319.6744384765625]
[107.02540588378906, -907.2899780273438, 1325.6065673828125]
[102.6590576171875, -912.0291748046875, 1337.9625244140625]
[103.75796508789062, -912.4503173828125, 1346.749755859375]
[105.44696807861328, -913.5449829101562, 1351.604248046875]
[109.69147491455078, -911.93603515625, 1349.8780517578125]
[109.07571411132812, -919.4075927734375, 1351.44384765625]
[108.59481048583984, -918.8748779296875, 1351.8668212890625]
[102.47936248779297, -911.0281982421875, 1354.6512451171875]
[110.84770202636719, -893.1035766601562, 1343.531494140625]
[79.5352783203125, -871.0823364257812, 1348.1605224609375]
[64.90111541748047, -867.5535278320312, 1372.8492431640625]
[51.90170669555664, -845.792724609375, 1378.37109375]
[30.871007919311523, -839.0811157226562, 1385.5806884765625]
[13.831006050109863, -834.5502319335938, 1390.86865234375]
[-8.435388565063477, -852.6756591796875, 1401.5101318359375]
[-19.748817443847656, -870.2060546875, 1407.0025634765625]
[-36.33584213256836, -897.986083984375, 1414.6751708984375]
[-45.0982666015625, -905.6221313476562, 1416.9227294921875]
[-73.43328094482422, -918.5925903320312, 1413.7802734375]
[-87.22858428955078, -923.02294921875, 1421.4652099609375]
[-112.71381378173828, -917.7028198242188, 1444.965087890625]
[-119.64999389648438, -898.1991577148438, 1452.904052734375]
[-130.68536376953125, -891.49267578125, 1458.0361328125]
[-151.0057373046875, -869.3065795898438, 1487.4290771484375]
[-154.73898315429688, -870.1183471679688, 1501.31298828125]
[-168.91558837890625, -861.8441772460938, 1535.6846923828125]
[-187.58999633789062, -852.3814697265625, 1537.4940185546875]
[-184.3896484375, -855.1095581054688, 1563.708984375]
[-179.45703125, -847.7001342773438, 1582.3355712890625]
[-165.12716674804688, -855.1380615234375, 1577.901611328125]
[-151.0267791748047, -865.8820190429688, 1584.2235107421875]
[-149.72802734375, -857.8101806640625, 1575.3861083984375]
[-127.55228424072266, -869.1693115234375, 1586.845458984375]
[-105.67667388916016, -875.3247680664062, 1592.010009765625]
[-91.44697570800781, -877.38916015625, 1581.2862548828125]
[-92.47520446777344, -868.816650390625, 1588.1905517578125]
[-75.03530883789062, -869.8859252929688, 1599.138916015625]
[-69.7819595336914, -861.3878784179688, 1619.04150390625]
[-57.64006805419922, -864.1111450195312, 1630.2464599609375]
[-46.365509033203125, -869.5447998046875, 1633.8681640625]
[-27.433544158935547, -873.4334716796875, 1626.2650146484375]
[-14.27737045288086, -877.7062377929688, 1633.9263916015625]
[9.477294921875, -864.160400390625, 1612.2315673828125]
[-0.7441118359565735, -853.470458984375, 1611.997314453125]
[33.21918869018555, -854.76318359375, 1625.5264892578125]
[45.98198699951172, -852.6217651367188, 1631.4366455078125]
[61.87660598754883, -857.4673461914062, 1631.019775390625]
[65.67742156982422, -868.4832153320312, 1628.93994140625]
[70.75675964355469, -887.168212890625, 1626.9486083984375]
[81.09869384765625, -908.5682983398438, 1621.9197998046875]
[87.33229064941406, -926.3153076171875, 1617.257568359375]
[93.07861328125, -937.427490234375, 1617.2265625]
[92.99333190917969, -948.296875, 1626.5550537109375]
[94.02823638916016, -948.2216186523438, 1627.97412109375]
[94.07662963867188, -943.2296142578125, 1629.1072998046875]
[87.41073608398438, -938.9616088867188, 1632.41455078125]
[77.91099548339844, -932.1945190429688, 1640.0506591796875]
[78.38385009765625, -926.472900390625, 1657.6434326171875]
[88.24856567382812, -911.8026123046875, 1680.18701171875]
[91.24930572509766, -892.215576171875, 1695.650390625]
[97.27181243896484, -888.4077758789062, 1731.0556640625]
[96.00537872314453, -879.0016479492188, 1751.6024169921875]
[106.24118041992188, -890.4031372070312, 1770.126708984375]
[111.87714385986328, -900.5874633789062, 1790.7427978515625]
[121.35015106201172, -907.6974487304688, 1798.8331298828125]
[126.52665710449219, -922.5451049804688, 1819.548583984375]
[130.94639587402344, -928.302001953125, 1830.6785888671875]
[133.506591796875, -944.22900390625, 1846.9471435546875]
[132.6747589111328, -946.767822265625, 1851.626708984375]
[142.02117919921875, -946.4523315429688, 1858.626953125]
[147.7490234375, -942.8587646484375, 1864.7095947265625]
[150.46707153320312, -947.455322265625, 1875.3482666015625]
[163.6709747314453, -937.3974609375, 1878.48876953125]
[161.3630828857422, -944.7239379882812, 1895.799072265625]
[162.01275634765625, -943.1199951171875, 1901.9713134765625]
[144.59657287597656, -940.7999267578125, 1922.15966796875]
[155.3798065185547, -935.09765625, 1931.706298828125]
[140.75152587890625, -926.7621459960938, 1943.182373046875]
[141.2994842529297, -920.7164916992188, 1959.0545654296875]
[120.3703842163086, -901.8069458007812, 1966.45458984375]
[108.6240234375, -882.0244140625, 1972.608642578125]
[108.4936752319336, -860.609375, 1976.28759765625]
[105.11640167236328, -851.226318359375, 1972.2132568359375]
[99.69322967529297, -849.666748046875, 1964.7769775390625]
[98.16301727294922, -861.53369140625, 1969.7716064453125]
[95.0750503540039, -869.5993041992188, 1968.3369140625]
[96.11509704589844, -877.7183227539062, 1967.0286865234375]
[96.78060150146484, -889.4087524414062, 1974.881103515625]
[103.07477569580078, -895.1541137695312, 1972.564453125]
[103.07499694824219, -896.4656982421875, 1980.775146484375]
[109.99869537353516, -903.0167236328125, 1993.5377197265625]
[113.9795913696289, -903.4512939453125, 1998.1810302734375]
[121.84160614013672, -903.245849609375, 2011.2998046875]
[132.21435546875, -894.8222045898438, 2024.6224365234375]
[145.04844665527344, -881.4986572265625, 2040.545654296875]
[159.7627716064453, -867.720458984375, 2053.109375]
[174.22422790527344, -851.1347045898438, 2062.84619140625]
[179.58184814453125, -843.7132568359375, 2077.705810546875]
[187.9903564453125, -835.6251831054688, 2082.681396484375]
[197.36598205566406, -836.6165771484375, 2093.494873046875]
[212.278564453125, -838.0517578125, 2091.338134765625]
[225.56004333496094, -847.17724609375, 2089.995849609375]
[231.49610900878906, -858.2318725585938, 2085.509033203125]
[228.1817169189453, -865.5617065429688, 2080.290771484375]
[230.7367706298828, -867.050537109375, 2074.156494140625]
[229.06832885742188, -866.0586547851562, 2066.9326171875]
[224.293212890625, -862.6253662109375, 2056.61328125]
[216.98793029785156, -861.7301025390625, 2047.2962646484375]
[213.21963500976562, -853.3954467773438, 2030.4310302734375]
[211.29225158691406, -841.2553100585938, 2007.200927734375]
[198.7608184814453, -830.8096313476562, 1985.533447265625]
[179.83766174316406, -823.3814086914062, 1964.251708984375]
[166.67498779296875, -811.573974609375, 1935.2117919921875]
[145.7077178955078, -792.2496948242188, 1910.8829345703125]
[131.52052307128906, -774.224365234375, 1887.59765625]
[129.94664001464844, -750.1158447265625, 1865.7911376953125]
[120.63312530517578, -742.198974609375, 1848.914306640625]
[117.08380889892578, -738.4794921875, 1831.8101806640625]
[115.34783172607422, -740.7935791015625, 1817.1104736328125]
[115.04361724853516, -744.3656005859375, 1803.46435546875]
[111.48485565185547, -751.8496704101562, 1792.0655517578125]
[112.74112701416016, -760.3455810546875, 1771.06689453125]
[114.64228057861328, -770.3361206054688, 1758.5194091796875]
[114.76428985595703, -786.8078002929688, 1740.591552734375]
[116.36488342285156, -791.7528686523438, 1727.6971435546875]
[136.41519165039062, -809.7804565429688, 1727.3878173828125]
[129.85423278808594, -811.603759765625, 1713.836181640625]
[113.44758605957031, -809.2264404296875, 1696.8348388671875]
[110.73834228515625, -809.4827880859375, 1681.41650390625]
[104.55728149414062, -804.4970092773438, 1673.441650390625]
[102.71504974365234, -799.12255859375, 1662.05908203125]
[99.11630249023438, -794.6946411132812, 1650.045166015625]
[101.81133270263672, -793.6223754882812, 1647.07421875]
[108.00922393798828, -798.9659423828125, 1643.5491943359375]
[103.76548767089844, -806.4398193359375, 1622.067626953125]
[106.76493835449219, -808.3873291015625, 1612.820556640625]
[106.5335693359375, -816.432373046875, 1600.943115234375]
[0,0,0]
[0,0,0]
[0,0,0]
[0,0,0]
[0,0,0]
[0,0,0]
[0,0,0]
[0,0,0]
[0,0,0]
[0,0,0]
[0,0,0]
[0,0,0]
[0,0,0]
[0,0,0]
[0,0,0]
[0,0,0]
[0,0,0]
[0,0,0]
[0,0,0]
[0,0,0]
[0,0,0]
[0,0,0]
[0,0,0]
[0,0,0]
[0,0,0]
[0,0,0]
[0,0,0]
[0,0,0]
[0,0,0]
[0,0,0]
[0,0,0]
[0,0,0]
[0,0,0]
[0,0,0]
[0,0,0]
[0,0,0]
[0,0,0]
[0,0,0]
[0,0,0]
[0,0,0]
[0,0,0]
[0,0,0]
[0,0,0]
[0,0,0]
[0,0,0]
[0,0,0]
[0,0,0]
[0,0,0]
[0,0,0]
[0,0,0]
[0,0,0]
[0,0,0]
[0,0,0]
[0,0,0]
[0,0,0]
[0,0,0]
[0,0,0]
[0,0,0]
[0,0,0]
[0,0,0]
[0,0,0]
[0,0,0]
[0,0,0]
[0,0,0]
[0,0,0]
[0,0,0]
[0,0,0]
[0,0,0]
[0,0,0]
[0,0,0]
[0,0,0]
[0,0,0]
[0,0,0]
[0,0,0]
[0,0,0]
[0,0,0]
[0,0,0]
[0,0,0]
[0,0,0]
[0,0,0]
[0,0,0]
[0,0,0]
[0,0,0]
[0,0,0]
[0,0,0]
[0,0,0]
[0,0,0]
[0,0,0]
[0,0,0]
[0,0,0]
[0,0,0]
[0,0,0]
[0,0,0]
[0,0,0]
[0,0,0]
[0,0,0]
[0,0,0]
[0,0,0]
[0,0,0]
[0,0,0]
[0,0,0]
[0,0,0]
[0,0,0]
[0,0,0]
[0,0,0]
[0,0,0]
[0,0,0]
[0,0,0]
[0,0,0]
[0,0,0]
[0,0,0]
[0,0,0]
[0,0,0]
[0,0,0]
[0,0,0]
[0,0,0]
[0,0,0]
[0,0,0]
[0,0,0]
[0,0,0]
[0,0,0]
[0,0,0]
[0,0,0]
[0,0,0]
[0,0,0]
[0,0,0]
[0,0,0]
[0,0,0]
[0,0,0]
[0,0,0]
[0,0,0]
[0,0,0]
[0,0,0]
[0,0,0]
[0,0,0]
[0,0,0]
[0,0,0]
[0,0,0]
[0,0,0]
[0,0,0]
[0,0,0]
[0,0,0]
[0,0,0]
[0,0,0]
[0,0,0]
[0,0,0]
[0,0,0]
[0,0,0]
[0,0,0]
[0,0,0]
[0,0,0]
[0,0,0]
[0,0,0]
[0,0,0]
[0,0,0]
[0,0,0]
[0,0,0]
[0,0,0]
[0,0,0]
[0,0,0]
[0,0,0]
[0,0,0]
[0,0,0]
[0,0,0]
[0,0,0]
[0,0,0]
[0,0,0]
[0,0,0]
[0,0,0]
[0,0,0]
[0,0,0]
[0,0,0]
[0,0,0]
[0,0,0]
[0,0,0]
[0,0,0]
[0,0,0]
[0,0,0]
[0,0,0]
[0,0,0]
[0,0,0]
[0,0,0]
[0,0,0]
[0,0,0]
[0,0,0]
[0,0,0]
[0,0,0]
[0,0,0]
[0,0,0]
[0,0,0]
[0,0,0]
[0,0,0]
[0,0,0]
[0,0,0]
[0,0,0]
[0,0,0]
[0,0,0]
[0,0,0]
[0,0,0]
[0,0,0]
[0,0,0]
[0,0,0]
[0,0,0]
[0,0,0]
[0,0,0]
[0,0,0]
[0,0,0]
[0,0,0]
[0,0,0]
[0,0,0]
[0,0,0]
[0,0,0]
[0,0,0]
[0,0,0]
[0,0,0]
[0,0,0]
[0,0,0]
[0,0,0]
[0,0,0]
[0,0,0]
[0,0,0]
[0,0,0]
[0,0,0]
[0,0,0]
[0,0,0]
[0,0,0]
[0,0,0]
[0,0,0]
[0,0,0]
[0,0,0]
[0,0,0]
[0,0,0]
[0,0,0]
[0,0,0]
[0,0,0]
[0,0,0]
[0,0,0]
[0,0,0]
[0,0,0]
[0,0,0]
[0,0,0]
[0,0,0]
[0,0,0]
[0,0,0]
[0,0,0]
[0,0,0]
[0,0,0]
[0,0,0]
[0,0,0]
[0,0,0]
[0,0,0]
[0,0,0]
[0,0,0]
[0,0,0]
[0,0,0]
[0,0,0]
[0,0,0]
[0,0,0]
[0,0,0]
[0,0,0]
[0,0,0]
[0,0,0]
[0,0,0]
[0,0,0]
[0,0,0]
[0,0,0]
[0,0,0]
[0,0,0]
[0,0,0]
[0,0,0]
[0,0,0]
[0,0,0]
[0,0,0]
[0,0,0]
[0,0,0]
[0,0,0]
[0,0,0]
[0,0,0]
[0,0,0]
[0,0,0]
[0,0,0]
[0,0,0]
[0,0,0]
[0,0,0]
[0,0,0]
[0,0,0]
[0,0,0]
[0,0,0]
[0,0,0]
[0,0,0]
[0,0,0]
[0,0,0]
[0,0,0]
[0,0,0]
[0,0,0]
[0,0,0]
[0,0,0]
[0,0,0]
[0,0,0]
[0,0,0]
[0,0,0]
[0,0,0]
[0,0,0]
[0,0,0]
[0,0,0]
[0,0,0]
[0,0,0]
[0,0,0]
[0,0,0]
[0,0,0]
[0,0,0]
[0,0,0]
[0,0,0]
[0,0,0]
[0,0,0]
[0,0,0]
[0,0,0]
[0,0,0]
[0,0,0]
[0,0,0]
[0,0,0]
[0,0,0]
[0,0,0]
[0,0,0]
[0,0,0]
[0,0,0]
[0,0,0]
[0,0,0]
[0,0,0]
[0,0,0]
[0,0,0]
[0,0,0]
[0,0,0]
[0,0,0]
[0,0,0]
[0,0,0]
[0,0,0]
[0,0,0]
[0,0,0]
[0,0,0]
[0,0,0]
[0,0,0]
[0,0,0]
[0,0,0]
[0,0,0]
[0,0,0]
[0,0,0]
[0,0,0]
[0,0,0]
[0,0,0]
[0,0,0]
[0,0,0]
[0,0,0]
[0,0,0]
[0,0,0]
[0,0,0]
[0,0,0]
[0,0,0]
[0,0,0]
[0,0,0]
[0,0,0]
[0,0,0]
[0,0,0]
[0,0,0]
[0,0,0]
[0,0,0]
[0,0,0]
[0,0,0]
[0,0,0]
[0,0,0]
[0,0,0]
[0,0,0]
[0,0,0]
[0,0,0]
[0,0,0]
[0,0,0]
[0,0,0]
[0,0,0]
[0,0,0]
[0,0,0]
[0,0,0]
[0,0,0]
[0,0,0]
[0,0,0]
[0,0,0]
[0,0,0]
[0,0,0]
[0,0,0]
[0,0,0]
[0,0,0]
[0,0,0]
[0,0,0]
[0,0,0]
[0,0,0]
[0,0,0]
[0,0,0]
[0,0,0]
[0,0,0]
[0,0,0]
[0,0,0]
[0,0,0]
[0,0,0]
[0,0,0]
[0,0,0]
[0,0,0]
[0,0,0]
[0,0,0]
[0,0,0]
[0,0,0]
[0,0,0]
[0,0,0]
[0,0,0]
[0,0,0]
[0,0,0]
[0,0,0]
[0,0,0]
[0,0,0]
[0,0,0]
[0,0,0]
[0,0,0]
[0,0,0]
[0,0,0]
[0,0,0]
[0,0,0]
[0,0,0]
[0,0,0]
[0,0,0]
[0,0,0]
[0,0,0]
[0,0,0]
[0,0,0]
[0,0,0]
[0,0,0]
[0,0,0]
[0,0,0]
[0,0,0]
[0,0,0]
[0,0,0]
[0,0,0]
[0,0,0]
[0,0,0]
[0,0,0]
[0,0,0]
[0,0,0]
[0,0,0]
[0,0,0]
[0,0,0]
[0,0,0]
[0,0,0]
[0,0,0]
[0,0,0]
[0,0,0]
