452
30
[39.9323082,1721.83483887,895.87145996]
[43.51662445,1723.48687744,894.62158203]
[42.84989548,1724.45001221,894.69189453]
[44.02959442,1723.47253418,894.54296875]
[53.0566864,1717.43109131,885.56799316]
[53.39972305,1717.58239746,888.14892578]
[53.76681519,1715.59442139,888.84997559]
[55.46531677,1723.7722168,899.53967285]
[60.40530396,1712.98919678,890.40039062]
[58.08917999,1714.82208252,891.87036133]
[63.38459396,1707.16033936,887.65710449]
[68.96642303,1707.68255615,884.9161377]
[70.9045105,1704.33514404,880.08093262]
[73.93508148,1706.64727783,881.39123535]
[81.37651062,1705.85083008,879.58886719]
[81.31529236,1701.82678223,879.61071777]
[81.83602905,1701.43939209,879.80993652]
[84.67737579,1701.16455078,879.60986328]
[85.1228714,1700.1897583,879.70812988]
[84.69496918,1700.28723145,878.05761719]
[84.60894775,1701.2109375,880.4005127]
[85.90607452,1701.54296875,875.04431152]
[87.66286469,1703.15008545,878.18652344]
[90.31491852,1702.59417725,875.22167969]
[90.9006424,1703.49365234,877.7220459]
[94.32567596,1705.25726318,875.609375]
[94.7227478,1702.67169189,877.11535645]
[95.99861908,1709.08172607,873.69335938]
[95.58482361,1710.44665527,874.75292969]
[99.13184357,1711.21246338,873.04040527]
[97.82119751,1713.80487061,874.91516113]
[97.972229,1714.01556396,875.17370605]
[99.18894196,1713.84783936,875.24914551]
[104.40840912,1713.80541992,872.69348145]
[114.33512878,1715.50714111,872.22155762]
[120.05197144,1707.14019775,862.66320801]
[120.75038147,1706.89147949,862.39453125]
[146.29878235,1695.40673828,857.34851074]
[149.21803284,1682.18756104,848.68054199]
[159.64752197,1676.2322998,832.1361084]
[159.59109497,1667.04925537,828.08984375]
[158.65722656,1668.92565918,814.64294434]
[158.65866089,1652.17254639,803.36962891]
[152.80976868,1654.69250488,794.44494629]
[150.5072937,1643.51123047,789.85083008]
[145.93589783,1642.9574585,782.89282227]
[141.36094666,1643.81323242,780.44152832]
[131.80038452,1645.26940918,783.72241211]
[126.19203186,1661.50585938,779.74707031]
[121.27254486,1661.17047119,782.09912109]
[126.27989197,1666.00036621,777.6282959]
[118.30620575,1670.99224854,783.82080078]
[107.93691254,1675.85498047,787.85449219]
[109.65576935,1673.48852539,795.375]
[94.76182556,1667.25817871,791.2409668]
[69.53333282,1677.92987061,797.67785645]
[60.5145874,1681.66595459,797.01672363]
[56.35547638,1693.1036377,792.40002441]
[50.8911972,1699.86376953,787.68640137]
[44.94067001,1699.65930176,786.9354248]
[41.27135086,1711.04833984,789.38269043]
[26.9793644,1721.60858154,783.60351562]
[34.95967865,1693.78497314,788.88891602]
[2.69925237e-01,1.73078564e+03,7.65974854e+02]
[-3.5856967,1720.85601807,763.82946777]
[3.4063189,1710.09344482,758.49829102]
[3.5935781,1704.53088379,767.7331543]
[16.22249603,1698.05236816,766.5769043]
[25.31373024,1708.92211914,760.29931641]
[32.25493622,1711.27990723,758.171875]
[44.62496567,1700.98693848,753.04052734]
[51.16982269,1701.35528564,750.89306641]
[56.55631256,1701.19335938,746.09997559]
[57.9401474,1706.90966797,748.41870117]
[56.05313873,1719.72576904,747.97607422]
[44.32452393,1729.63397217,749.01391602]
[29.31895065,1739.65350342,757.75793457]
[23.59410095,1739.61029053,762.45715332]
[10.00196457,1743.19824219,781.90588379]
[13.36489582,1732.30963135,789.97631836]
[9.04987574e-01,1.72200092e+03,7.99772705e+02]
[-4.12563801,1708.26275635,815.97692871]
[-24.2646122,1687.45043945,864.10803223]
[-7.58879840e-01,1.66821130e+03,8.26176636e+02]
[-3.84105659,1657.42724609,826.28295898]
[-17.85176849,1650.93206787,842.50769043]
[-8.07397938,1630.23181152,838.01086426]
[-25.35795593,1630.80517578,852.10461426]
[-36.20044327,1630.60015869,862.08691406]
[-43.5253334,1625.93804932,853.21179199]
[-47.77372742,1631.98272705,817.4979248]
[-46.43245697,1635.91760254,822.10839844]
[-53.15398026,1643.51495361,794.75378418]
[-56.99946976,1661.38275146,785.34094238]
[-52.02925873,1677.78863525,784.43200684]
[-47.79946136,1688.57476807,796.04309082]
[-45.42997742,1691.64624023,785.74206543]
[-34.95889282,1688.5045166,789.43688965]
[-25.07870483,1677.76574707,802.38061523]
[-30.19195366,1646.88555908,785.8371582]
[-16.71935272,1612.86810303,780.1315918]
[-9.6798687,1619.1394043,792.63977051]
[-4.23540735,1588.51031494,794.78308105]
[5.48602104,1589.34667969,794.65515137]
[13.66739273,1596.40551758,796.28503418]
[38.95039368,1597.18597412,793.32775879]
[40.71174622,1599.3036499,790.44763184]
[65.10585785,1615.24493408,807.44458008]
[63.96296692,1613.70544434,796.13439941]
[98.97023773,1643.29614258,845.98925781]
[91.10125732,1634.72479248,846.52978516]
[93.34896851,1625.74316406,852.00134277]
[86.25980377,1604.52661133,815.15991211]
[95.86254883,1594.23907471,815.49133301]
[87.64317322,1589.14038086,857.36535645]
[91.45422363,1597.89440918,863.59838867]
[104.54379272,1589.57885742,869.01464844]
[115.8815155,1629.14855957,898.2479248]
[103.70298004,1634.1572876,871.82849121]
[104.96851349,1644.91088867,853.73095703]
[109.17075348,1659.21942139,841.99133301]
[118.28692627,1658.49365234,820.35986328]
[114.85456085,1683.66265869,783.49829102]
[118.27680206,1698.89196777,761.98864746]
[124.74469757,1691.64294434,735.60693359]
[127.61233521,1698.61083984,710.35437012]
[130.8578186,1707.37774658,690.3001709]
[136.12480164,1690.43273926,662.0579834]
[137.06027222,1680.29278564,649.37792969]
[134.68621826,1673.7119751,634.15515137]
[135.93000793,1664.7010498,637.23205566]
[129.16648865,1653.02484131,631.01599121]
[125.56243134,1634.94018555,617.73400879]
[113.03936768,1629.96484375,608.39916992]
[104.4429245,1627.89697266,597.1998291]
[98.45183563,1636.66925049,589.55615234]
[88.45954132,1646.61737061,591.11462402]
[84.54319,1657.9800415,587.90893555]
[86.3186264,1677.17736816,586.7121582]
[80.42377472,1685.68804932,591.3302002]
[82.9376297,1683.85577393,600.91345215]
[88.92993164,1671.23480225,614.69445801]
[96.57756805,1657.26464844,636.46325684]
[98.41059875,1635.30004883,656.62609863]
[92.84633636,1620.88580322,678.35400391]
[85.24303436,1611.93450928,693.3112793]
[71.24981689,1605.85418701,703.53320312]
[57.55908203,1620.83618164,712.12451172]
[42.75823212,1627.30999756,703.21105957]
[36.94750595,1642.54724121,697.74401855]
[29.08076286,1658.36401367,693.86022949]
[44.94374847,1664.67529297,686.23046875]
[10.63920403,1678.75579834,671.13684082]
[1.40155482e+00,1.69291254e+03,6.63495361e+02]
[-3.71490049,1703.86065674,639.48022461]
[-23.37303352,1705.93829346,622.57788086]
[-37.68716049,1701.86334229,613.67468262]
[-53.19132614,1701.14935303,601.3293457]
[-26.97275734,1692.49938965,601.24951172]
[-51.81427383,1670.78442383,582.62854004]
[-53.31881332,1663.43334961,570.2454834]
[-53.16371536,1649.15161133,555.54321289]
[-58.42773438,1635.81079102,543.69287109]
[-56.15480804,1625.3269043,532.74572754]
[-70.13124847,1613.72937012,524.39453125]
[-74.38222504,1622.39276123,515.3215332]
[-81.34407043,1636.66259766,509.8104248]
[-94.91906738,1649.52703857,499.59667969]
[-101.21730804,1671.63122559,494.14404297]
[-111.09389496,1688.79046631,483.10644531]
[-121.28240204,1703.25683594,475.12255859]
[-118.23140717,1684.37176514,456.13427734]
[-109.31076813,1664.81079102,452.31835938]
[-134.96469116,1661.9987793,445.52392578]
[-140.58372498,1651.87695312,444.17993164]
[-140.99028015,1650.27429199,436.65893555]
[-144.98698425,1643.0244751,425.3951416]
[-148.3081665,1635.68701172,412.77783203]
[-153.62161255,1630.9911499,407.57983398]
[-153.89147949,1629.8984375,399.69384766]
[-152.66357422,1630.09210205,397.7467041]
[-152.86834717,1628.19464111,396.96594238]
[-158.13034058,1628.98181152,395.39331055]
[-156.59307861,1627.97003174,396.9029541]
[-154.699646,1633.51226807,409.03564453]
[-158.78294373,1644.77612305,419.74951172]
[-157.31433105,1658.20819092,430.61413574]
[-161.71261597,1670.87384033,444.27600098]
[-174.45957947,1675.40472412,455.84130859]
[-175.97344971,1674.25384521,467.14562988]
[-176.36547852,1678.78979492,483.58068848]
[-171.99180603,1687.43304443,494.7409668]
[-164.76187134,1694.75317383,501.25024414]
[-152.36000061,1697.52496338,517.06347656]
[-151.53559875,1698.42028809,529.95690918]
[-134.12779236,1689.43218994,533.41137695]
[-116.42695618,1672.36120605,528.66516113]
[-108.94637299,1672.32635498,535.44030762]
[-98.97222137,1676.99676514,545.70751953]
[-91.26416016,1691.03735352,558.6496582]
[-87.80390167,1703.1895752,569.8404541]
[-79.5712204,1715.54284668,585.69885254]
[-73.37773132,1730.16925049,603.30603027]
[-62.09023666,1735.64434814,624.09814453]
[-50.18472672,1735.73522949,639.84472656]
[-31.88470459,1729.0289917,661.32226562]
[-11.00624561,1722.81689453,687.23071289]
[1.90161169,1716.61669922,712.68395996]
[7.71783209,1700.74133301,737.48779297]
[13.92554188,1693.13580322,762.90515137]
[9.39056778,1683.58837891,788.64660645]
[25.57112312,1658.34753418,804.36767578]
[32.18081665,1656.34112549,821.82092285]
[36.4724617,1660.11877441,835.21813965]
[42.0897789,1674.10388184,848.03601074]
[69.04851532,1700.53900146,848.79589844]
[90.1616745,1715.72131348,856.63903809]
[102.87477875,1743.21160889,867.94274902]
[123.97672272,1743.89312744,875.50769043]
[112.68334961,1749.39422607,884.49560547]
[107.54091644,1739.9173584,901.42260742]
[139.53546143,1719.99664307,911.1809082]
[130.14064026,1713.203125,931.10412598]
[166.36882019,1695.49005127,932.61853027]
[171.56755066,1675.24761963,944.98046875]
[153.56401062,1659.77038574,962.10559082]
[160.08850098,1667.13653564,971.23730469]
[148.81907654,1669.27307129,984.96142578]
[181.72619629,1688.35333252,991.17285156]
[176.00387573,1705.68444824,996.85766602]
[153.78265381,1723.23388672,1011.84655762]
[149.75798035,1742.35272217,1019.3894043]
[135.7774353,1772.45056152,1027.91931152]
[128.01528931,1789.64404297,1030.00549316]
[136.72859192,1811.69360352,1033.63916016]
[133.62310791,1822.34814453,1028.39782715]
[127.73054504,1822.34173584,1030.81652832]
[123.30255127,1806.84283447,1027.88879395]
[114.32740784,1776.71508789,1019.9119873]
[114.18701935,1750.66021729,1020.65283203]
[112.97929382,1730.71813965,1012.94519043]
[119.10739136,1696.59295654,984.62243652]
[118.722229,1672.7210083,965.44543457]
[108.7125473,1649.14813232,943.58374023]
[104.98134613,1618.85522461,928.48571777]
[104.12789154,1593.41601562,911.22753906]
[108.1696167,1561.02319336,900.23950195]
[117.16265869,1521.36499023,884.84741211]
[82.7342453,1487.07769775,889.56811523]
[108.16532135,1443.3157959,874.390625]
[107.87578583,1399.87060547,859.98156738]
[122.68283081,1381.16021729,866.80566406]
[122.33721924,1349.92175293,862.7401123]
[123.09332275,1328.14221191,860.57897949]
[119.50325775,1313.95391846,864.25292969]
[118.18422699,1310.34115601,867.88183594]
[113.01419067,1319.50854492,871.48181152]
[114.52144623,1329.074646,878.37475586]
[121.11425781,1347.43530273,875.48217773]
[111.06873322,1365.65679932,882.60925293]
[120.20871735,1398.64544678,881.85961914]
[130.35667419,1429.70275879,887.44360352]
[117.42720032,1481.60583496,892.18847656]
[118.6425705,1543.269104,902.65600586]
[135.37593079,1593.34857178,909.5255127]
[150.98521423,1647.30767822,913.36584473]
[161.17027283,1713.18737793,914.77929688]
[182.69445801,1748.83734131,907.40319824]
[175.77377319,1799.59692383,901.05151367]
[180.17707825,1823.55444336,904.73327637]
[172.54293823,1830.83508301,909.27990723]
[179.37359619,1831.92834473,907.31237793]
[170.28475952,1833.73803711,913.80969238]
[181.62431335,1818.58685303,914.81774902]
[182.04795837,1797.33093262,924.0480957]
[175.80825806,1761.87139893,920.35058594]
[167.85333252,1737.98571777,929.37145996]
[168.70791626,1707.58001709,932.79663086]
[169.49862671,1689.36895752,924.01806641]
[168.88308716,1668.89654541,919.21337891]
[166.88613892,1658.51043701,913.57897949]
[167.41720581,1655.93933105,899.26733398]
[164.09913635,1655.57427979,883.66540527]
[160.03364563,1653.7722168,865.54821777]
[147.20204163,1665.60949707,838.49841309]
[142.30267334,1674.33538818,813.70275879]
[133.65472412,1681.33148193,783.42980957]
[131.70704651,1675.44885254,757.60009766]
[126.67116547,1673.68005371,742.40917969]
[120.85670471,1670.81585693,725.03466797]
[123.69102478,1663.3180542,702.34558105]
[131.26702881,1662.97595215,684.91210938]
[136.87864685,1653.12298584,666.90917969]
[143.61671448,1649.51141357,648.28393555]
[137.47160339,1648.86346436,634.43835449]
[145.79698181,1644.98120117,622.87487793]
[136.76287842,1647.83654785,607.99414062]
[126.90226746,1653.24432373,594.89978027]
[136.58784485,1657.25152588,592.4329834]
[136.41456604,1655.96704102,569.0838623]
[142.49984741,1654.21112061,539.43469238]
[137.23887634,1650.30456543,512.26123047]
[142.70336914,1638.99127197,489.47631836]
[139.24313354,1638.09875488,459.35388184]
[135.02978516,1645.5690918,444.17944336]
[141.39971924,1637.02148438,420.92126465]
[148.78675842,1624.91473389,395.52722168]
[151.79026794,1621.58825684,370.62121582]
[152.275177,1623.38916016,355.5625]
[148.40519714,1628.43475342,338.96887207]
[144.77615356,1641.58776855,332.92480469]
[138.64230347,1652.65899658,328.91101074]
[135.57847595,1658.81958008,319.89440918]
[127.09728241,1675.26916504,316.82263184]
[106.34920502,1692.79705811,319.67443848]
[107.02540588,1707.28997803,325.60656738]
[102.65905762,1712.0291748,337.96252441]
[103.75796509,1712.45031738,346.74975586]
[105.44696808,1713.54498291,351.60424805]
[109.69147491,1711.93603516,349.87805176]
[109.07571411,1719.40759277,351.44384766]
[108.59481049,1718.87487793,351.86682129]
[102.47936249,1711.02819824,354.65124512]
[110.84770203,1693.10357666,343.53149414]
[79.53527832,1671.08233643,348.16052246]
[64.90111542,1667.55352783,372.84924316]
[51.9017067,1645.79272461,378.37109375]
[30.87100792,1639.08111572,385.58068848]
[13.83100605,1634.55023193,390.86865234]
[-8.43538857,1652.67565918,401.51013184]
[-19.74881744,1670.20605469,407.00256348]
[-36.33584213,1697.98608398,414.6751709]
[-45.0982666,1705.62213135,416.92272949]
[-73.43328094,1718.59259033,413.78027344]
[-87.22858429,1723.02294922,421.46520996]
[-112.71381378,1717.70281982,444.96508789]
[-119.6499939,1698.19915771,452.90405273]
[-130.68536377,1691.49267578,458.03613281]
[-151.0057373,1669.30657959,487.42907715]
[-154.73898315,1670.11834717,501.31298828]
[-168.91558838,1661.84417725,535.68469238]
[-187.58999634,1652.38146973,537.49401855]
[-184.38964844,1655.10955811,563.70898438]
[-179.45703125,1647.70013428,582.33557129]
[-165.12716675,1655.13806152,577.90161133]
[-151.02677917,1665.88201904,584.22351074]
[-149.72802734,1657.81018066,575.3861084]
[-127.55228424,1669.16931152,586.84545898]
[-105.67667389,1675.32476807,592.01000977]
[-91.44697571,1677.38916016,581.28625488]
[-92.47520447,1668.81665039,588.19055176]
[-75.03530884,1669.88592529,599.13891602]
[-69.78195953,1661.38787842,619.04150391]
[-57.64006805,1664.11114502,630.24645996]
[-46.36550903,1669.5447998,633.86816406]
[-27.43354416,1673.43347168,626.26501465]
[-14.27737045,1677.70623779,633.9263916]
[9.47729492,1664.16040039,612.23156738]
[-7.44111836e-01,1.65347046e+03,6.11997314e+02]
[33.21918869,1654.76318359,625.52648926]
[45.981987,1652.62176514,631.43664551]
[61.87660599,1657.46734619,631.01977539]
[65.67742157,1668.48321533,628.93994141]
[70.75675964,1687.16821289,626.9486084]
[81.09869385,1708.56829834,621.9197998]
[87.33229065,1726.31530762,617.25756836]
[93.07861328,1737.42749023,617.2265625]
[92.99333191,1748.296875,626.55505371]
[94.02823639,1748.22161865,627.97412109]
[94.07662964,1743.22961426,629.1072998]
[87.41073608,1738.96160889,632.41455078]
[77.91099548,1732.19451904,640.05065918]
[78.3838501,1726.47290039,657.64343262]
[88.24856567,1711.8026123,680.18701172]
[91.24930573,1692.21557617,695.65039062]
[97.27181244,1688.40777588,731.05566406]
[96.00537872,1679.00164795,751.60241699]
[106.24118042,1690.40313721,770.12670898]
[111.87714386,1700.58746338,790.74279785]
[121.35015106,1707.69744873,798.83312988]
[126.5266571,1722.54510498,819.54858398]
[130.94639587,1728.30200195,830.67858887]
[133.5065918,1744.22900391,846.94714355]
[132.67475891,1746.76782227,851.62670898]
[142.0211792,1746.45233154,858.62695312]
[147.74902344,1742.85876465,864.70959473]
[150.46707153,1747.45532227,875.3482666]
[163.67097473,1737.39746094,878.48876953]
[161.36308289,1744.72393799,895.79907227]
[162.01275635,1743.11999512,901.97131348]
[144.59657288,1740.79992676,922.15966797]
[155.37980652,1735.09765625,931.70629883]
[140.75152588,1726.762146,943.18237305]
[141.29948425,1720.7164917,959.05456543]
[120.37038422,1701.8069458,966.45458984]
[108.62402344,1682.02441406,972.60864258]
[108.49367523,1660.609375,976.28759766]
[105.11640167,1651.22631836,972.21325684]
[99.69322968,1649.66674805,964.77697754]
[98.16301727,1661.53369141,969.77160645]
[95.07505035,1669.5993042,968.33691406]
[96.11509705,1677.71832275,967.02868652]
[96.7806015,1689.40875244,974.88110352]
[103.0747757,1695.15411377,972.56445312]
[103.07499695,1696.46569824,980.77514648]
[109.99869537,1703.01672363,993.53771973]
[113.97959137,1703.45129395,998.18103027]
[121.84160614,1703.24584961,1011.29980469]
[132.21435547,1694.82220459,1024.62243652]
[145.04844666,1681.49865723,1040.5456543]
[159.76277161,1667.72045898,1053.109375]
[174.22422791,1651.13470459,1062.84619141]
[179.58184814,1643.71325684,1077.70581055]
[187.99035645,1635.62518311,1082.68139648]
[197.36598206,1636.61657715,1093.49487305]
[212.27856445,1638.05175781,1091.33813477]
[225.56004333,1647.17724609,1089.99584961]
[231.49610901,1658.23187256,1085.5090332]
[228.18171692,1665.56170654,1080.29077148]
[230.73677063,1667.05053711,1074.15649414]
[229.06832886,1666.05865479,1066.93261719]
[224.29321289,1662.62536621,1056.61328125]
[216.9879303,1661.73010254,1047.29626465]
[213.21963501,1653.39544678,1030.43103027]
[211.29225159,1641.25531006,1007.20092773]
[198.76081848,1630.80963135,985.53344727]
[179.83766174,1623.38140869,964.25170898]
[166.67498779,1611.57397461,935.21179199]
[145.7077179,1592.24969482,910.88293457]
[131.52052307,1574.22436523,887.59765625]
[129.94664001,1550.11584473,865.7911377]
[120.63312531,1542.19897461,848.91430664]
[117.0838089,1538.47949219,831.81018066]
[115.34783173,1540.7935791,817.11047363]
[115.04361725,1544.36560059,803.46435547]
[111.48485565,1551.84967041,792.06555176]
[112.74112701,1560.34558105,771.06689453]
[114.64228058,1570.33612061,758.51940918]
[114.76428986,1586.80780029,740.59155273]
[116.36488342,1591.75286865,727.69714355]
[136.41519165,1609.78045654,727.38781738]
[129.85423279,1611.60375977,713.83618164]
[113.44758606,1609.22644043,696.83483887]
[110.73834229,1609.48278809,681.41650391]
[104.55728149,1604.49700928,673.44165039]
[102.71504974,1599.12255859,662.05908203]
[99.11630249,1594.69464111,650.04516602]
[101.8113327,1593.62237549,647.07421875]
[108.00922394,1598.96594238,643.54919434]
[103.76548767,1606.43981934,622.06762695]
[106.76493835,1608.3873291,612.82055664]
[106.53356934,1616.43237305,600.94311523]
[0,0,0]
[0,0,0]
[0,0,0]
[0,0,0]
[0,0,0]
[0,0,0]
[0,0,0]
[0,0,0]
[0,0,0]
[0,0,0]
[0,0,0]
[0,0,0]
[0,0,0]
[0,0,0]
[0,0,0]
[0,0,0]
[0,0,0]
[0,0,0]
[0,0,0]
[0,0,0]
[0,0,0]
[0,0,0]
[0,0,0]
[0,0,0]
[0,0,0]
[0,0,0]
[0,0,0]
[0,0,0]
[0,0,0]
[0,0,0]
[0,0,0]
[0,0,0]
[0,0,0]
[0,0,0]
[0,0,0]
[0,0,0]
[0,0,0]
[0,0,0]
[0,0,0]
[0,0,0]
[0,0,0]
[0,0,0]
[0,0,0]
[0,0,0]
[0,0,0]
[0,0,0]
[0,0,0]
[0,0,0]
[0,0,0]
[0,0,0]
[0,0,0]
[0,0,0]
[0,0,0]
[0,0,0]
[0,0,0]
[0,0,0]
[0,0,0]
[0,0,0]
[0,0,0]
[0,0,0]
[0,0,0]
[0,0,0]
[0,0,0]
[0,0,0]
[0,0,0]
[0,0,0]
[0,0,0]
[0,0,0]
[0,0,0]
[0,0,0]
[0,0,0]
[0,0,0]
[0,0,0]
[0,0,0]
[0,0,0]
[0,0,0]
[0,0,0]
[0,0,0]
[0,0,0]
[0,0,0]
[0,0,0]
[0,0,0]
[0,0,0]
[0,0,0]
[0,0,0]
[0,0,0]
[0,0,0]
[0,0,0]
[0,0,0]
[0,0,0]
[0,0,0]
[0,0,0]
[0,0,0]
[0,0,0]
[0,0,0]
[0,0,0]
[0,0,0]
[0,0,0]
[0,0,0]
[0,0,0]
[0,0,0]
[0,0,0]
[0,0,0]
[0,0,0]
[0,0,0]
[0,0,0]
[0,0,0]
[0,0,0]
[0,0,0]
[0,0,0]
[0,0,0]
[0,0,0]
[0,0,0]
[0,0,0]
[0,0,0]
[0,0,0]
[0,0,0]
[0,0,0]
[0,0,0]
[0,0,0]
[0,0,0]
[0,0,0]
[0,0,0]
[0,0,0]
[0,0,0]
[0,0,0]
[0,0,0]
[0,0,0]
[0,0,0]
[0,0,0]
[0,0,0]
[0,0,0]
[0,0,0]
[0,0,0]
[0,0,0]
[0,0,0]
[0,0,0]
[0,0,0]
[0,0,0]
[0,0,0]
[0,0,0]
[0,0,0]
[0,0,0]
[0,0,0]
[0,0,0]
[0,0,0]
[0,0,0]
[0,0,0]
[0,0,0]
[0,0,0]
[0,0,0]
[0,0,0]
[0,0,0]
[0,0,0]
[0,0,0]
[0,0,0]
[0,0,0]
[0,0,0]
[0,0,0]
[0,0,0]
[0,0,0]
[0,0,0]
[0,0,0]
[0,0,0]
[0,0,0]
[0,0,0]
[0,0,0]
[0,0,0]
[0,0,0]
[0,0,0]
[0,0,0]
[0,0,0]
[0,0,0]
[0,0,0]
[0,0,0]
[0,0,0]
[0,0,0]
[0,0,0]
[0,0,0]
[0,0,0]
[0,0,0]
[0,0,0]
[0,0,0]
[0,0,0]
[0,0,0]
[0,0,0]
[0,0,0]
[0,0,0]
[0,0,0]
[0,0,0]
[0,0,0]
[0,0,0]
[0,0,0]
[0,0,0]
[0,0,0]
[0,0,0]
[0,0,0]
[0,0,0]
[0,0,0]
[0,0,0]
[0,0,0]
[0,0,0]
[0,0,0]
[0,0,0]
[0,0,0]
[0,0,0]
[0,0,0]
[0,0,0]
[0,0,0]
[0,0,0]
[0,0,0]
[0,0,0]
[0,0,0]
[0,0,0]
[0,0,0]
[0,0,0]
[0,0,0]
[0,0,0]
[0,0,0]
[0,0,0]
[0,0,0]
[0,0,0]
[0,0,0]
[0,0,0]
[0,0,0]
[0,0,0]
[0,0,0]
[0,0,0]
[0,0,0]
[0,0,0]
[0,0,0]
[0,0,0]
[0,0,0]
[0,0,0]
[0,0,0]
[0,0,0]
[0,0,0]
[0,0,0]
[0,0,0]
[0,0,0]
[0,0,0]
[0,0,0]
[0,0,0]
[0,0,0]
[0,0,0]
[0,0,0]
[0,0,0]
[0,0,0]
[0,0,0]
[0,0,0]
[0,0,0]
[0,0,0]
[0,0,0]
[0,0,0]
[0,0,0]
[0,0,0]
[0,0,0]
[0,0,0]
[0,0,0]
[0,0,0]
[0,0,0]
[0,0,0]
[0,0,0]
[0,0,0]
[0,0,0]
[0,0,0]
[0,0,0]
[0,0,0]
[0,0,0]
[0,0,0]
[0,0,0]
[0,0,0]
[0,0,0]
[0,0,0]
[0,0,0]
[0,0,0]
[0,0,0]
[0,0,0]
[0,0,0]
[0,0,0]
[0,0,0]
[0,0,0]
[0,0,0]
[0,0,0]
[0,0,0]
[0,0,0]
[0,0,0]
[0,0,0]
[0,0,0]
[0,0,0]
[0,0,0]
[0,0,0]
[0,0,0]
[0,0,0]
[0,0,0]
[0,0,0]
[0,0,0]
[0,0,0]
[0,0,0]
[0,0,0]
[0,0,0]
[0,0,0]
[0,0,0]
[0,0,0]
[0,0,0]
[0,0,0]
[0,0,0]
[0,0,0]
[0,0,0]
[0,0,0]
[0,0,0]
[0,0,0]
[0,0,0]
[0,0,0]
[0,0,0]
[0,0,0]
[0,0,0]
[0,0,0]
[0,0,0]
[0,0,0]
[0,0,0]
[0,0,0]
[0,0,0]
[0,0,0]
[0,0,0]
[0,0,0]
[0,0,0]
[0,0,0]
[0,0,0]
[0,0,0]
[0,0,0]
[0,0,0]
[0,0,0]
[0,0,0]
[0,0,0]
[0,0,0]
[0,0,0]
[0,0,0]
[0,0,0]
[0,0,0]
[0,0,0]
[0,0,0]
[0,0,0]
[0,0,0]
[0,0,0]
[0,0,0]
[0,0,0]
[0,0,0]
[0,0,0]
[0,0,0]
[0,0,0]
[0,0,0]
[0,0,0]
[0,0,0]
[0,0,0]
[0,0,0]
[0,0,0]
[0,0,0]
[0,0,0]
[0,0,0]
[0,0,0]
[0,0,0]
[0,0,0]
[0,0,0]
[0,0,0]
[0,0,0]
[0,0,0]
[0,0,0]
[0,0,0]
[0,0,0]
[0,0,0]
[0,0,0]
[0,0,0]
[0,0,0]
[0,0,0]
[0,0,0]
[0,0,0]
[0,0,0]
[0,0,0]
[0,0,0]
[0,0,0]
[0,0,0]
[0,0,0]
[0,0,0]
[0,0,0]
[0,0,0]
[0,0,0]
[0,0,0]
[0,0,0]
[0,0,0]
[0,0,0]
[0,0,0]
[0,0,0]
[0,0,0]
[0,0,0]
[0,0,0]
[0,0,0]
[0,0,0]
[0,0,0]
[0,0,0]
[0,0,0]
[0,0,0]
[0,0,0]
[0,0,0]
[0,0,0]
[0,0,0]
[0,0,0]
[0,0,0]
[0,0,0]
[0,0,0]
[0,0,0]
[0,0,0]
[0,0,0]
[0,0,0]
[0,0,0]
[0,0,0]
[0,0,0]
[0,0,0]
[0,0,0]
[0,0,0]
[0,0,0]
[0,0,0]
[0,0,0]
[0,0,0]
[0,0,0]
[0,0,0]
[0,0,0]
[0,0,0]
[0,0,0]
[0,0,0]
[0,0,0]
[0,0,0]
[0,0,0]
[0,0,0]
[0,0,0]
[0,0,0]
[0,0,0]
[0,0,0]
[0,0,0]
[0,0,0]
[0,0,0]
[0,0,0]
[0,0,0]
[0,0,0]
[0,0,0]
[0,0,0]
[0,0,0]
[0,0,0]
[0,0,0]
[0,0,0]
[0,0,0]
[0,0,0]
