452
30
[128.92330932617188, -909.14501953125, 1992.5711669921875]
[135.1826171875, -905.2814331054688, 1988.55712890625]
[136.26321411132812, -905.14404296875, 1986.7039794921875]
[138.5675048828125, -899.4148559570312, 1984.267578125]
[141.98049926757812, -900.4969482421875, 1982.5443115234375]
[140.86509704589844, -899.76708984375, 1986.3021240234375]
[147.7379913330078, -894.2782592773438, 1980.0797119140625]
[149.8341522216797, -911.9642333984375, 1993.290283203125]
[156.25428771972656, -901.6161499023438, 1982.6011962890625]
[158.4887237548828, -900.0302734375, 1978.3590087890625]
[161.8808135986328, -898.1528930664062, 1976.9814453125]
[166.6571502685547, -898.0208129882812, 1975.3521728515625]
[165.5019073486328, -901.0448608398438, 1974.113525390625]
[168.09344482421875, -902.3961791992188, 1975.984375]
[174.2296142578125, -908.8936767578125, 1975.7803955078125]
[175.5793914794922, -905.4133911132812, 1974.5401611328125]
[176.6000213623047, -904.0194091796875, 1974.4376220703125]
[177.2625274658203, -904.3125610351562, 1976.0048828125]
[178.04071044921875, -904.0148315429688, 1975.7425537109375]
[180.32496643066406, -900.5792846679688, 1970.955810546875]
[182.49630737304688, -899.1539916992188, 1970.9278564453125]
[181.8998260498047, -899.6393432617188, 1967.2276611328125]
[183.5995330810547, -899.3668823242188, 1970.1558837890625]
[184.82931518554688, -901.98388671875, 1969.03662109375]
[187.64549255371094, -899.0432739257812, 1969.19580078125]
[190.08499145507812, -899.2330932617188, 1968.0960693359375]
[192.50442504882812, -894.1302490234375, 1966.7427978515625]
[193.8360595703125, -897.2594604492188, 1962.8758544921875]
[195.840576171875, -894.136474609375, 1960.095947265625]
[196.26513671875, -894.8519287109375, 1962.210693359375]
[196.4025115966797, -895.1143188476562, 1962.049560546875]
[196.5898895263672, -895.0960083007812, 1962.2149658203125]
[197.5480499267578, -894.3284301757812, 1962.421875]
[203.86135864257812, -895.501708984375, 1959.27099609375]
[209.4837188720703, -899.1631469726562, 1964.6763916015625]
[215.54598999023438, -888.5469970703125, 1953.2015380859375]
[215.98814392089844, -888.2041625976562, 1953.1802978515625]
[233.27139282226562, -882.5691528320312, 1957.7047119140625]
[237.14369201660156, -860.72802734375, 1945.1964111328125]
[241.82943725585938, -863.9561157226562, 1935.62060546875]
[250.11387634277344, -854.28955078125, 1923.45458984375]
[246.77548217773438, -856.7128295898438, 1913.5872802734375]
[248.26319885253906, -856.5396728515625, 1901.5557861328125]
[240.5242462158203, -858.9474487304688, 1893.701416015625]
[236.1387939453125, -859.1578979492188, 1889.7259521484375]
[228.7236785888672, -858.5293579101562, 1884.7799072265625]
[222.9598846435547, -863.1282958984375, 1883.4222412109375]
[214.17271423339844, -858.2073974609375, 1886.6971435546875]
[204.3502960205078, -860.2130126953125, 1887.5980224609375]
[192.9712371826172, -852.561767578125, 1892.969970703125]
[182.08743286132812, -851.91455078125, 1896.6868896484375]
[168.2834930419922, -849.1293334960938, 1903.9786376953125]
[161.17149353027344, -839.65966796875, 1903.4649658203125]
[147.54693603515625, -834.3148803710938, 1914.85546875]
[134.62579345703125, -837.6674194335938, 1912.2279052734375]
[126.76790618896484, -845.5046997070312, 1911.0272216796875]
[110.46905517578125, -848.7400512695312, 1913.0986328125]
[98.87149810791016, -865.9296875, 1913.6007080078125]
[84.91321563720703, -871.0390014648438, 1910.228759765625]
[68.71226501464844, -886.0929565429688, 1915.41064453125]
[60.577022552490234, -892.4869995117188, 1918.6156005859375]
[49.08122634887695, -907.6782836914062, 1913.7420654296875]
[39.19121551513672, -908.839111328125, 1921.46875]
[43.486351013183594, -906.9286499023438, 1889.7484130859375]
[44.08232879638672, -891.378173828125, 1882.424560546875]
[53.66721725463867, -889.0698852539062, 1877.1412353515625]
[52.21814727783203, -896.0667724609375, 1888.9671630859375]
[82.62355041503906, -874.6558837890625, 1876.72509765625]
[97.3630599975586, -888.768310546875, 1868.832275390625]
[107.39369201660156, -889.4720458984375, 1865.4512939453125]
[120.2864990234375, -883.595458984375, 1861.465576171875]
[128.80551147460938, -884.0386962890625, 1857.3365478515625]
[139.9064483642578, -892.8963623046875, 1850.062744140625]
[147.58633422851562, -897.2852172851562, 1847.5159912109375]
[157.4236297607422, -914.8602294921875, 1836.719970703125]
[155.64788818359375, -933.8750610351562, 1824.4337158203125]
[149.87371826171875, -949.9981079101562, 1817.9754638671875]
[141.10162353515625, -959.0655517578125, 1824.8380126953125]
[128.17335510253906, -972.3360595703125, 1840.251708984375]
[129.94334411621094, -957.6918334960938, 1849.980712890625]
[114.14389038085938, -963.9307861328125, 1858.617431640625]
[111.0070571899414, -952.4419555664062, 1864.3214111328125]
[95.68599700927734, -941.2220458984375, 1848.089111328125]
[113.10502624511719, -921.5070190429688, 1863.9942626953125]
[107.16854095458984, -933.2415771484375, 1852.4805908203125]
[100.03305053710938, -915.1323852539062, 1854.75830078125]
[107.97423553466797, -895.7811889648438, 1856.0572509765625]
[94.17094421386719, -888.111572265625, 1855.81201171875]
[82.40717315673828, -884.7047729492188, 1841.6363525390625]
[72.42964172363281, -884.4781494140625, 1826.5953369140625]
[69.9231948852539, -890.0353393554688, 1825.8934326171875]
[71.4267578125, -897.8964233398438, 1817.144287109375]
[65.41838073730469, -906.1370239257812, 1801.3157958984375]
[59.18855667114258, -928.8056030273438, 1786.1903076171875]
[66.86604309082031, -941.1589965820312, 1774.8431396484375]
[68.67942810058594, -953.27734375, 1767.80126953125]
[69.58318328857422, -958.53173828125, 1760.3316650390625]
[76.96772766113281, -955.2214965820312, 1754.0084228515625]
[77.65531158447266, -941.946533203125, 1745.9600830078125]
[68.03451538085938, -925.1351318359375, 1739.5823974609375]
[69.85770416259766, -901.4276733398438, 1733.1568603515625]
[78.01078796386719, -881.3126220703125, 1715.964111328125]
[68.38671875, -869.2977294921875, 1718.1162109375]
[69.92620086669922, -862.7159423828125, 1704.0125732421875]
[77.35493469238281, -870.1089477539062, 1704.7230224609375]
[93.78911590576172, -882.8818359375, 1706.2637939453125]
[88.74655151367188, -897.809814453125, 1711.6004638671875]
[100.67620849609375, -914.8403930664062, 1721.494140625]
[105.56832122802734, -919.7605590820312, 1721.4178466796875]
[109.88185119628906, -928.089599609375, 1738.53564453125]
[113.36425018310547, -919.7208862304688, 1741.6832275390625]
[124.53317260742188, -900.4091796875, 1744.0631103515625]
[132.9088897705078, -873.9051513671875, 1711.19482421875]
[144.50242614746094, -855.6658325195312, 1709.7548828125]
[145.73956298828125, -872.984375, 1771.4808349609375]
[157.38827514648438, -879.9992065429688, 1780.90478515625]
[164.7508544921875, -881.7262573242188, 1792.3228759765625]
[175.0046844482422, -889.0532836914062, 1794.858642578125]
[186.69515991210938, -897.7190551757812, 1788.697265625]
[198.76344299316406, -902.619384765625, 1778.503173828125]
[208.7698516845703, -907.2893676757812, 1766.581298828125]
[219.28990173339844, -919.6143798828125, 1756.8399658203125]
[236.25592041015625, -926.1909790039062, 1744.596923828125]
[246.38973999023438, -919.0050048828125, 1729.885009765625]
[254.89312744140625, -919.9503784179688, 1724.97900390625]
[260.9563903808594, -912.242919921875, 1715.418212890625]
[264.82269287109375, -910.386962890625, 1701.392822265625]
[267.1669921875, -903.048828125, 1691.704833984375]
[268.2431945800781, -891.66552734375, 1682.2857666015625]
[261.56927490234375, -877.949951171875, 1671.145263671875]
[262.744140625, -853.2569580078125, 1675.1734619140625]
[251.48081970214844, -832.3324584960938, 1671.005126953125]
[242.93983459472656, -813.757080078125, 1673.2923583984375]
[228.57603454589844, -809.1060791015625, 1665.515625]
[218.86184692382812, -808.8771362304688, 1656.7076416015625]
[213.26519775390625, -824.3552856445312, 1651.47607421875]
[206.01589965820312, -833.328125, 1651.525390625]
[203.37962341308594, -849.6166381835938, 1650.671630859375]
[202.8240509033203, -871.6676025390625, 1657.3359375]
[195.2071990966797, -881.835205078125, 1664.308349609375]
[193.7015380859375, -884.072509765625, 1679.3543701171875]
[193.61483764648438, -883.5391845703125, 1699.623291015625]
[189.72366333007812, -872.5440063476562, 1732.745849609375]
[188.44146728515625, -851.7418212890625, 1754.6575927734375]
[176.15521240234375, -826.6392822265625, 1780.78125]
[153.7960205078125, -800.336669921875, 1805.517578125]
[143.52691650390625, -791.0067138671875, 1812.894775390625]
[125.1994400024414, -804.6019897460938, 1825.490234375]
[112.37683868408203, -815.4915771484375, 1815.9654541015625]
[95.98345184326172, -827.6996459960938, 1816.6446533203125]
[83.71002197265625, -839.0650634765625, 1814.7066650390625]
[62.213157653808594, -854.5245361328125, 1818.435302734375]
[65.40055084228516, -834.574951171875, 1783.845947265625]
[51.129249572753906, -865.1229858398438, 1785.033935546875]
[32.1839599609375, -873.6654052734375, 1762.35107421875]
[27.69870948791504, -880.5107421875, 1742.370849609375]
[21.024145126342773, -877.7041625976562, 1731.1162109375]
[13.335033416748047, -884.9805297851562, 1716.47900390625]
[-0.5365498065948486, -887.73486328125, 1731.9818115234375]
[1.6570687294006348, -879.0040283203125, 1705.3857421875]
[-0.8838763236999512, -863.4212646484375, 1692.85498046875]
[-0.8919947147369385, -854.47119140625, 1678.0762939453125]
[-5.96998929977417, -833.1676635742188, 1665.6123046875]
[-14.034099578857422, -815.4132080078125, 1657.231201171875]
[-15.527880668640137, -799.0460815429688, 1642.837646484375]
[-16.536781311035156, -805.4237060546875, 1632.31689453125]
[-24.877592086791992, -816.5674438476562, 1628.310302734375]
[-29.569217681884766, -819.941162109375, 1611.3870849609375]
[-50.7252197265625, -846.6137084960938, 1613.75]
[-54.50086212158203, -857.1950073242188, 1597.5526123046875]
[-64.32945251464844, -843.1340942382812, 1576.14990234375]
[-73.8109359741211, -827.4644165039062, 1563.84033203125]
[-87.80989837646484, -821.34326171875, 1572.571044921875]
[-89.4010238647461, -794.7708129882812, 1544.6396484375]
[-106.66116333007812, -776.61572265625, 1539.37255859375]
[-107.76696014404297, -776.3738403320312, 1533.501708984375]
[-108.83438110351562, -781.5078125, 1531.430908203125]
[-110.82869720458984, -786.9337768554688, 1524.6558837890625]
[-109.88186645507812, -785.4445190429688, 1518.5902099609375]
[-113.83770751953125, -782.529052734375, 1511.167236328125]
[-109.39876556396484, -788.0437622070312, 1510.6629638671875]
[-109.52938842773438, -780.5133056640625, 1507.14990234375]
[-112.86180877685547, -789.2540893554688, 1509.43212890625]
[-114.81993103027344, -780.040771484375, 1507.49072265625]
[-115.97817993164062, -777.439453125, 1516.1368408203125]
[-114.3116226196289, -778.2120971679688, 1516.0655517578125]
[-110.7540283203125, -806.5992431640625, 1538.9622802734375]
[-104.53234100341797, -813.220947265625, 1543.480712890625]
[-103.50604248046875, -809.7705688476562, 1539.185791015625]
[-99.34378051757812, -804.50341796875, 1541.128662109375]
[-93.0435791015625, -801.7777709960938, 1540.566162109375]
[-84.25391387939453, -812.8527221679688, 1552.064697265625]
[-69.46512603759766, -827.7321166992188, 1562.3692626953125]
[-60.1129264831543, -835.379638671875, 1584.896484375]
[-52.916831970214844, -843.8867797851562, 1592.5201416015625]
[-39.19002151489258, -850.6978149414062, 1611.9703369140625]
[-23.04395294189453, -837.2603149414062, 1610.3785400390625]
[-15.868350982666016, -821.92529296875, 1608.1796875]
[-11.84727668762207, -838.0137939453125, 1632.6910400390625]
[0.09407103061676025, -849.6350708007812, 1639.75146484375]
[10.048151016235352, -876.3458862304688, 1651.815673828125]
[17.046607971191406, -888.0040893554688, 1670.23388671875]
[28.02022933959961, -899.7969970703125, 1682.38525390625]
[43.496761322021484, -901.1406860351562, 1697.2025146484375]
[55.25667953491211, -903.4552612304688, 1715.3419189453125]
[64.13473510742188, -905.0550537109375, 1751.01904296875]
[69.90325164794922, -896.8355712890625, 1789.06689453125]
[74.32095336914062, -879.8565673828125, 1817.0135498046875]
[85.02253723144531, -873.3663940429688, 1840.6226806640625]
[87.52289581298828, -861.8138427734375, 1865.9276123046875]
[93.6751480102539, -862.2144165039062, 1886.73046875]
[99.654296875, -840.906005859375, 1909.6099853515625]
[98.90660858154297, -854.0693359375, 1933.91162109375]
[115.55365753173828, -867.3256225585938, 1941.787109375]
[126.81199645996094, -870.8372802734375, 1951.0357666015625]
[135.86509704589844, -906.4764404296875, 1966.2528076171875]
[149.02114868164062, -932.0115966796875, 1978.0472412109375]
[158.93728637695312, -948.082763671875, 1989.8992919921875]
[171.95791625976562, -969.7903442382812, 1999.9051513671875]
[187.20529174804688, -970.2634887695312, 1996.6241455078125]
[198.97071838378906, -952.4916381835938, 2001.0516357421875]
[211.33392333984375, -943.3423461914062, 2024.178955078125]
[224.93356323242188, -905.79248046875, 2024.7945556640625]
[233.18800354003906, -887.0699462890625, 2044.8515625]
[236.46090698242188, -882.203369140625, 2058.32275390625]
[241.67820739746094, -867.97509765625, 2056.788818359375]
[245.11903381347656, -875.93310546875, 2069.170654296875]
[241.440673828125, -876.3125610351562, 2075.693115234375]
[233.02362060546875, -895.0289916992188, 2109.82861328125]
[228.71131896972656, -907.6819458007812, 2115.98779296875]
[226.7194061279297, -924.2621459960938, 2121.328125]
[223.84466552734375, -946.8090209960938, 2128.67724609375]
[218.9854278564453, -984.093505859375, 2132.17431640625]
[208.64010620117188, -1009.2532348632812, 2136.257568359375]
[212.08047485351562, -1031.1678466796875, 2145.8046875]
[207.7404022216797, -1042.5205078125, 2141.510498046875]
[207.05075073242188, -1037.1185302734375, 2142.0380859375]
[206.0426025390625, -1013.4017333984375, 2136.287841796875]
[202.03353881835938, -990.457763671875, 2124.345458984375]
[203.20677185058594, -966.1498413085938, 2122.705322265625]
[194.630615234375, -930.8319091796875, 2121.1787109375]
[188.66143798828125, -894.1624755859375, 2098.12353515625]
[181.10643005371094, -878.42236328125, 2082.5888671875]
[174.8808135986328, -860.6485595703125, 2056.735595703125]
[178.67657470703125, -830.689208984375, 2037.322509765625]
[187.6605987548828, -797.1884155273438, 2012.186767578125]
[189.8798828125, -763.5997314453125, 2000.9893798828125]
[194.74378967285156, -729.3631591796875, 1988.3790283203125]
[185.06594848632812, -692.8234252929688, 1964.3724365234375]
[191.76885986328125, -646.8574829101562, 1966.0950927734375]
[191.55084228515625, -602.4851684570312, 1950.7298583984375]
[194.7170867919922, -559.5414428710938, 1963.6885986328125]
[195.91427612304688, -527.0963134765625, 1957.2603759765625]
[198.767822265625, -504.82421875, 1956.4906005859375]
[197.70333862304688, -491.6175842285156, 1958.2154541015625]
[197.2983856201172, -490.4569396972656, 1961.6651611328125]
[195.9495849609375, -494.80157470703125, 1962.21337890625]
[194.56234741210938, -504.3380126953125, 1971.0535888671875]
[192.40585327148438, -531.9697265625, 1978.91552734375]
[192.27935791015625, -555.702880859375, 1979.8641357421875]
[192.34259033203125, -585.0476684570312, 1986.8955078125]
[199.48025512695312, -614.1453247070312, 1994.416015625]
[199.66441345214844, -668.3070678710938, 1993.541015625]
[210.26333618164062, -737.0892944335938, 1999.9776611328125]
[223.1361083984375, -789.8683471679688, 2011.7125244140625]
[227.5752716064453, -865.0939331054688, 2025.6419677734375]
[239.9097137451172, -926.4627075195312, 2026.55810546875]
[257.30609130859375, -951.0816040039062, 2020.14404296875]
[250.10105895996094, -1022.6131591796875, 2012.9637451171875]
[260.6796875, -1043.808837890625, 2014.0545654296875]
[263.6922302246094, -1065.443359375, 2005.737548828125]
[260.2879638671875, -1072.86083984375, 2010.3079833984375]
[256.5169677734375, -1069.65380859375, 2014.6441650390625]
[255.11575317382812, -1048.0147705078125, 2025.5234375]
[257.34173583984375, -1035.8631591796875, 2029.886474609375]
[257.56951904296875, -965.5445556640625, 2023.801513671875]
[258.250244140625, -923.885498046875, 2022.615478515625]
[260.4302062988281, -893.734130859375, 2023.133544921875]
[262.0758361816406, -877.8676147460938, 2013.9818115234375]
[262.66851806640625, -853.9620971679688, 2006.85400390625]
[265.15692138671875, -832.0327758789062, 1992.5218505859375]
[268.7181396484375, -827.5208740234375, 1975.976318359375]
[264.7926330566406, -826.4589233398438, 1964.083984375]
[256.9166564941406, -830.2188720703125, 1953.583740234375]
[246.86009216308594, -836.7532958984375, 1920.5546875]
[240.9219512939453, -842.1080932617188, 1895.9813232421875]
[230.840087890625, -848.0375366210938, 1868.7991943359375]
[225.1570281982422, -843.9303588867188, 1847.1942138671875]
[213.68357849121094, -846.2090454101562, 1838.46533203125]
[208.05746459960938, -851.4496459960938, 1821.4127197265625]
[204.97731018066406, -844.68017578125, 1801.7908935546875]
[208.8072052001953, -842.4052124023438, 1787.020751953125]
[209.12413024902344, -841.92919921875, 1774.13671875]
[212.51736450195312, -852.4385986328125, 1760.1370849609375]
[211.6983184814453, -857.2848510742188, 1742.9808349609375]
[207.48585510253906, -857.2056884765625, 1738.150146484375]
[202.72422790527344, -853.146728515625, 1721.0634765625]
[202.94461059570312, -850.4644775390625, 1700.739501953125]
[207.02716064453125, -845.97265625, 1703.201416015625]
[208.42633056640625, -853.8676147460938, 1681.5118408203125]
[203.8212432861328, -862.1527099609375, 1657.9508056640625]
[205.4461669921875, -852.6495971679688, 1627.4580078125]
[206.61761474609375, -842.2223510742188, 1606.912353515625]
[208.90406799316406, -834.8432006835938, 1573.67138671875]
[210.2235565185547, -827.3067016601562, 1552.8685302734375]
[210.59124755859375, -804.4552001953125, 1527.7308349609375]
[208.97874450683594, -799.1398315429688, 1508.00830078125]
[213.05667114257812, -812.9119262695312, 1485.76953125]
[215.2114715576172, -812.166259765625, 1469.4832763671875]
[212.84657287597656, -822.5574340820312, 1452.3834228515625]
[215.14837646484375, -828.0349731445312, 1441.926513671875]
[208.58212280273438, -833.7337036132812, 1436.48388671875]
[206.23924255371094, -842.6092529296875, 1427.5303955078125]
[200.66749572753906, -851.18408203125, 1421.72607421875]
[195.465087890625, -870.271728515625, 1414.39013671875]
[194.29983520507812, -880.7593383789062, 1420.6956787109375]
[182.06320190429688, -879.0923461914062, 1436.376220703125]
[181.2601318359375, -869.4421997070312, 1441.4615478515625]
[183.34344482421875, -863.257080078125, 1442.349853515625]
[190.74468994140625, -858.4871215820312, 1435.9530029296875]
[193.0532684326172, -889.4010620117188, 1449.5518798828125]
[192.03988647460938, -886.3944091796875, 1449.850341796875]
[196.15724182128906, -889.4122924804688, 1449.85205078125]
[184.5596466064453, -879.0828857421875, 1452.5562744140625]
[176.0236053466797, -845.2538452148438, 1429.383544921875]
[168.30551147460938, -860.1103515625, 1458.4954833984375]
[156.22776794433594, -849.285888671875, 1461.7867431640625]
[142.1219940185547, -847.96337890625, 1458.7794189453125]
[123.69340515136719, -853.4560546875, 1463.2318115234375]
[107.46116638183594, -878.1264038085938, 1463.1455078125]
[96.7520980834961, -899.426513671875, 1468.784423828125]
[85.01849365234375, -924.2123413085938, 1470.6787109375]
[75.17697143554688, -932.9568481445312, 1472.8270263671875]
[52.45369338989258, -961.0430908203125, 1446.0692138671875]
[34.80794143676758, -974.772705078125, 1451.2132568359375]
[12.819014549255371, -965.2329711914062, 1429.11962890625]
[-7.330767631530762, -970.666748046875, 1433.82080078125]
[-19.683197021484375, -964.1635131835938, 1440.471435546875]
[-47.63522720336914, -933.0573120117188, 1438.3074951171875]
[-52.84425735473633, -922.9854736328125, 1435.7584228515625]
[-95.20226287841797, -908.3773193359375, 1432.5469970703125]
[-119.83319854736328, -894.6458740234375, 1427.5169677734375]
[-152.80841064453125, -878.10107421875, 1435.3477783203125]
[-180.53106689453125, -864.97119140625, 1449.4010009765625]
[-189.08761596679688, -868.3898315429688, 1446.5423583984375]
[-190.80908203125, -874.8609008789062, 1455.350341796875]
[-191.08570861816406, -859.36376953125, 1447.88427734375]
[-192.3516387939453, -864.4202880859375, 1469.66162109375]
[-185.56390380859375, -876.4071655273438, 1483.708740234375]
[-178.44769287109375, -876.0087890625, 1480.2750244140625]
[-183.98329162597656, -874.196533203125, 1492.008544921875]
[-186.44140625, -882.3031616210938, 1532.3408203125]
[-186.63006591796875, -865.9893188476562, 1560.4337158203125]
[-183.09991455078125, -858.0704345703125, 1591.2069091796875]
[-175.59658813476562, -860.9942626953125, 1615.3836669921875]
[-156.3093719482422, -855.7137451171875, 1639.0106201171875]
[-139.88461303710938, -852.8178100585938, 1666.1104736328125]
[-99.95355987548828, -821.8800048828125, 1673.8790283203125]
[-103.35582733154297, -804.4009399414062, 1676.2203369140625]
[-61.897159576416016, -807.2201538085938, 1703.7010498046875]
[-50.308753967285156, -809.8255615234375, 1711.7626953125]
[-28.10080337524414, -823.8082275390625, 1722.8922119140625]
[-17.71453094482422, -837.78955078125, 1727.0369873046875]
[-3.534466028213501, -861.273681640625, 1734.0770263671875]
[15.474252700805664, -885.984130859375, 1734.442138671875]
[40.53855514526367, -902.068115234375, 1738.144287109375]
[51.67435836791992, -909.6882934570312, 1738.936767578125]
[56.543365478515625, -912.6426391601562, 1747.296630859375]
[66.57506561279297, -928.3084106445312, 1755.265380859375]
[78.8983383178711, -927.4536743164062, 1758.8033447265625]
[90.00326538085938, -930.425537109375, 1762.7418212890625]
[104.69422912597656, -921.7487182617188, 1768.810302734375]
[119.21046447753906, -898.4915771484375, 1779.81494140625]
[129.31398010253906, -887.146484375, 1802.9779052734375]
[147.78231811523438, -861.0670776367188, 1809.1650390625]
[156.5019989013672, -868.8046264648438, 1845.8319091796875]
[174.9356689453125, -862.0586547851562, 1853.9183349609375]
[195.2823944091797, -865.4035034179688, 1863.6729736328125]
[206.07127380371094, -882.95556640625, 1882.7073974609375]
[217.1499786376953, -898.2718505859375, 1891.17529296875]
[223.48272705078125, -913.0615234375, 1911.4541015625]
[229.48236083984375, -899.9979248046875, 1912.9715576171875]
[231.67709350585938, -928.7596435546875, 1935.1458740234375]
[235.37432861328125, -913.4232177734375, 1927.2166748046875]
[237.30519104003906, -915.721923828125, 1943.738525390625]
[241.65408325195312, -923.999755859375, 1954.7725830078125]
[241.01177978515625, -925.547607421875, 1967.967529296875]
[255.9100341796875, -903.7821044921875, 1966.134765625]
[251.84881591796875, -911.9010009765625, 1987.36962890625]
[250.45079040527344, -932.338134765625, 2002.62255859375]
[245.67953491210938, -935.9326782226562, 2011.8646240234375]
[246.8974609375, -921.4407958984375, 2030.5411376953125]
[237.0590057373047, -918.8037719726562, 2037.983642578125]
[227.82415771484375, -910.4521484375, 2060.67529296875]
[213.04153442382812, -899.4550170898438, 2062.748779296875]
[200.9744110107422, -874.7002563476562, 2066.2578125]
[198.4978790283203, -866.8799438476562, 2070.6533203125]
[194.6022491455078, -848.4216918945312, 2065.25830078125]
[193.6576690673828, -849.1661987304688, 2053.094482421875]
[195.23635864257812, -857.5474243164062, 2055.031005859375]
[195.71939086914062, -878.1981201171875, 2049.09375]
[197.0621795654297, -881.5460205078125, 2048.52734375]
[198.7384796142578, -890.4583740234375, 2054.78271484375]
[204.6832733154297, -892.1826171875, 2053.130859375]
[211.45932006835938, -891.0542602539062, 2053.274658203125]
[218.4756317138672, -898.7324829101562, 2067.4755859375]
[224.88558959960938, -897.7225952148438, 2068.0791015625]
[233.88739013671875, -898.584716796875, 2078.814453125]
[243.99905395507812, -888.57958984375, 2093.838623046875]
[257.2464904785156, -876.4574584960938, 2108.059814453125]
[270.66082763671875, -861.15185546875, 2120.17138671875]
[280.7968444824219, -847.0069580078125, 2135.993408203125]
[288.8711853027344, -838.9765014648438, 2144.9716796875]
[298.9657897949219, -836.8504028320312, 2147.956298828125]
[306.4219055175781, -840.5741577148438, 2160.235107421875]
[315.0468444824219, -847.0933837890625, 2170.16162109375]
[323.924072265625, -854.53125, 2173.1923828125]
[327.3409423828125, -870.1373901367188, 2172.436767578125]
[330.8905944824219, -879.0272827148438, 2158.450439453125]
[332.515869140625, -882.2156982421875, 2154.873779296875]
[332.10687255859375, -880.6967163085938, 2146.25]
[327.8612976074219, -881.1801147460938, 2134.910888671875]
[320.24969482421875, -869.0670776367188, 2126.131591796875]
[313.04400634765625, -859.7228393554688, 2113.28466796875]
[303.63922119140625, -845.2847900390625, 2097.403564453125]
[290.2241516113281, -834.6616821289062, 2077.19970703125]
[273.9450378417969, -829.9593505859375, 2052.851806640625]
[258.09185791015625, -824.8613891601562, 2026.548583984375]
[240.95767211914062, -805.9735717773438, 1997.6993408203125]
[225.22894287109375, -798.2052001953125, 1973.43408203125]
[212.00181579589844, -787.1790161132812, 1959.2379150390625]
[204.45887756347656, -781.1644287109375, 1940.235595703125]
[197.19676208496094, -779.5111694335938, 1924.5540771484375]
[197.5975341796875, -777.0305786132812, 1909.9254150390625]
[197.69790649414062, -776.5304565429688, 1896.30029296875]
[193.55967712402344, -779.7606811523438, 1887.308349609375]
[188.7971954345703, -789.2676391601562, 1872.202392578125]
[189.8534393310547, -791.4981689453125, 1861.858642578125]
[182.64837646484375, -806.2677612304688, 1849.9150390625]
[180.680908203125, -809.609619140625, 1840.56005859375]
[170.1385040283203, -829.445556640625, 1854.787841796875]
[165.01414489746094, -829.552001953125, 1840.6761474609375]
[158.88230895996094, -825.2609252929688, 1819.7921142578125]
[155.22572326660156, -825.95361328125, 1805.7110595703125]
[147.22384643554688, -816.6580810546875, 1799.0748291015625]
[137.5080108642578, -802.8138427734375, 1789.1473388671875]
[131.05735778808594, -804.6077880859375, 1777.66455078125]
[119.70646667480469, -802.1973266601562, 1775.9288330078125]
[117.4499282836914, -806.5778198242188, 1773.5216064453125]
[115.63920593261719, -804.7049560546875, 1750.7220458984375]
[109.53343200683594, -798.4071655273438, 1740.6341552734375]
[105.8842544555664, -801.3200073242188, 1728.667236328125]
