452
30
[128.92330933, 1709.14501953, 992.57116699]
[135.18261719, 1705.28143311, 988.55712891]
[136.26321411, 1705.14404297, 986.70397949]
[138.56750488, 1699.41485596, 984.26757812]
[141.98049927, 1700.49694824, 982.54431152]
[140.86509705, 1699.76708984, 986.30212402]
[147.73799133, 1694.27825928, 980.07971191]
[149.83415222, 1711.9642334, 993.2902832]
[156.25428772, 1701.6161499, 982.60119629]
[158.48872375, 1700.03027344, 978.35900879]
[161.8808136, 1698.15289307, 976.98144531]
[166.65715027, 1698.02081299, 975.35217285]
[165.50190735, 1701.04486084, 974.11352539]
[168.09344482, 1702.3961792, 975.984375]
[174.22961426, 1708.89367676, 975.78039551]
[175.57939148, 1705.41339111, 974.54016113]
[176.60002136, 1704.01940918, 974.43762207]
[177.26252747, 1704.31256104, 976.00488281]
[178.04071045, 1704.01483154, 975.74255371]
[180.32496643, 1700.57928467, 970.95581055]
[182.49630737, 1699.1539917, 970.92785645]
[181.89982605, 1699.63934326, 967.22766113]
[183.59953308, 1699.36688232, 970.15588379]
[184.82931519, 1701.98388672, 969.03662109]
[187.64549255, 1699.04327393, 969.19580078]
[190.08499146, 1699.23309326, 968.09606934]
[192.50442505, 1694.13024902, 966.74279785]
[193.83605957, 1697.25946045, 962.87585449]
[195.84057617, 1694.13647461, 960.09594727]
[196.26513672, 1694.85192871, 962.21069336]
[196.4025116, 1695.11431885, 962.04956055]
[196.58988953, 1695.0960083, 962.21496582]
[197.54804993, 1694.32843018, 962.421875]
[203.86135864, 1695.50170898, 959.27099609]
[209.48371887, 1699.16314697, 964.6763916]
[215.54598999, 1688.54699707, 953.20153809]
[215.98814392, 1688.2041626, 953.18029785]
[233.27139282, 1682.56915283, 957.70471191]
[237.14369202, 1660.72802734, 945.19641113]
[241.82943726, 1663.95611572, 935.62060547]
[250.11387634, 1654.28955078, 923.45458984]
[246.77548218, 1656.71282959, 913.58728027]
[248.26319885, 1656.53967285, 901.55578613]
[240.52424622, 1658.94744873, 893.70141602]
[236.13879395, 1659.15789795, 889.72595215]
[228.72367859, 1658.52935791, 884.77990723]
[222.95988464, 1663.1282959, 883.42224121]
[214.17271423, 1658.20739746, 886.69714355]
[204.35029602, 1660.2130127, 887.59802246]
[192.97123718, 1652.56176758, 892.9699707]
[182.08743286, 1651.91455078, 896.68688965]
[168.28349304, 1649.1293335, 903.9786377]
[161.17149353, 1639.65966797, 903.46496582]
[147.54693604, 1634.31488037, 914.85546875]
[134.62579346, 1637.66741943, 912.22790527]
[126.76790619, 1645.50469971, 911.02722168]
[110.46905518, 1648.74005127, 913.09863281]
[98.87149811, 1665.9296875, 913.60070801]
[84.91321564, 1671.03900146, 910.22875977]
[68.71226501, 1686.09295654, 915.41064453]
[60.57702255, 1692.48699951, 918.61560059]
[49.08122635, 1707.67828369, 913.74206543]
[39.19121552, 1708.83911133, 921.46875]
[43.48635101, 1706.9286499, 889.74841309]
[44.0823288, 1691.37817383, 882.42456055]
[53.66721725, 1689.06988525, 877.14123535]
[52.21814728, 1696.06677246, 888.96716309]
[82.62355042, 1674.65588379, 876.72509766]
[97.36306, 1688.76831055, 868.83227539]
[107.39369202, 1689.4720459, 865.45129395]
[120.28649902, 1683.59545898, 861.46557617]
[128.80551147, 1684.03869629, 857.33654785]
[139.90644836, 1692.8963623, 850.06274414]
[147.58633423, 1697.28521729, 847.51599121]
[157.42362976, 1714.86022949, 836.7199707]
[155.64788818, 1733.87506104, 824.43371582]
[149.87371826, 1749.99810791, 817.97546387]
[141.10162354, 1759.06555176, 824.8380127]
[128.1733551, 1772.33605957, 840.25170898]
[129.94334412, 1757.6918335, 849.98071289]
[114.14389038, 1763.93078613, 858.61743164]
[111.00705719, 1752.44195557, 864.32141113]
[95.68599701, 1741.2220459, 848.08911133]
[113.10502625, 1721.50701904, 863.9942627]
[107.16854095, 1733.24157715, 852.48059082]
[100.03305054, 1715.13238525, 854.75830078]
[107.97423553, 1695.78118896, 856.05725098]
[94.17094421, 1688.11157227, 855.81201172]
[82.40717316, 1684.70477295, 841.63635254]
[72.42964172, 1684.47814941, 826.59533691]
[69.92319489, 1690.03533936, 825.89343262]
[71.42675781, 1697.89642334, 817.14428711]
[65.41838074, 1706.13702393, 801.3157959]
[59.18855667, 1728.80560303, 786.19030762]
[66.86604309, 1741.15899658, 774.84313965]
[68.6794281, 1753.27734375, 767.80126953]
[69.58318329, 1758.53173828, 760.33166504]
[76.96772766, 1755.22149658, 754.00842285]
[77.65531158, 1741.9465332, 745.96008301]
[68.03451538, 1725.13513184, 739.58239746]
[69.85770416, 1701.42767334, 733.15686035]
[78.01078796, 1681.31262207, 715.96411133]
[68.38671875, 1669.29772949, 718.11621094]
[69.92620087, 1662.71594238, 704.01257324]
[77.35493469, 1670.10894775, 704.72302246]
[93.78911591, 1682.88183594, 706.26379395]
[88.74655151, 1697.80981445, 711.60046387]
[100.6762085, 1714.84039307, 721.49414062]
[105.56832123, 1719.76055908, 721.41784668]
[109.8818512, 1728.08959961, 738.53564453]
[113.36425018, 1719.72088623, 741.68322754]
[124.53317261, 1700.40917969, 744.06311035]
[132.90888977, 1673.90515137, 711.19482422]
[144.50242615, 1655.66583252, 709.75488281]
[145.73956299, 1672.984375, 771.48083496]
[157.38827515, 1679.99920654, 780.90478516]
[164.75085449, 1681.72625732, 792.32287598]
[175.00468445, 1689.05328369, 794.85864258]
[186.69515991, 1697.71905518, 788.69726562]
[198.76344299, 1702.61938477, 778.50317383]
[208.76985168, 1707.28936768, 766.58129883]
[219.28990173, 1719.61437988, 756.83996582]
[236.25592041, 1726.190979, 744.59692383]
[246.38973999, 1719.00500488, 729.88500977]
[254.89312744, 1719.95037842, 724.97900391]
[260.95639038, 1712.24291992, 715.41821289]
[264.82269287, 1710.38696289, 701.39282227]
[267.16699219, 1703.04882812, 691.70483398]
[268.24319458, 1691.66552734, 682.2857666]
[261.5692749, 1677.94995117, 671.14526367]
[262.74414062, 1653.25695801, 675.17346191]
[251.4808197, 1632.3324585, 671.00512695]
[242.93983459, 1613.75708008, 673.2923584]
[228.57603455, 1609.1060791, 665.515625]
[218.86184692, 1608.87713623, 656.7076416]
[213.26519775, 1624.35528564, 651.47607422]
[206.01589966, 1633.328125, 651.52539062]
[203.37962341, 1649.61663818, 650.67163086]
[202.8240509, 1671.66760254, 657.3359375]
[195.2071991, 1681.83520508, 664.30834961]
[193.70153809, 1684.07250977, 679.35437012]
[193.61483765, 1683.53918457, 699.62329102]
[189.72366333, 1672.54400635, 732.74584961]
[188.44146729, 1651.74182129, 754.65759277]
[176.1552124, 1626.63928223, 780.78125]
[153.79602051, 1600.33666992, 805.51757812]
[143.5269165, 1591.00671387, 812.89477539]
[125.19944, 1604.60198975, 825.49023438]
[112.37683868, 1615.49157715, 815.9654541]
[95.98345184, 1627.699646, 816.64465332]
[83.71002197, 1639.06506348, 814.70666504]
[62.21315765, 1654.52453613, 818.43530273]
[65.40055084, 1634.57495117, 783.84594727]
[51.12924957, 1665.12298584, 785.03393555]
[32.18395996, 1673.66540527, 762.35107422]
[27.69870949, 1680.51074219, 742.37084961]
[21.02414513, 1677.7041626, 731.11621094]
[13.33503342, 1684.98052979, 716.47900391]
[-5.36549807e-01, 1.68773486e+03, 7.31981812e+02]
[1.65706873e+00, 1.67900403e+03, 7.05385742e+02]
[-8.83876324e-01, 1.66342126e+03, 6.92854980e+02]
[-8.91994715e-01, 1.65447119e+03, 6.78076294e+02]
[-5.9699893, 1633.16766357, 665.61230469]
[-14.03409958, 1615.41320801, 657.23120117]
[-15.52788067, 1599.04608154, 642.83764648]
[-16.53678131, 1605.42370605, 632.31689453]
[-24.87759209, 1616.56744385, 628.31030273]
[-29.56921768, 1619.94116211, 611.38708496]
[-50.72521973, 1646.6137085, 613.75]
[-54.50086212, 1657.19500732, 597.5526123]
[-64.32945251, 1643.13409424, 576.14990234]
[-73.81093597, 1627.4644165, 563.84033203]
[-87.80989838, 1621.34326172, 572.57104492]
[-89.40102386, 1594.77081299, 544.63964844]
[-106.66116333, 1576.61572266, 539.37255859]
[-107.76696014, 1576.37384033, 533.50170898]
[-108.8343811, 1581.5078125, 531.4309082]
[-110.8286972, 1586.93377686, 524.65588379]
[-109.88186646, 1585.44451904, 518.59020996]
[-113.83770752, 1582.52905273, 511.16723633]
[-109.39876556, 1588.04376221, 510.66296387]
[-109.52938843, 1580.51330566, 507.14990234]
[-112.86180878, 1589.25408936, 509.43212891]
[-114.81993103, 1580.04077148, 507.49072266]
[-115.97817993, 1577.43945312, 516.13684082]
[-114.31162262, 1578.21209717, 516.06555176]
[-110.75402832, 1606.59924316, 538.96228027]
[-104.532341, 1613.22094727, 543.48071289]
[-103.50604248, 1609.77056885, 539.18579102]
[-99.34378052, 1604.50341797, 541.12866211]
[-93.0435791, 1601.777771, 540.56616211]
[-84.25391388, 1612.85272217, 552.06469727]
[-69.46512604, 1627.7321167, 562.3692627]
[-60.11292648, 1635.37963867, 584.89648438]
[-52.91683197, 1643.88677979, 592.5201416]
[-39.19002151, 1650.69781494, 611.97033691]
[-23.04395294, 1637.26031494, 610.37854004]
[-15.86835098, 1621.92529297, 608.1796875]
[-11.84727669, 1638.01379395, 632.69104004]
[9.40710306e-02, 1.64963507e+03, 6.39751465e+02]
[10.04815102, 1676.34588623, 651.81567383]
[17.04660797, 1688.00408936, 670.23388672]
[28.02022934, 1699.79699707, 682.38525391]
[43.49676132, 1701.14068604, 697.20251465]
[55.25667953, 1703.45526123, 715.34191895]
[64.13473511, 1705.05505371, 751.01904297]
[69.90325165, 1696.83557129, 789.06689453]
[74.32095337, 1679.85656738, 817.0135498]
[85.02253723, 1673.36639404, 840.62268066]
[87.52289581, 1661.81384277, 865.9276123]
[93.67514801, 1662.2144165, 886.73046875]
[99.65429688, 1640.90600586, 909.60998535]
[98.90660858, 1654.06933594, 933.91162109]
[115.55365753, 1667.32562256, 941.78710938]
[126.81199646, 1670.83728027, 951.0357666]
[135.86509705, 1706.47644043, 966.25280762]
[149.02114868, 1732.01159668, 978.04724121]
[158.93728638, 1748.08276367, 989.89929199]
[171.95791626, 1769.79034424, 999.90515137]
[187.20529175, 1770.26348877, 996.62414551]
[198.97071838, 1752.49163818, 1001.05163574]
[211.33392334, 1743.34234619, 1024.17895508]
[224.93356323, 1705.79248047, 1024.79455566]
[233.18800354, 1687.06994629, 1044.8515625]
[236.46090698, 1682.20336914, 1058.32275391]
[241.6782074, 1667.97509766, 1056.78881836]
[245.11903381, 1675.93310547, 1069.1706543]
[241.44067383, 1676.31256104, 1075.69311523]
[233.02362061, 1695.0289917, 1109.82861328]
[228.71131897, 1707.6819458, 1115.98779297]
[226.71940613, 1724.262146, 1121.328125]
[223.84466553, 1746.809021, 1128.67724609]
[218.98542786, 1784.09350586, 1132.17431641]
[208.6401062, 1809.25323486, 1136.25756836]
[212.08047485, 1831.16784668, 1145.8046875]
[207.74040222, 1842.52050781, 1141.51049805]
[207.05075073, 1837.11853027, 1142.03808594]
[206.04260254, 1813.4017334, 1136.2878418]
[202.03353882, 1790.45776367, 1124.34545898]
[203.20677185, 1766.14984131, 1122.70532227]
[194.63061523, 1730.83190918, 1121.17871094]
[188.66143799, 1694.16247559, 1098.12353516]
[181.10643005, 1678.42236328, 1082.58886719]
[174.8808136, 1660.64855957, 1056.7355957]
[178.67657471, 1630.68920898, 1037.32250977]
[187.66059875, 1597.18841553, 1012.18676758]
[189.87988281, 1563.59973145, 1000.98937988]
[194.74378967, 1529.36315918, 988.37902832]
[185.06594849, 1492.82342529, 964.37243652]
[191.76885986, 1446.85748291, 966.09509277]
[191.55084229, 1402.48516846, 950.7298584]
[194.71708679, 1359.54144287, 963.68859863]
[195.91427612, 1327.09631348, 957.26037598]
[198.76782227, 1304.82421875, 956.49060059]
[197.70333862, 1291.61758423, 958.2154541]
[197.29838562, 1290.4569397, 961.66516113]
[195.94958496, 1294.80157471, 962.21337891]
[194.56234741, 1304.3380127, 971.05358887]
[192.40585327, 1331.96972656, 978.91552734]
[192.27935791, 1355.70288086, 979.86413574]
[192.34259033, 1385.04766846, 986.89550781]
[199.48025513, 1414.14532471, 994.41601562]
[199.66441345, 1468.30706787, 993.54101562]
[210.26333618, 1537.08929443, 999.97766113]
[223.1361084, 1589.86834717, 1011.71252441]
[227.57527161, 1665.09393311, 1025.64196777]
[239.90971375, 1726.46270752, 1026.55810547]
[257.30609131, 1751.081604, 1020.14404297]
[250.10105896, 1822.61315918, 1012.96374512]
[260.6796875, 1843.80883789, 1014.05456543]
[263.69223022, 1865.44335938, 1005.73754883]
[260.28796387, 1872.86083984, 1010.3079834]
[256.51696777, 1869.65380859, 1014.64416504]
[255.11575317, 1848.01477051, 1025.5234375]
[257.34173584, 1835.86315918, 1029.88647461]
[257.56951904, 1765.54455566, 1023.80151367]
[258.25024414, 1723.88549805, 1022.61547852]
[260.4302063, 1693.73413086, 1023.13354492]
[262.07583618, 1677.86761475, 1013.98181152]
[262.66851807, 1653.96209717, 1006.85400391]
[265.15692139, 1632.03277588, 992.52185059]
[268.71813965, 1627.52087402, 975.97631836]
[264.79263306, 1626.45892334, 964.08398438]
[256.91665649, 1630.21887207, 953.58374023]
[246.86009216, 1636.7532959, 920.5546875]
[240.92195129, 1642.10809326, 895.98132324]
[230.84008789, 1648.03753662, 868.79919434]
[225.1570282, 1643.93035889, 847.19421387]
[213.68357849, 1646.20904541, 838.46533203]
[208.0574646, 1651.449646, 821.41271973]
[204.97731018, 1644.68017578, 801.79089355]
[208.8072052, 1642.4052124, 787.02075195]
[209.12413025, 1641.92919922, 774.13671875]
[212.5173645, 1652.43859863, 760.13708496]
[211.69831848, 1657.28485107, 742.98083496]
[207.4858551, 1657.20568848, 738.15014648]
[202.72422791, 1653.14672852, 721.06347656]
[202.9446106, 1650.46447754, 700.73950195]
[207.02716064, 1645.97265625, 703.20141602]
[208.42633057, 1653.86761475, 681.51184082]
[203.82124329, 1662.15270996, 657.95080566]
[205.44616699, 1652.64959717, 627.45800781]
[206.61761475, 1642.22235107, 606.91235352]
[208.90406799, 1634.84320068, 573.67138672]
[210.22355652, 1627.30670166, 552.86853027]
[210.59124756, 1604.4552002, 527.73083496]
[208.97874451, 1599.13983154, 508.00830078]
[213.05667114, 1612.91192627, 485.76953125]
[215.21147156, 1612.16625977, 469.48327637]
[212.84657288, 1622.55743408, 452.38342285]
[215.14837646, 1628.03497314, 441.92651367]
[208.5821228, 1633.73370361, 436.48388672]
[206.23924255, 1642.60925293, 427.53039551]
[200.66749573, 1651.18408203, 421.72607422]
[195.46508789, 1670.27172852, 414.39013672]
[194.29983521, 1680.75933838, 420.69567871]
[182.0632019, 1679.09234619, 436.3762207]
[181.26013184, 1669.44219971, 441.46154785]
[183.34344482, 1663.25708008, 442.34985352]
[190.74468994, 1658.48712158, 435.95300293]
[193.05326843, 1689.40106201, 449.55187988]
[192.03988647, 1686.39440918, 449.8503418]
[196.15724182, 1689.41229248, 449.85205078]
[184.55964661, 1679.08288574, 452.55627441]
[176.02360535, 1645.25384521, 429.38354492]
[168.30551147, 1660.11035156, 458.4954834]
[156.22776794, 1649.28588867, 461.78674316]
[142.12199402, 1647.96337891, 458.77941895]
[123.69340515, 1653.45605469, 463.23181152]
[107.46116638, 1678.12640381, 463.14550781]
[96.75209808, 1699.42651367, 468.78442383]
[85.01849365, 1724.21234131, 470.67871094]
[75.17697144, 1732.95684814, 472.82702637]
[52.45369339, 1761.04309082, 446.06921387]
[34.80794144, 1774.77270508, 451.21325684]
[12.81901455, 1765.23297119, 429.11962891]
[-7.33076763, 1770.66674805, 433.82080078]
[-19.68319702, 1764.16351318, 440.47143555]
[-47.6352272, 1733.05731201, 438.30749512]
[-52.84425735, 1722.98547363, 435.75842285]
[-95.20226288, 1708.37731934, 432.54699707]
[-119.83319855, 1694.64587402, 427.51696777]
[-152.80841064, 1678.10107422, 435.34777832]
[-180.53106689, 1664.97119141, 449.40100098]
[-189.08761597, 1668.38983154, 446.5423584]
[-190.80908203, 1674.86090088, 455.3503418]
[-191.08570862, 1659.36376953, 447.88427734]
[-192.35163879, 1664.42028809, 469.66162109]
[-185.56390381, 1676.40716553, 483.70874023]
[-178.44769287, 1676.00878906, 480.27502441]
[-183.98329163, 1674.1965332, 492.00854492]
[-186.44140625, 1682.30316162, 532.34082031]
[-186.63006592, 1665.98931885, 560.43371582]
[-183.09991455, 1658.07043457, 591.20690918]
[-175.59658813, 1660.9942627, 615.38366699]
[-156.30937195, 1655.71374512, 639.01062012]
[-139.88461304, 1652.81781006, 666.11047363]
[-99.95355988, 1621.88000488, 673.87902832]
[-103.35582733, 1604.40093994, 676.22033691]
[-61.89715958, 1607.22015381, 703.7010498]
[-50.30875397, 1609.82556152, 711.76269531]
[-28.10080338, 1623.80822754, 722.89221191]
[-17.71453094, 1637.78955078, 727.0369873]
[-3.53446603, 1661.27368164, 734.07702637]
[15.4742527, 1685.98413086, 734.44213867]
[40.53855515, 1702.06811523, 738.14428711]
[51.67435837, 1709.68829346, 738.93676758]
[56.54336548, 1712.64263916, 747.29663086]
[66.57506561, 1728.30841064, 755.26538086]
[78.89833832, 1727.45367432, 758.80334473]
[90.00326538, 1730.42553711, 762.74182129]
[104.69422913, 1721.74871826, 768.81030273]
[119.21046448, 1698.49157715, 779.81494141]
[129.3139801, 1687.14648438, 802.97790527]
[147.78231812, 1661.06707764, 809.16503906]
[156.5019989, 1668.80462646, 845.83190918]
[174.93566895, 1662.05865479, 853.91833496]
[195.28239441, 1665.40350342, 863.67297363]
[206.0712738, 1682.95556641, 882.70739746]
[217.14997864, 1698.27185059, 891.17529297]
[223.48272705, 1713.06152344, 911.45410156]
[229.48236084, 1699.9979248, 912.97155762]
[231.67709351, 1728.75964355, 935.14587402]
[235.37432861, 1713.42321777, 927.2166748]
[237.30519104, 1715.72192383, 943.73852539]
[241.65408325, 1723.99975586, 954.77258301]
[241.01177979, 1725.54760742, 967.9675293]
[255.91003418, 1703.78210449, 966.13476562]
[251.84881592, 1711.90100098, 987.36962891]
[250.45079041, 1732.33813477, 1002.62255859]
[245.67953491, 1735.93267822, 1011.86462402]
[246.89746094, 1721.4407959, 1030.5411377]
[237.05900574, 1718.80377197, 1037.98364258]
[227.82415771, 1710.45214844, 1060.67529297]
[213.04153442, 1699.45501709, 1062.7487793]
[200.97441101, 1674.70025635, 1066.2578125]
[198.49787903, 1666.87994385, 1070.65332031]
[194.60224915, 1648.42169189, 1065.25830078]
[193.65766907, 1649.16619873, 1053.09448242]
[195.23635864, 1657.54742432, 1055.03100586]
[195.71939087, 1678.19812012, 1049.09375]
[197.06217957, 1681.54602051, 1048.52734375]
[198.73847961, 1690.45837402, 1054.78271484]
[204.68327332, 1692.18261719, 1053.13085938]
[211.45932007, 1691.05426025, 1053.2746582]
[218.47563171, 1698.73248291, 1067.47558594]
[224.8855896, 1697.72259521, 1068.07910156]
[233.88739014, 1698.5847168, 1078.81445312]
[243.99905396, 1688.57958984, 1093.83862305]
[257.24649048, 1676.4574585, 1108.05981445]
[270.66082764, 1661.15185547, 1120.17138672]
[280.79684448, 1647.00695801, 1135.9934082]
[288.8711853, 1638.97650146, 1144.97167969]
[298.96578979, 1636.85040283, 1147.95629883]
[306.42190552, 1640.57415771, 1160.23510742]
[315.04684448, 1647.09338379, 1170.16162109]
[323.92407227, 1654.53125, 1173.19238281]
[327.34094238, 1670.13739014, 1172.43676758]
[330.89059448, 1679.02728271, 1158.45043945]
[332.51586914, 1682.21569824, 1154.8737793]
[332.10687256, 1680.69671631, 1146.25]
[327.86129761, 1681.18011475, 1134.91088867]
[320.24969482, 1669.06707764, 1126.1315918]
[313.04400635, 1659.72283936, 1113.28466797]
[303.63922119, 1645.28479004, 1097.40356445]
[290.22415161, 1634.66168213, 1077.19970703]
[273.94503784, 1629.95935059, 1052.85180664]
[258.09185791, 1624.86138916, 1026.54858398]
[240.95767212, 1605.97357178, 997.69934082]
[225.22894287, 1598.2052002, 973.43408203]
[212.0018158, 1587.17901611, 959.23791504]
[204.45887756, 1581.16442871, 940.2355957]
[197.19676208, 1579.51116943, 924.55407715]
[197.59753418, 1577.03057861, 909.92541504]
[197.69790649, 1576.53045654, 896.30029297]
[193.55967712, 1579.76068115, 887.30834961]
[188.79719543, 1589.26763916, 872.20239258]
[189.85343933, 1591.49816895, 861.85864258]
[182.64837646, 1606.26776123, 849.91503906]
[180.6809082, 1609.60961914, 840.56005859]
[170.13850403, 1629.44555664, 854.7878418]
[165.0141449, 1629.55200195, 840.67614746]
[158.88230896, 1625.26092529, 819.79211426]
[155.22572327, 1625.95361328, 805.71105957]
[147.22384644, 1616.65808105, 799.0748291]
[137.50801086, 1602.81384277, 789.14733887]
[131.05735779, 1604.60778809, 777.66455078]
[119.70646667, 1602.19732666, 775.92883301]
[117.44992828, 1606.57781982, 773.52160645]
[115.63920593, 1604.70495605, 750.7220459]
[109.53343201, 1598.40716553, 740.63415527]
[105.88425446, 1601.32000732, 728.66723633]
[0, 0, 0]
[0, 0, 0]
[0, 0, 0]
[0, 0, 0]
[0, 0, 0]
[0, 0, 0]
[0, 0, 0]
[0, 0, 0]
[0, 0, 0]
[0, 0, 0]
[0, 0, 0]
[0, 0, 0]
[0, 0, 0]
[0, 0, 0]
[0, 0, 0]
[0, 0, 0]
[0, 0, 0]
[0, 0, 0]
[0, 0, 0]
[0, 0, 0]
[0, 0, 0]
[0, 0, 0]
[0, 0, 0]
[0, 0, 0]
[0, 0, 0]
[0, 0, 0]
[0, 0, 0]
[0, 0, 0]
[0, 0, 0]
[0, 0, 0]
[0, 0, 0]
[0, 0, 0]
[0, 0, 0]
[0, 0, 0]
[0, 0, 0]
[0, 0, 0]
[0, 0, 0]
[0, 0, 0]
[0, 0, 0]
[0, 0, 0]
[0, 0, 0]
[0, 0, 0]
[0, 0, 0]
[0, 0, 0]
[0, 0, 0]
[0, 0, 0]
[0, 0, 0]
[0, 0, 0]
[0, 0, 0]
[0, 0, 0]
[0, 0, 0]
[0, 0, 0]
[0, 0, 0]
[0, 0, 0]
[0, 0, 0]
[0, 0, 0]
[0, 0, 0]
[0, 0, 0]
[0, 0, 0]
[0, 0, 0]
[0, 0, 0]
[0, 0, 0]
[0, 0, 0]
[0, 0, 0]
[0, 0, 0]
[0, 0, 0]
[0, 0, 0]
[0, 0, 0]
[0, 0, 0]
[0, 0, 0]
[0, 0, 0]
[0, 0, 0]
[0, 0, 0]
[0, 0, 0]
[0, 0, 0]
[0, 0, 0]
[0, 0, 0]
[0, 0, 0]
[0, 0, 0]
[0, 0, 0]
[0, 0, 0]
[0, 0, 0]
[0, 0, 0]
[0, 0, 0]
[0, 0, 0]
[0, 0, 0]
[0, 0, 0]
[0, 0, 0]
[0, 0, 0]
[0, 0, 0]
[0, 0, 0]
[0, 0, 0]
[0, 0, 0]
[0, 0, 0]
[0, 0, 0]
[0, 0, 0]
[0, 0, 0]
[0, 0, 0]
[0, 0, 0]
[0, 0, 0]
[0, 0, 0]
[0, 0, 0]
[0, 0, 0]
[0, 0, 0]
[0, 0, 0]
[0, 0, 0]
[0, 0, 0]
[0, 0, 0]
[0, 0, 0]
[0, 0, 0]
[0, 0, 0]
[0, 0, 0]
[0, 0, 0]
[0, 0, 0]
[0, 0, 0]
[0, 0, 0]
[0, 0, 0]
[0, 0, 0]
[0, 0, 0]
[0, 0, 0]
[0, 0, 0]
[0, 0, 0]
[0, 0, 0]
[0, 0, 0]
[0, 0, 0]
[0, 0, 0]
[0, 0, 0]
[0, 0, 0]
[0, 0, 0]
[0, 0, 0]
[0, 0, 0]
[0, 0, 0]
[0, 0, 0]
[0, 0, 0]
[0, 0, 0]
[0, 0, 0]
[0, 0, 0]
[0, 0, 0]
[0, 0, 0]
[0, 0, 0]
[0, 0, 0]
[0, 0, 0]
[0, 0, 0]
[0, 0, 0]
[0, 0, 0]
[0, 0, 0]
[0, 0, 0]
[0, 0, 0]
[0, 0, 0]
[0, 0, 0]
[0, 0, 0]
[0, 0, 0]
[0, 0, 0]
[0, 0, 0]
[0, 0, 0]
[0, 0, 0]
[0, 0, 0]
[0, 0, 0]
[0, 0, 0]
[0, 0, 0]
[0, 0, 0]
[0, 0, 0]
[0, 0, 0]
[0, 0, 0]
[0, 0, 0]
[0, 0, 0]
[0, 0, 0]
[0, 0, 0]
[0, 0, 0]
[0, 0, 0]
[0, 0, 0]
[0, 0, 0]
[0, 0, 0]
[0, 0, 0]
[0, 0, 0]
[0, 0, 0]
[0, 0, 0]
[0, 0, 0]
[0, 0, 0]
[0, 0, 0]
[0, 0, 0]
[0, 0, 0]
[0, 0, 0]
[0, 0, 0]
[0, 0, 0]
[0, 0, 0]
[0, 0, 0]
[0, 0, 0]
[0, 0, 0]
[0, 0, 0]
[0, 0, 0]
[0, 0, 0]
[0, 0, 0]
[0, 0, 0]
[0, 0, 0]
[0, 0, 0]
[0, 0, 0]
[0, 0, 0]
[0, 0, 0]
[0, 0, 0]
[0, 0, 0]
[0, 0, 0]
[0, 0, 0]
[0, 0, 0]
[0, 0, 0]
[0, 0, 0]
[0, 0, 0]
[0, 0, 0]
[0, 0, 0]
[0, 0, 0]
[0, 0, 0]
[0, 0, 0]
[0, 0, 0]
[0, 0, 0]
[0, 0, 0]
[0, 0, 0]
[0, 0, 0]
[0, 0, 0]
[0, 0, 0]
[0, 0, 0]
[0, 0, 0]
[0, 0, 0]
[0, 0, 0]
[0, 0, 0]
[0, 0, 0]
[0, 0, 0]
[0, 0, 0]
[0, 0, 0]
[0, 0, 0]
[0, 0, 0]
[0, 0, 0]
[0, 0, 0]
[0, 0, 0]
[0, 0, 0]
[0, 0, 0]
[0, 0, 0]
[0, 0, 0]
[0, 0, 0]
[0, 0, 0]
[0, 0, 0]
[0, 0, 0]
[0, 0, 0]
[0, 0, 0]
[0, 0, 0]
[0, 0, 0]
[0, 0, 0]
[0, 0, 0]
[0, 0, 0]
[0, 0, 0]
[0, 0, 0]
[0, 0, 0]
[0, 0, 0]
[0, 0, 0]
[0, 0, 0]
[0, 0, 0]
[0, 0, 0]
[0, 0, 0]
[0, 0, 0]
[0, 0, 0]
[0, 0, 0]
[0, 0, 0]
[0, 0, 0]
[0, 0, 0]
[0, 0, 0]
[0, 0, 0]
[0, 0, 0]
[0, 0, 0]
[0, 0, 0]
[0, 0, 0]
[0, 0, 0]
[0, 0, 0]
[0, 0, 0]
[0, 0, 0]
[0, 0, 0]
[0, 0, 0]
[0, 0, 0]
[0, 0, 0]
[0, 0, 0]
[0, 0, 0]
[0, 0, 0]
[0, 0, 0]
[0, 0, 0]
[0, 0, 0]
[0, 0, 0]
[0, 0, 0]
[0, 0, 0]
[0, 0, 0]
[0, 0, 0]
[0, 0, 0]
[0, 0, 0]
[0, 0, 0]
[0, 0, 0]
[0, 0, 0]
[0, 0, 0]
[0, 0, 0]
[0, 0, 0]
[0, 0, 0]
[0, 0, 0]
[0, 0, 0]
[0, 0, 0]
[0, 0, 0]
[0, 0, 0]
[0, 0, 0]
[0, 0, 0]
[0, 0, 0]
[0, 0, 0]
[0, 0, 0]
[0, 0, 0]
[0, 0, 0]
[0, 0, 0]
[0, 0, 0]
[0, 0, 0]
[0, 0, 0]
[0, 0, 0]
[0, 0, 0]
[0, 0, 0]
[0, 0, 0]
[0, 0, 0]
[0, 0, 0]
[0, 0, 0]
[0, 0, 0]
[0, 0, 0]
[0, 0, 0]
[0, 0, 0]
[0, 0, 0]
[0, 0, 0]
[0, 0, 0]
[0, 0, 0]
[0, 0, 0]
[0, 0, 0]
[0, 0, 0]
[0, 0, 0]
[0, 0, 0]
[0, 0, 0]
[0, 0, 0]
[0, 0, 0]
[0, 0, 0]
[0, 0, 0]
[0, 0, 0]
[0, 0, 0]
[0, 0, 0]
[0, 0, 0]
[0, 0, 0]
[0, 0, 0]
[0, 0, 0]
[0, 0, 0]
[0, 0, 0]
[0, 0, 0]
[0, 0, 0]
[0, 0, 0]
[0, 0, 0]
[0, 0, 0]
[0, 0, 0]
[0, 0, 0]
[0, 0, 0]
[0, 0, 0]
[0, 0, 0]
[0, 0, 0]
[0, 0, 0]
[0, 0, 0]
[0, 0, 0]
[0, 0, 0]
[0, 0, 0]
[0, 0, 0]
[0, 0, 0]
[0, 0, 0]
[0, 0, 0]
[0, 0, 0]
[0, 0, 0]
[0, 0, 0]
[0, 0, 0]
[0, 0, 0]
[0, 0, 0]
[0, 0, 0]
[0, 0, 0]
[0, 0, 0]
[0, 0, 0]
[0, 0, 0]
[0, 0, 0]
[0, 0, 0]
[0, 0, 0]
[0, 0, 0]
[0, 0, 0]
[0, 0, 0]
[0, 0, 0]
[0, 0, 0]
[0, 0, 0]
[0, 0, 0]
[0, 0, 0]
[0, 0, 0]
[0, 0, 0]
[0, 0, 0]
[0, 0, 0]
[0, 0, 0]
[0, 0, 0]
[0, 0, 0]
[0, 0, 0]
[0, 0, 0]
[0, 0, 0]
[0, 0, 0]
[0, 0, 0]
[0, 0, 0]
[0, 0, 0]
[0, 0, 0]
[0, 0, 0]
[0, 0, 0]
[0, 0, 0]
[0, 0, 0]
[0, 0, 0]
[0, 0, 0]
[0, 0, 0]
[0, 0, 0]
[0, 0, 0]
[0, 0, 0]
[0, 0, 0]
[0, 0, 0]
[0, 0, 0]
[0, 0, 0]
[0, 0, 0]
[0, 0, 0]
[0, 0, 0]
[0, 0, 0]
[0, 0, 0]
[0, 0, 0]
[0, 0, 0]
[0, 0, 0]
[0, 0, 0]
[0, 0, 0]
[0, 0, 0]
[0, 0, 0]
[0, 0, 0]
[0, 0, 0]
[0, 0, 0]
[0, 0, 0]
[0, 0, 0]
[0, 0, 0]
[0, 0, 0]
[0, 0, 0]
[0, 0, 0]
[0, 0, 0]
[0, 0, 0]
[0, 0, 0]
[0, 0, 0]
[0, 0, 0]
[0, 0, 0]
[0, 0, 0]
[0, 0, 0]
[0, 0, 0]
[0, 0, 0]
[0, 0, 0]
[0, 0, 0]
[0, 0, 0]
