452
30
[47.90303802, 1327.38989258, 1023.50256348]
[50.32709885, 1326.47424316, 1023.58789062]
[54.63951492, 1325.13977051, 1023.15783691]
[57.77051163, 1323.85626221, 1023.23693848]
[62.61155701, 1320.69830322, 1022.2590332]
[65.15322113, 1320.33892822, 1021.65124512]
[67.25509644, 1320.57495117, 1019.85949707]
[76.78038025, 1326.23913574, 1019.35913086]
[79.28757477, 1325.58782959, 1018.97546387]
[85.24833679, 1324.70507812, 1022.00793457]
[87.63562775, 1323.8861084, 1022.00244141]
[92.33824158, 1323.45935059, 1021.90905762]
[93.70109558, 1323.11566162, 1022.21374512]
[95.14864349, 1323.2432251, 1022.40844727]
[102.05341339, 1323.35601807, 1021.65270996]
[105.08427429, 1324.10559082, 1022.02819824]
[105.62626648, 1324.58953857, 1021.75, ]
[108.00578308, 1322.82080078, 1020.51306152]
[108.85584259, 1322.64556885, 1020.45654297]
[112.45048523, 1321.16192627, 1017.62561035]
[118.48271179, 1320.5723877, 1014.39379883]
[116.52031708, 1321.30407715, 1014.15844727]
[118.0712204, 1320.38989258, 1012.30053711]
[119.66378021, 1320.82800293, 1011.64196777]
[117.34362793, 1320.83239746, 1009.9309082]
[119.25347137, 1320.07348633, 1008.79455566]
[118.74755859, 1318.3526001, 1006.42651367]
[120.97018433, 1317.6262207, 1004.52709961]
[119.40554047, 1315.39202881, 998.6940918]
[118.41278076, 1315.66369629, 1000.52880859]
[118.2101593, 1315.91204834, 999.96508789]
[118.20649719, 1315.92633057, 999.90148926]
[118.26218414, 1315.7300415, 999.76062012]
[117.15385437, 1313.5802002, 994.72167969]
[116.56467438, 1315.13623047, 993.91601562]
[116.54418945, 1310.46670532, 995.92932129]
[116.63168335, 1310.43264771, 995.90429688]
[117.89667511, 1311.59786987, 1002.18603516]
[116.28388977, 1303.30163574, 1006.53674316]
[115.4136734, 1305.7911377, 1013.60437012]
[114.25214386, 1306.92428589, 1011.2097168]
[106.93643951, 1313.85003662, 1010.45605469]
[102.22505188, 1318.36584473, 1005.9309082]
[90.8658371, 1321.58105469, 1002.4609375]
[86.00563812, 1321.78216553, 995.66503906]
[78.00070953, 1319.07275391, 987.76208496]
[70.2308197, 1318.87982178, 981.26513672]
[55.58660507, 1315.81469727, 969.85913086]
[44.6986351, 1315.98590088, 963.4465332]
[36.40893173, 1308.2772522, 953.86706543]
[16.38755989, 1306.18426514, 944.03125]
[10.5284853, 1299.64205933, 937.72607422]
[-1.28445399e+00, 1.28915829e+03, 9.33320923e+02]
[-11.4802494, 1285.24755859, 929.77441406]
[-24.55523109, 1286.4737854, 928.10449219]
[-27.68593216, 1289.86767578, 925.26135254]
[-36.30429077, 1293.52233887, 923.26977539]
[-43.89735794, 1305.14651489, 919.75793457]
[-50.88702774, 1311.2718811, 914.11669922]
[-49.47689819, 1320.27325439, 907.86096191]
[-48.59363174, 1325.30633545, 902.24938965]
[-44.78728867, 1334.04199219, 895.8782959]
[-43.22874832, 1336.85717773, 890.61999512]
[-40.17008209, 1334.40264893, 880.9119873]
[-32.39584732, 1315.98040771, 868.72143555]
[-20.27848434, 1313.37939453, 862.59448242]
[-8.95847702, 1311.31378174, 858.78857422]
[-2.98484236e-01, 1.31050513e+03, 8.58223877e+02]
[28.00279808, 1310.77713013, 848.29321289]
[31.87885475, 1312.9598999, 847.9309082]
[62.86096573, 1301.23727417, 837.16589355]
[69.31071472, 1296.58947754, 836.4473877]
[76.19810486, 1301.98382568, 838.18664551]
[80.47158051, 1305.25338745, 838.17126465]
[95.69712067, 1316.61682129, 832.90771484]
[99.62996674, 1329.98034668, 829.09924316]
[103.32222748, 1339.39208984, 827.39831543]
[112.24235535, 1346.71923828, 824.72143555]
[120.60189819, 1353.60772705, 821.30834961]
[120.72895813, 1341.67950439, 816.10266113]
[120.79316711, 1346.01019287, 823.23571777]
[123.8001709, 1340.32470703, 832.07409668]
[121.48925781, 1331.81634521, 840.58569336]
[124.71451569, 1320.44586182, 822.64367676]
[138.29576111, 1325.8190918, 853.06811523]
[136.72660828, 1307.05407715, 856.56738281]
[142.25198364, 1293.42028809, 881.74279785]
[149.34558105, 1284.57778931, 886.58435059]
[149.34698486, 1282.02301025, 877.40734863]
[154.56425476, 1286.87356567, 869.41687012]
[146.3341217, 1285.8866272, 851.44763184]
[141.68733215, 1297.65820312, 846.80749512]
[139.5513916, 1303.3447876, 840.53259277]
[141.20787048, 1321.92926025, 818.87158203]
[141.03025818, 1338.93432617, 810.81408691]
[135.11360168, 1352.84088135, 801.77270508]
[130.57414246, 1355.78424072, 788.00317383]
[131.71502686, 1352.85919189, 775.9855957]
[138.3651886, 1343.93023682, 766.72229004]
[134.88516235, 1324.99267578, 755.29772949]
[145.70129395, 1299.9861145, 719.73498535]
[150.60305786, 1282.57727051, 715.61621094]
[151.11264038, 1267.67074585, 698.0213623]
[154.59040833, 1270.94033813, 697.52185059]
[159.07421875, 1279.66940308, 695.78295898]
[163.52708435, 1288.77935791, 687.35131836]
[165.13034058, 1305.0201416, 686.93884277]
[170.66426086, 1315.52331543, 691.74060059]
[177.37219238, 1321.37982178, 701.94799805]
[187.56451416, 1324.65942383, 714.24328613]
[193.51689148, 1319.58752441, 723.41186523]
[206.78016663, 1301.38891602, 728.91015625]
[219.38380432, 1281.85943604, 724.16015625]
[222.59147644, 1265.14160156, 721.96191406]
[224.68270874, 1274.50085449, 722.1973877]
[227.18214417, 1276.67892456, 720.62365723]
[234.42521667, 1280.48364258, 718.54638672]
[253.57978821, 1291.70932007, 723.98498535]
[257.25686646, 1299.74377441, 730.36218262]
[258.57202148, 1302.3727417, 726.64135742]
[256.66830444, 1310.74261475, 727.77124023]
[256.88687134, 1316.20782471, 728.21191406]
[253.97994995, 1323.02264404, 745.40380859]
[252.5506897, 1320.63006592, 755.85974121]
[250.98231506, 1320.66534424, 760.12194824]
[247.22366333, 1322.85400391, 763.77636719]
[222.63690186, 1325.94067383, 783.05639648]
[216.85983276, 1321.65612793, 788.98010254]
[212.89466858, 1310.23764038, 789.11523438]
[195.74975586, 1297.91156006, 765.81835938]
[182.26499939, 1282.08145142, 766.79748535]
[183.15068054, 1267.09829712, 760.96594238]
[164.33766174, 1255.21948242, 771.89575195]
[153.81568909, 1246.56277466, 765.45471191]
[139.68772888, 1250.80441284, 760.10681152]
[128.26463318, 1263.93035889, 765.36181641]
[114.99798584, 1277.77481079, 773.53308105]
[102.85536194, 1295.33456421, 777.79931641]
[94.59817505, 1310.99819946, 777.15087891]
[77.80363464, 1325.91088867, 779.20141602]
[67.98838806, 1332.04718018, 789.19116211]
[56.12688828, 1332.51568604, 793.18725586]
[43.26799393, 1326.99151611, 798.89648438]
[26.51791954, 1312.25579834, 809.61499023]
[10.87429714, 1293.50088501, 817.75854492]
[-13.40757847, 1266.07183838, 821.32275391]
[-29.96963501, 1257.74041748, 821.18530273]
[-41.18703461, 1257.78421021, 818.41320801]
[-47.90993118, 1265.23001099, 816.93908691]
[-53.69517899, 1271.79608154, 811.5847168]
[-58.87137604, 1281.0574646, 809.08569336]
[-66.6840744, 1290.15814209, 799.62902832]
[-72.05577087, 1295.35238647, 789.0300293]
[-76.85105133, 1305.14035034, 782.88745117]
[-85.81565857, 1308.88616943, 770.88171387]
[-89.7947464, 1313.96728516, 764.7947998]
[-94.52377319, 1315.88165283, 752.09790039]
[-101.1873703, 1320.5737915, 743.18579102]
[-102.507164, 1320.01312256, 730.29882812]
[-106.94631195, 1312.8739624, 717.37036133]
[-117.78141022, 1302.09487915, 707.68713379]
[-119.64808655, 1290.69451904, 699.22937012]
[-120.28946686, 1271.29626465, 689.03601074]
[-126.32604218, 1253.01760864, 672.81652832]
[-131.44958496, 1238.22183228, 653.3215332]
[-136.60702515, 1243.04241943, 636.80322266]
[-135.71405029, 1254.24765015, 618.01269531]
[-144.07507324, 1269.44345093, 596.1418457]
[-153.3427887, 1273.45623779, 572.25646973]
[-158.70207214, 1284.32247925, 550.39294434]
[-164.31468201, 1286.75689697, 528.84020996]
[-171.52478027, 1281.62768555, 508.52392578]
[-172.98329163, 1275.95761108, 493.44873047]
[-181.13928223, 1252.7989502, 476.66210938]
[-189.90426636, 1235.84866333, 461.66149902]
[-191.44683838, 1235.65042114, 456.41711426]
[-200.43804932, 1242.94790649, 458.96826172]
[-206.23049927, 1242.7749939, 460.6529541]
[-208.40122986, 1242.25927734, 463.05212402]
[-214.58004761, 1243.94046021, 455.26538086]
[-214.32670593, 1242.54098511, 456.33178711]
[-210.70587158, 1240.11437988, 440.43237305]
[-214.97314453, 1245.77758789, 444.38171387]
[-208.53146362, 1244.48696899, 437.40490723]
[-205.14056396, 1243.40115356, 440.19519043]
[-199.7297821, 1245.05792236, 443.7902832]
[-198.71492004, 1256.50997925, 466.38525391]
[-189.87683105, 1262.840271, 468.92443848]
[-172.08198547, 1260.33572388, 474.79992676]
[-160.70097351, 1254.63812256, 475.24853516]
[-157.36257935, 1248.22991943, 481.10400391]
[-149.01766968, 1253.0319519, 495.3092041]
[-135.55607605, 1270.16549683, 514.97827148]
[-131.53285217, 1270.63208008, 534.26647949]
[-110.84654236, 1273.06124878, 563.18505859]
[-104.73368073, 1272.71429443, 592.67492676]
[-88.99784851, 1262.29928589, 617.90209961]
[-82.86786652, 1261.97509766, 642.4140625]
[-76.34924316, 1270.06768799, 665.42089844]
[-66.65045166, 1282.54763794, 684.78649902]
[-59.98056412, 1298.03128052, 703.4720459]
[-56.7571907, 1308.25299072, 720.53100586]
[-51.83935928, 1317.04351807, 739.37194824]
[-45.26527786, 1318.58447266, 754.84411621]
[-39.63898087, 1321.58868408, 776.04516602]
[-29.49298477, 1320.82666016, 792.98352051]
[-27.57570267, 1316.43377686, 808.83935547]
[-18.6631813, 1306.75332642, 833.95068359]
[-6.38559866, 1305.21774292, 864.91088867]
[-6.03186905e-01, 1.29535239e+03, 8.97444092e+02]
[8.67048168, 1291.39407349, 931.16223145]
[15.92271805, 1275.7288208, 963.43566895]
[22.46260071, 1271.81561279, 989.66748047]
[35.84559631, 1288.51602173, 1003.43566895]
[43.26481247, 1299.83660889, 1015.0847168]
[49.89236069, 1322.57110596, 1025.43041992]
[62.5366478, 1344.453125, 1025.70300293]
[74.24671173, 1362.20629883, 1023.46179199]
[83.69685364, 1378.51629639, 1026.95874023]
[90.80688477, 1381.68139648, 1034.63598633]
[104.18975067, 1372.17474365, 1039.74145508]
[115.11877441, 1362.05841064, 1047.71801758]
[123.64593506, 1333.57305908, 1056.38867188]
[129.78494263, 1314.19506836, 1068.35766602]
[143.27946472, 1306.78778076, 1083.72119141]
[149.7723999, 1306.43026733, 1098.58984375]
[151.70330811, 1309.34439087, 1109.20800781]
[156.39492798, 1309.95825195, 1111.1472168]
[163.58036804, 1321.36468506, 1118.84741211]
[163.91134644, 1329.85522461, 1119.41088867]
[164.16674805, 1353.80725098, 1118.77929688]
[161.56222534, 1379.13299561, 1119.43530273]
[151.98040771, 1413.57196045, 1123.6940918]
[148.47451782, 1440.26519775, 1124.06323242]
[141.44865417, 1453.86462402, 1121.61132812]
[134.87384033, 1457.35943604, 1123.54370117]
[134.32040405, 1448.17376709, 1124.84228516]
[129.8341217, 1426.61096191, 1123.4296875]
[118.63311005, 1406.00201416, 1121.27734375]
[127.73655701, 1382.50323486, 1123.06835938]
[123.29061127, 1338.3215332, 1123.296875]
[120.15748596, 1312.43395996, 1125.15942383]
[121.28556824, 1298.08572388, 1130.7043457]
[118.4070282, 1283.44381714, 1133.30615234]
[120.11665344, 1259.9130249, 1131.48339844]
[121.96012115, 1238.91906738, 1128.53564453]
[118.92700195, 1213.15270996, 1130.515625]
[122.69672394, 1182.13101196, 1128.58154297]
[118.47973633, 1161.29653931, 1121.58984375]
[117.24414825, 1119.72372437, 1123.72094727]
[123.36589813, 1083.46832275, 1121.09790039]
[129.39993286, 1046.84559631, 1116.6796875]
[134.84088135, 1023.42381287, 1118.76538086]
[127.65673065, 990.34106445, 1115.9543457]
[121.19528198, 976.13375854, 1120.05957031]
[123.84449768, 970.98197937, 1121.96118164]
[123.69657898, 973.45513916, 1125.05761719]
[123.35636902, 979.07952881, 1123.19238281]
[124.44212341, 996.62594604, 1123.68286133]
[125.37546539, 1015.9312439, 1123.89355469]
[124.55641174, 1039.52716064, 1126.94311523]
[121.37512207, 1067.48077393, 1125.41943359]
[122.4982605, 1111.55682373, 1129.69433594]
[124.77000427, 1162.35458374, 1119.24438477]
[139.64979553, 1219.47195435, 1110.72363281]
[142.52249146, 1284.77627563, 1101.56005859]
[146.27023315, 1339.72473145, 1090.22753906]
[146.13310242, 1387.18652344, 1076.83227539]
[150.0149231, 1434.65197754, 1070.57519531]
[156.96142578, 1453.09332275, 1059.69726562]
[159.542099, 1486.68786621, 1056.12475586]
[159.35005188, 1496.78155518, 1057.93432617]
[163.11651611, 1494.1015625, 1059.30395508]
[163.05734253, 1470.63366699, 1060.61938477]
[169.57824707, 1456.38592529, 1066.37280273]
[173.03434753, 1403.42034912, 1058.10375977]
[176.25683594, 1366.11682129, 1057.796875]
[179.19656372, 1338.96734619, 1056.09814453]
[178.41918945, 1319.53222656, 1056.37304688]
[168.5319519, 1295.77157593, 1046.30688477]
[159.09346008, 1277.70391846, 1031.6340332]
[142.75714111, 1273.51974487, 1016.22058105]
[140.18875122, 1267.92642212, 989.8828125]
[126.75398254, 1268.97570801, 965.6451416]
[112.35308075, 1266.5362854, 935.49609375]
[111.70115662, 1272.23388672, 915.28088379]
[111.47373199, 1277.36181641, 906.76623535]
[107.07748413, 1272.54937744, 888.72265625]
[97.92139435, 1278.56860352, 876.9498291]
[91.77364349, 1287.27737427, 860.26245117]
[86.55194092, 1282.97381592, 844.98510742]
[85.91196442, 1283.23739624, 828.83215332]
[81.02935791, 1286.79840088, 813.92932129]
[73.71811676, 1293.78482056, 790.10546875]
[73.45133972, 1296.45004272, 770.69287109]
[64.60755157, 1299.21286011, 751.17370605]
[60.00706482, 1294.80728149, 735.16589355]
[63.42656326, 1296.47097778, 713.43737793]
[64.28817749, 1296.26971436, 690.69030762]
[69.00405121, 1296.39105225, 665.64978027]
[67.02531433, 1297.6965332, 642.42993164]
[73.79897308, 1289.77679443, 606.69836426]
[79.83908081, 1279.95303345, 576.13659668]
[86.13673401, 1265.15155029, 549.04541016]
[88.02958679, 1258.66818237, 534.8190918]
[97.60083008, 1244.03170776, 516.84020996]
[99.09198761, 1239.48690796, 504.99194336]
[102.01119232, 1243.66479492, 499.76708984]
[104.83483887, 1246.85525513, 491.85009766]
[106.66123199, 1253.54849243, 483.92407227]
[112.14476776, 1261.36434937, 478.75927734]
[110.19986725, 1267.74349976, 470.77978516]
[114.18704987, 1271.22906494, 465.23791504]
[117.57453156, 1278.10586548, 454.4666748]
[114.71845245, 1288.40090942, 451.84887695]
[116.67277527, 1294.70614624, 451.87817383]
[112.89237976, 1294.45812988, 453.32775879]
[112.90432739, 1289.9937439, 447.02978516]
[109.37734985, 1286.409729, 442.73950195]
[104.10293579, 1286.07223511, 447.65917969]
[97.05821228, 1298.45059204, 465.91918945]
[89.20852661, 1296.88195801, 467.23364258]
[83.45301819, 1300.31173706, 480.12072754]
[83.92105865, 1292.20825195, 472.91650391]
[85.7882843, 1279.76629639, 473.57653809]
[78.01839447, 1274.03781128, 510.8494873]
[85.70202637, 1270.67636108, 515.98950195]
[87.26529694, 1273.92965698, 535.44116211]
[77.59370422, 1278.83624268, 528.53833008]
[80.38420105, 1289.98291016, 531.83312988]
[61.75454712, 1309.95391846, 534.1151123]
[50.23398209, 1334.9887085, 534.4942627]
[38.20559311, 1348.05328369, 532.61071777]
[35.01407242, 1366.63305664, 518.71081543]
[25.46228027, 1369.68670654, 507.24121094]
[27.81809425, 1377.1338501, 493.3515625]
[19.50922585, 1380.33380127, 494.13537598]
[-10.04835415, 1362.67773438, 485.78100586]
[-19.23501587, 1334.54394531, 476.21862793]
[-44.06578827, 1313.78070068, 464.38586426]
[-64.88758087, 1298.04949951, 462.35986328]
[-88.77329254, 1284.70541382, 463.30603027]
[-102.07500458, 1271.32211304, 457.28222656]
[-112.28171539, 1262.39846802, 452.55175781]
[-126.77867889, 1264.76742554, 448.71484375]
[-142.39480591, 1273.57415771, 468.40539551]
[-152.91262817, 1273.46487427, 477.39233398]
[-159.39100647, 1283.10113525, 479.9251709]
[-167.34751892, 1292.2059021, 485.75292969]
[-167.88305664, 1298.41101074, 496.21838379]
[-168.35351562, 1300.78344727, 501.92651367]
[-170.87014771, 1313.08325195, 507.96948242]
[-168.49676514, 1312.86914062, 518.43005371]
[-170.98681641, 1314.9196167, 528.90148926]
[-171.23184204, 1305.90478516, 543.59631348]
[-164.42352295, 1301.19387817, 555.64135742]
[-155.19752502, 1292.44619751, 567.31921387]
[-137.19523621, 1276.29815674, 572.84594727]
[-132.1739502, 1255.92706299, 592.20275879]
[-124.2826004, 1262.49569702, 607.8145752]
[-119.3406601, 1260.52474976, 607.03796387]
[-107.60549927, 1271.20181274, 622.5769043]
[-107.2456131, 1288.80484009, 640.94165039]
[-98.94908142, 1305.08624268, 648.78601074]
[-96.29899597, 1328.2880249, 663.14379883]
[-85.8242569, 1344.27081299, 674.20788574]
[-72.97877502, 1353.96679688, 692.75537109]
[-68.41468811, 1359.51812744, 710.73583984]
[-55.20610046, 1367.06298828, 726.4597168]
[-36.91066742, 1365.98376465, 733.57177734]
[-23.2625885, 1360.09918213, 747.65490723]
[-6.31862545, 1348.77490234, 759.50256348]
[6.1743722, 1330.34674072, 777.52172852]
[27.11707306, 1313.04125977, 797.70288086]
[47.39066315, 1294.24212646, 821.57006836]
[66.93894958, 1286.449646, 838.60217285]
[84.46955872, 1280.72463989, 857.97167969]
[97.67063904, 1289.22625732, 877.18591309]
[105.98996735, 1300.40261841, 893.1496582]
[123.71485901, 1309.47738647, 903.28186035]
[133.30957031, 1321.37860107, 914.85595703]
[144.50183105, 1320.70599365, 916.09338379]
[151.15159607, 1339.17419434, 925.81640625]
[156.52574158, 1336.62249756, 934.05065918]
[158.02076721, 1339.1763916, 947.109375]
[160.52264404, 1343.68939209, 960.47521973]
[156.96498108, 1339.86859131, 973.62451172]
[156.97503662, 1335.33563232, 988.66699219]
[155.82643127, 1333.41784668, 1002.16650391]
[154.39494324, 1338.94342041, 1019.71862793]
[152.95588684, 1337.74737549, 1031.71533203]
[147.7202301, 1331.45526123, 1045.4831543]
[144.09263611, 1325.83947754, 1063.18041992]
[145.79840088, 1320.45056152, 1084.10839844]
[140.94496155, 1314.2298584, 1104.9934082]
[136.18327332, 1303.89044189, 1129.20825195]
[132.75032043, 1300.22061157, 1147.26098633]
[127.61896515, 1296.1993103, 1170.94775391]
[129.65411377, 1304.58853149, 1182.84643555]
[131.31710815, 1311.61950684, 1190.50756836]
[134.86254883, 1330.99212646, 1194.07470703]
[138.84649658, 1337.48419189, 1200.09448242]
[148.64953613, 1345.70489502, 1207.43408203]
[153.16000366, 1351.5201416, 1213.68481445]
[158.76577759, 1349.01422119, 1216.95263672]
[169.74291992, 1349.31195068, 1217.33056641]
[174.27467346, 1348.04760742, 1224.72045898]
[181.0007019, 1346.24707031, 1224.02026367]
[190.9624939, 1335.5670166, 1228.69458008]
[200.57440186, 1325.50274658, 1234.29174805]
[212.64808655, 1309.59759521, 1249.03808594]
[222.00584412, 1291.72671509, 1265.92431641]
[228.64100647, 1283.88092041, 1275.33129883]
[236.64950562, 1284.88150024, 1279.90820312]
[239.73460388, 1285.00210571, 1279.13085938]
[242.2933197, 1293.08151245, 1285.43774414]
[251.73544312, 1305.48248291, 1294.03686523]
[253.2542572, 1313.54364014, 1288.92651367]
[251.11979675, 1327.63098145, 1288.11010742]
[239.45191956, 1332.66467285, 1280.08520508]
[232.29577637, 1329.63116455, 1256.046875]
[223.96075439, 1329.32647705, 1250.04467773]
[223.20358276, 1319.37030029, 1240.09667969]
[212.80734253, 1311.3132019, 1234.38623047]
[205.26307678, 1301.58547974, 1221.39135742]
[199.46699524, 1293.20941162, 1209.39746094]
[183.33966064, 1288.54745483, 1192.50976562]
[173.98268127, 1283.96850586, 1172.18359375]
[167.47966003, 1274.63223267, 1158.2980957]
[167.87701416, 1266.76391602, 1142.98852539]
[161.07156372, 1257.76837158, 1132.04516602]
[147.69326782, 1251.04818726, 1119.26635742]
[134.98062134, 1247.55853271, 1102.29931641]
[121.29367065, 1247.76376343, 1089.28125]
[109.32847595, 1251.79022217, 1079.9152832]
[97.86479187, 1251.41094971, 1059.76220703]
[86.11610413, 1256.9046936, 1036.40148926]
[80.0045166, 1258.03839111, 1015.11315918]
[71.44080353, 1263.92428589, 990.75512695]
[62.21765137, 1268.45709229, 966.75720215]
[52.08937454, 1268.17462158, 940.80969238]
[46.75775146, 1271.79519653, 918.08178711]
[36.02854538, 1270.07495117, 893.7857666]
[23.3232975, 1269.58004761, 878.13623047]
[9.53124714, 1260.80871582, 857.1427002]
[-4.49355692e-01, 1.25211160e+03, 8.35096069e+02]
[-8.08914757, 1252.23660278, 815.76220703]
[-9.34580326, 1250.17575073, 802.19848633]
[-11.92496681, 1253.0274353, 796.24902344]
[-22.71257401, 1255.79974365, 759.14379883]
[-26.46277237, 1256.45715332, 726.97949219]
[-29.44316292, 1262.33700562, 698.59240723]
[0, 0, 0]
[0, 0, 0]
[0, 0, 0]
[0, 0, 0]
[0, 0, 0]
[0, 0, 0]
[0, 0, 0]
[0, 0, 0]
[0, 0, 0]
[0, 0, 0]
[0, 0, 0]
[0, 0, 0]
[0, 0, 0]
[0, 0, 0]
[0, 0, 0]
[0, 0, 0]
[0, 0, 0]
[0, 0, 0]
[0, 0, 0]
[0, 0, 0]
[0, 0, 0]
[0, 0, 0]
[0, 0, 0]
[0, 0, 0]
[0, 0, 0]
[0, 0, 0]
[0, 0, 0]
[0, 0, 0]
[0, 0, 0]
[0, 0, 0]
[0, 0, 0]
[0, 0, 0]
[0, 0, 0]
[0, 0, 0]
[0, 0, 0]
[0, 0, 0]
[0, 0, 0]
[0, 0, 0]
[0, 0, 0]
[0, 0, 0]
[0, 0, 0]
[0, 0, 0]
[0, 0, 0]
[0, 0, 0]
[0, 0, 0]
[0, 0, 0]
[0, 0, 0]
[0, 0, 0]
[0, 0, 0]
[0, 0, 0]
[0, 0, 0]
[0, 0, 0]
[0, 0, 0]
[0, 0, 0]
[0, 0, 0]
[0, 0, 0]
[0, 0, 0]
[0, 0, 0]
[0, 0, 0]
[0, 0, 0]
[0, 0, 0]
[0, 0, 0]
[0, 0, 0]
[0, 0, 0]
[0, 0, 0]
[0, 0, 0]
[0, 0, 0]
[0, 0, 0]
[0, 0, 0]
[0, 0, 0]
[0, 0, 0]
[0, 0, 0]
[0, 0, 0]
[0, 0, 0]
[0, 0, 0]
[0, 0, 0]
[0, 0, 0]
[0, 0, 0]
[0, 0, 0]
[0, 0, 0]
[0, 0, 0]
[0, 0, 0]
[0, 0, 0]
[0, 0, 0]
[0, 0, 0]
[0, 0, 0]
[0, 0, 0]
[0, 0, 0]
[0, 0, 0]
[0, 0, 0]
[0, 0, 0]
[0, 0, 0]
[0, 0, 0]
[0, 0, 0]
[0, 0, 0]
[0, 0, 0]
[0, 0, 0]
[0, 0, 0]
[0, 0, 0]
[0, 0, 0]
[0, 0, 0]
[0, 0, 0]
[0, 0, 0]
[0, 0, 0]
[0, 0, 0]
[0, 0, 0]
[0, 0, 0]
[0, 0, 0]
[0, 0, 0]
[0, 0, 0]
[0, 0, 0]
[0, 0, 0]
[0, 0, 0]
[0, 0, 0]
[0, 0, 0]
[0, 0, 0]
[0, 0, 0]
[0, 0, 0]
[0, 0, 0]
[0, 0, 0]
[0, 0, 0]
[0, 0, 0]
[0, 0, 0]
[0, 0, 0]
[0, 0, 0]
[0, 0, 0]
[0, 0, 0]
[0, 0, 0]
[0, 0, 0]
[0, 0, 0]
[0, 0, 0]
[0, 0, 0]
[0, 0, 0]
[0, 0, 0]
[0, 0, 0]
[0, 0, 0]
[0, 0, 0]
[0, 0, 0]
[0, 0, 0]
[0, 0, 0]
[0, 0, 0]
[0, 0, 0]
[0, 0, 0]
[0, 0, 0]
[0, 0, 0]
[0, 0, 0]
[0, 0, 0]
[0, 0, 0]
[0, 0, 0]
[0, 0, 0]
[0, 0, 0]
[0, 0, 0]
[0, 0, 0]
[0, 0, 0]
[0, 0, 0]
[0, 0, 0]
[0, 0, 0]
[0, 0, 0]
[0, 0, 0]
[0, 0, 0]
[0, 0, 0]
[0, 0, 0]
[0, 0, 0]
[0, 0, 0]
[0, 0, 0]
[0, 0, 0]
[0, 0, 0]
[0, 0, 0]
[0, 0, 0]
[0, 0, 0]
[0, 0, 0]
[0, 0, 0]
[0, 0, 0]
[0, 0, 0]
[0, 0, 0]
[0, 0, 0]
[0, 0, 0]
[0, 0, 0]
[0, 0, 0]
[0, 0, 0]
[0, 0, 0]
[0, 0, 0]
[0, 0, 0]
[0, 0, 0]
[0, 0, 0]
[0, 0, 0]
[0, 0, 0]
[0, 0, 0]
[0, 0, 0]
[0, 0, 0]
[0, 0, 0]
[0, 0, 0]
[0, 0, 0]
[0, 0, 0]
[0, 0, 0]
[0, 0, 0]
[0, 0, 0]
[0, 0, 0]
[0, 0, 0]
[0, 0, 0]
[0, 0, 0]
[0, 0, 0]
[0, 0, 0]
[0, 0, 0]
[0, 0, 0]
[0, 0, 0]
[0, 0, 0]
[0, 0, 0]
[0, 0, 0]
[0, 0, 0]
[0, 0, 0]
[0, 0, 0]
[0, 0, 0]
[0, 0, 0]
[0, 0, 0]
[0, 0, 0]
[0, 0, 0]
[0, 0, 0]
[0, 0, 0]
[0, 0, 0]
[0, 0, 0]
[0, 0, 0]
[0, 0, 0]
[0, 0, 0]
[0, 0, 0]
[0, 0, 0]
[0, 0, 0]
[0, 0, 0]
[0, 0, 0]
[0, 0, 0]
[0, 0, 0]
[0, 0, 0]
[0, 0, 0]
[0, 0, 0]
[0, 0, 0]
[0, 0, 0]
[0, 0, 0]
[0, 0, 0]
[0, 0, 0]
[0, 0, 0]
[0, 0, 0]
[0, 0, 0]
[0, 0, 0]
[0, 0, 0]
[0, 0, 0]
[0, 0, 0]
[0, 0, 0]
[0, 0, 0]
[0, 0, 0]
[0, 0, 0]
[0, 0, 0]
[0, 0, 0]
[0, 0, 0]
[0, 0, 0]
[0, 0, 0]
[0, 0, 0]
[0, 0, 0]
[0, 0, 0]
[0, 0, 0]
[0, 0, 0]
[0, 0, 0]
[0, 0, 0]
[0, 0, 0]
[0, 0, 0]
[0, 0, 0]
[0, 0, 0]
[0, 0, 0]
[0, 0, 0]
[0, 0, 0]
[0, 0, 0]
[0, 0, 0]
[0, 0, 0]
[0, 0, 0]
[0, 0, 0]
[0, 0, 0]
[0, 0, 0]
[0, 0, 0]
[0, 0, 0]
[0, 0, 0]
[0, 0, 0]
[0, 0, 0]
[0, 0, 0]
[0, 0, 0]
[0, 0, 0]
[0, 0, 0]
[0, 0, 0]
[0, 0, 0]
[0, 0, 0]
[0, 0, 0]
[0, 0, 0]
[0, 0, 0]
[0, 0, 0]
[0, 0, 0]
[0, 0, 0]
[0, 0, 0]
[0, 0, 0]
[0, 0, 0]
[0, 0, 0]
[0, 0, 0]
[0, 0, 0]
[0, 0, 0]
[0, 0, 0]
[0, 0, 0]
[0, 0, 0]
[0, 0, 0]
[0, 0, 0]
[0, 0, 0]
[0, 0, 0]
[0, 0, 0]
[0, 0, 0]
[0, 0, 0]
[0, 0, 0]
[0, 0, 0]
[0, 0, 0]
[0, 0, 0]
[0, 0, 0]
[0, 0, 0]
[0, 0, 0]
[0, 0, 0]
[0, 0, 0]
[0, 0, 0]
[0, 0, 0]
[0, 0, 0]
[0, 0, 0]
[0, 0, 0]
[0, 0, 0]
[0, 0, 0]
[0, 0, 0]
[0, 0, 0]
[0, 0, 0]
[0, 0, 0]
[0, 0, 0]
[0, 0, 0]
[0, 0, 0]
[0, 0, 0]
[0, 0, 0]
[0, 0, 0]
[0, 0, 0]
[0, 0, 0]
[0, 0, 0]
[0, 0, 0]
[0, 0, 0]
[0, 0, 0]
[0, 0, 0]
[0, 0, 0]
[0, 0, 0]
[0, 0, 0]
[0, 0, 0]
[0, 0, 0]
[0, 0, 0]
[0, 0, 0]
[0, 0, 0]
[0, 0, 0]
[0, 0, 0]
[0, 0, 0]
[0, 0, 0]
[0, 0, 0]
[0, 0, 0]
[0, 0, 0]
[0, 0, 0]
[0, 0, 0]
[0, 0, 0]
[0, 0, 0]
[0, 0, 0]
[0, 0, 0]
[0, 0, 0]
[0, 0, 0]
[0, 0, 0]
[0, 0, 0]
[0, 0, 0]
[0, 0, 0]
[0, 0, 0]
[0, 0, 0]
[0, 0, 0]
[0, 0, 0]
[0, 0, 0]
[0, 0, 0]
[0, 0, 0]
[0, 0, 0]
[0, 0, 0]
[0, 0, 0]
[0, 0, 0]
[0, 0, 0]
[0, 0, 0]
[0, 0, 0]
[0, 0, 0]
[0, 0, 0]
[0, 0, 0]
[0, 0, 0]
[0, 0, 0]
[0, 0, 0]
[0, 0, 0]
[0, 0, 0]
[0, 0, 0]
[0, 0, 0]
[0, 0, 0]
[0, 0, 0]
[0, 0, 0]
[0, 0, 0]
[0, 0, 0]
[0, 0, 0]
[0, 0, 0]
[0, 0, 0]
[0, 0, 0]
[0, 0, 0]
[0, 0, 0]
[0, 0, 0]
[0, 0, 0]
[0, 0, 0]
[0, 0, 0]
[0, 0, 0]
[0, 0, 0]
[0, 0, 0]
[0, 0, 0]
[0, 0, 0]
[0, 0, 0]
[0, 0, 0]
[0, 0, 0]
[0, 0, 0]
[0, 0, 0]
[0, 0, 0]
[0, 0, 0]
[0, 0, 0]
[0, 0, 0]
[0, 0, 0]
[0, 0, 0]
[0, 0, 0]
[0, 0, 0]
[0, 0, 0]
[0, 0, 0]
[0, 0, 0]
[0, 0, 0]
[0, 0, 0]
[0, 0, 0]
[0, 0, 0]
[0, 0, 0]
[0, 0, 0]
[0, 0, 0]
[0, 0, 0]
[0, 0, 0]
[0, 0, 0]
[0, 0, 0]
[0, 0, 0]
[0, 0, 0]
[0, 0, 0]
[0, 0, 0]
[0, 0, 0]
[0, 0, 0]
[0, 0, 0]
[0, 0, 0]
[0, 0, 0]
[0, 0, 0]
