452
30
[50.18248748779297, -753.365478515625, 2030.830322265625]
[53.09895706176758, -753.2996215820312, 2029.7584228515625]
[55.83734130859375, -752.0482177734375, 2028.372314453125]
[56.47235870361328, -750.7797241210938, 2028.2542724609375]
[61.3599853515625, -747.8809204101562, 2023.3524169921875]
[60.89460372924805, -747.4834594726562, 2024.9373779296875]
[65.37110900878906, -747.7333984375, 2025.95947265625]
[73.77111053466797, -754.4697265625, 2033.7467041015625]
[75.96945190429688, -753.8090209960938, 2031.637939453125]
[80.20623016357422, -752.8014526367188, 2031.5308837890625]
[83.38314819335938, -751.893310546875, 2031.329833984375]
[87.63772583007812, -751.870361328125, 2029.4677734375]
[88.6051254272461, -751.5010986328125, 2027.1329345703125]
[90.85279846191406, -751.8323364257812, 2027.5904541015625]
[100.36119079589844, -752.3197021484375, 2026.52880859375]
[100.65843963623047, -753.1603393554688, 2028.5672607421875]
[100.61094665527344, -753.80322265625, 2029.203125]
[102.55399322509766, -751.5967407226562, 2027.8585205078125]
[103.5649185180664, -751.39599609375, 2028.1204833984375]
[106.41624450683594, -749.2993774414062, 2024.6715087890625]
[109.60987091064453, -748.5313720703125, 2024.7197265625]
[108.50824737548828, -749.0164184570312, 2020.671630859375]
[110.33113098144531, -747.7742309570312, 2021.221923828125]
[112.21472930908203, -748.6266479492188, 2019.7484130859375]
[112.37779998779297, -748.6603393554688, 2020.8475341796875]
[114.3874740600586, -748.0531005859375, 2018.250732421875]
[115.72274017333984, -745.6578979492188, 2018.227294921875]
[118.10122680664062, -745.103759765625, 2012.0391845703125]
[119.2181167602539, -742.3728637695312, 2008.7152099609375]
[118.14542388916016, -743.061279296875, 2008.7122802734375]
[118.26607513427734, -743.3310546875, 2008.6510009765625]
[118.3698959350586, -743.3372192382812, 2008.72021484375]
[118.74237823486328, -743.1012573242188, 2008.7611083984375]
[124.20757293701172, -741.2362060546875, 2004.6341552734375]
[127.1174087524414, -743.5068359375, 2005.7930908203125]
[130.47085571289062, -737.6111450195312, 1999.40234375]
[130.6245574951172, -737.5703735351562, 1999.3427734375]
[139.1751251220703, -739.0828857421875, 2004.2579345703125]
[139.00076293945312, -728.6107788085938, 1998.4749755859375]
[141.90719604492188, -730.3805541992188, 1990.8818359375]
[148.4388885498047, -729.490234375, 1989.316650390625]
[141.8717803955078, -737.1768798828125, 1981.675048828125]
[143.02565002441406, -740.4739990234375, 1976.23583984375]
[134.25979614257812, -741.6654052734375, 1967.930419921875]
[129.90467834472656, -742.166748046875, 1964.3077392578125]
[121.6363754272461, -739.007568359375, 1956.4029541015625]
[115.08895111083984, -740.1025390625, 1953.443115234375]
[103.29463958740234, -736.9308471679688, 1951.9031982421875]
[89.1006851196289, -738.9579467773438, 1944.7984619140625]
[76.66014099121094, -730.8526611328125, 1940.210693359375]
[61.442291259765625, -727.5607299804688, 1928.1474609375]
[49.52470397949219, -721.9003295898438, 1925.3709716796875]
[40.44017791748047, -711.5570068359375, 1920.9874267578125]
[29.176652908325195, -706.112548828125, 1917.69580078125]
[17.186609268188477, -706.2889404296875, 1918.1627197265625]
[10.705183982849121, -710.9989013671875, 1924.8936767578125]
[-3.760181427001953, -714.7830810546875, 1921.3489990234375]
[-12.993599891662598, -727.8329467773438, 1917.3436279296875]
[-23.12781524658203, -732.7811279296875, 1908.0499267578125]
[-34.46044921875, -744.7171630859375, 1910.376953125]
[-39.73777770996094, -751.0914916992188, 1907.6015625]
[-45.999629974365234, -761.1815185546875, 1904.7908935546875]
[-54.97122573852539, -764.3598022460938, 1909.9683837890625]
[-51.4100341796875, -762.10498046875, 1891.0955810546875]
[-42.637020111083984, -740.1242065429688, 1879.5767822265625]
[-30.30347442626953, -736.1571655273438, 1878.66943359375]
[-21.050800323486328, -733.2359619140625, 1888.03759765625]
[-6.759612560272217, -732.0143432617188, 1890.0413818359375]
[18.71558952331543, -733.9446411132812, 1881.0616455078125]
[25.903831481933594, -737.7930297851562, 1881.42578125]
[46.945125579833984, -725.9328002929688, 1874.7752685546875]
[59.35711669921875, -721.5069580078125, 1869.6153564453125]
[71.94119262695312, -728.2340698242188, 1870.8887939453125]
[79.44112396240234, -732.2217407226562, 1871.7510986328125]
[97.2307357788086, -744.866455078125, 1867.625244140625]
[107.02798461914062, -757.9404296875, 1861.6849365234375]
[112.82512664794922, -768.4906616210938, 1858.98046875]
[115.589111328125, -774.23046875, 1860.046630859375]
[119.8451156616211, -780.7396240234375, 1864.2152099609375]
[122.53034210205078, -765.6063842773438, 1862.6046142578125]
[121.12918090820312, -770.5247192382812, 1873.371826171875]
[123.0211410522461, -762.0446166992188, 1879.9874267578125]
[126.8186264038086, -755.472900390625, 1877.744873046875]
[129.50892639160156, -736.723876953125, 1883.8878173828125]
[135.38491821289062, -754.5963745117188, 1904.6951904296875]
[130.9745635986328, -733.7445678710938, 1899.74951171875]
[133.86610412597656, -721.1984252929688, 1914.930419921875]
[129.79705810546875, -710.0288696289062, 1905.6685791015625]
[127.14359283447266, -706.6749267578125, 1887.881591796875]
[125.45174407958984, -711.8280029296875, 1879.942138671875]
[113.82093811035156, -708.5160522460938, 1861.3380126953125]
[115.9085693359375, -723.3272705078125, 1868.888916015625]
[107.26390075683594, -730.3997802734375, 1856.8349609375]
[109.77458190917969, -749.388671875, 1833.0701904296875]
[113.80481719970703, -767.6785888671875, 1831.8355712890625]
[120.35729217529297, -784.1942138671875, 1827.5953369140625]
[120.72066497802734, -786.1647338867188, 1813.2706298828125]
[130.228271484375, -782.7167358398438, 1801.3076171875]
[138.68626403808594, -771.9512939453125, 1786.1624755859375]
[134.5336151123047, -753.6888427734375, 1770.4197998046875]
[142.2445526123047, -726.5008544921875, 1731.42138671875]
[143.9940948486328, -707.984375, 1732.3726806640625]
[142.98110961914062, -694.8547973632812, 1711.0595703125]
[151.73928833007812, -698.6270141601562, 1712.1566162109375]
[159.31210327148438, -707.9417724609375, 1713.329345703125]
[172.67718505859375, -717.6588745117188, 1698.33349609375]
[172.0528564453125, -736.0021362304688, 1694.62255859375]
[178.84490966796875, -748.7637939453125, 1690.5816650390625]
[184.67933654785156, -754.3907470703125, 1692.4324951171875]
[188.83384704589844, -759.6673583984375, 1705.875732421875]
[195.28271484375, -753.7826538085938, 1717.759033203125]
[203.02737426757812, -732.3828735351562, 1728.08251953125]
[212.896728515625, -710.0765991210938, 1715.4974365234375]
[218.6798553466797, -690.3956909179688, 1715.5777587890625]
[217.295166015625, -701.4281005859375, 1746.683349609375]
[221.8168487548828, -703.784423828125, 1751.7890625]
[232.09951782226562, -707.8810424804688, 1751.2587890625]
[241.91116333007812, -714.0552368164062, 1774.518798828125]
[250.49412536621094, -722.6991577148438, 1780.9949951171875]
[254.1435089111328, -725.1734619140625, 1776.714599609375]
[259.5776062011719, -733.8924560546875, 1780.166259765625]
[269.7057189941406, -741.9815063476562, 1767.8604736328125]
[264.8477783203125, -750.26123046875, 1780.23388671875]
[259.28472900390625, -747.9464111328125, 1780.927001953125]
[261.53118896484375, -748.3783569335938, 1780.0196533203125]
[251.2439422607422, -751.791748046875, 1782.2191162109375]
[240.63809204101562, -755.501220703125, 1782.3009033203125]
[235.07472229003906, -751.810546875, 1778.711669921875]
[231.9109344482422, -741.4609375, 1774.9210205078125]
[219.38633728027344, -722.7918090820312, 1753.4378662109375]
[208.85939025878906, -707.9607543945312, 1760.1990966796875]
[196.71026611328125, -689.7013549804688, 1751.5771484375]
[177.46023559570312, -679.6206665039062, 1756.1265869140625]
[163.9744110107422, -668.8936157226562, 1744.006103515625]
[151.644775390625, -672.6190795898438, 1737.778564453125]
[145.27308654785156, -685.7021484375, 1735.7103271484375]
[134.64260864257812, -702.4807739257812, 1743.974365234375]
[127.97303771972656, -722.6124267578125, 1747.9573974609375]
[122.07013702392578, -741.345703125, 1750.4615478515625]
[110.26223754882812, -755.542724609375, 1756.383544921875]
[104.12545776367188, -760.7234497070312, 1768.456787109375]
[98.54949951171875, -760.168701171875, 1782.494140625]
[85.6772689819336, -753.9581298828125, 1801.62451171875]
[78.47679138183594, -735.784912109375, 1818.89404296875]
[62.423423767089844, -713.2806396484375, 1833.940185546875]
[34.43427276611328, -686.2003784179688, 1840.24072265625]
[23.435321807861328, -675.7220458984375, 1847.2042236328125]
[7.187493324279785, -678.1337280273438, 1849.8843994140625]
[-3.559544563293457, -687.0328979492188, 1844.2977294921875]
[-19.056819915771484, -696.650390625, 1835.507568359375]
[-31.050514221191406, -707.9613037109375, 1829.512939453125]
[-46.165557861328125, -717.9964599609375, 1809.966796875]
[-52.61967468261719, -721.7153930664062, 1801.6549072265625]
[-61.571388244628906, -734.1710815429688, 1795.234375]
[-70.79874420166016, -733.4655151367188, 1762.4678955078125]
[-77.69524383544922, -740.738037109375, 1756.87109375]
[-87.21837615966797, -744.3977661132812, 1752.703857421875]
[-93.67546844482422, -749.8566284179688, 1746.0692138671875]
[-102.77458953857422, -748.551513671875, 1733.7891845703125]
[-103.49658966064453, -742.2401733398438, 1730.0057373046875]
[-109.1232681274414, -730.1630859375, 1715.68408203125]
[-108.39320373535156, -718.6983642578125, 1703.652587890625]
[-112.07501220703125, -698.4931030273438, 1689.93017578125]
[-117.95487976074219, -678.5576171875, 1671.03466796875]
[-119.65074157714844, -662.5482177734375, 1661.070556640625]
[-121.27470397949219, -667.5343017578125, 1649.9046630859375]
[-129.09268188476562, -680.39208984375, 1641.138916015625]
[-136.18374633789062, -694.2828369140625, 1629.7569580078125]
[-143.7493133544922, -696.7138061523438, 1608.7730712890625]
[-145.0305633544922, -705.5550537109375, 1590.4571533203125]
[-160.2939453125, -707.4096069335938, 1565.52294921875]
[-171.21861267089844, -700.0372924804688, 1548.5919189453125]
[-179.47511291503906, -692.7254028320312, 1541.18212890625]
[-184.05894470214844, -667.5821533203125, 1521.5655517578125]
[-192.21902465820312, -648.4367065429688, 1498.6112060546875]
[-194.51951599121094, -648.5867309570312, 1493.958251953125]
[-204.5989990234375, -656.9644165039062, 1504.6630859375]
[-206.9987335205078, -657.2340698242188, 1503.1708984375]
[-208.50050354003906, -656.939453125, 1504.891845703125]
[-214.22938537597656, -658.4931640625, 1496.4744873046875]
[-208.85894775390625, -657.780517578125, 1497.7080078125]
[-208.52890014648438, -653.0266723632812, 1489.8990478515625]
[-213.28829956054688, -660.4448852539062, 1496.303955078125]
[-214.1282196044922, -656.530517578125, 1489.6517333984375]
[-212.3958740234375, -654.3640747070312, 1492.18603515625]
[-207.74269104003906, -654.1279296875, 1490.997802734375]
[-204.6414031982422, -671.10205078125, 1516.5345458984375]
[-196.13568115234375, -675.6038208007812, 1522.7252197265625]
[-190.00601196289062, -671.9963989257812, 1526.287109375]
[-182.48866271972656, -665.15283203125, 1527.71728515625]
[-175.1692657470703, -660.328857421875, 1525.5697021484375]
[-166.43881225585938, -667.7244873046875, 1541.478271484375]
[-154.68345642089844, -686.4459838867188, 1575.1578369140625]
[-143.36207580566406, -687.1077880859375, 1586.9708251953125]
[-126.64849853515625, -689.8525390625, 1601.6290283203125]
[-111.48914337158203, -691.5391845703125, 1624.3819580078125]
[-97.23444366455078, -682.3648071289062, 1634.5103759765625]
[-96.39036560058594, -681.4956665039062, 1644.6878662109375]
[-89.83750915527344, -690.8021850585938, 1663.2261962890625]
[-77.9224624633789, -702.9705810546875, 1675.6265869140625]
[-63.86749267578125, -721.2045288085938, 1694.349365234375]
[-59.005435943603516, -732.9386596679688, 1711.991943359375]
[-48.9102668762207, -742.9647827148438, 1727.0455322265625]
[-36.82198715209961, -745.9805297851562, 1745.7327880859375]
[-27.832353591918945, -749.9756469726562, 1767.073486328125]
[-19.609603881835938, -749.3543090820312, 1792.8779296875]
[-17.947917938232422, -743.2713623046875, 1815.715087890625]
[-16.604352951049805, -733.1483154296875, 1837.0142822265625]
[-6.290365219116211, -730.7907104492188, 1871.0899658203125]
[-1.7591125965118408, -718.6801147460938, 1893.511474609375]
[7.949480056762695, -715.8247680664062, 1926.6077880859375]
[13.799249649047852, -697.5908203125, 1947.75048828125]
[24.657642364501953, -694.1571655273438, 1967.7039794921875]
[34.93416213989258, -715.8211669921875, 1991.8515625]
[40.63908004760742, -728.0401000976562, 2004.4012451171875]
[48.95207595825195, -753.5966186523438, 2008.5216064453125]
[61.933597564697266, -777.0253295898438, 2016.786376953125]
[73.51748657226562, -792.174072265625, 2018.5704345703125]
[86.1966323852539, -811.0702514648438, 2031.086181640625]
[100.82782745361328, -814.643310546875, 2042.88720703125]
[113.64481353759766, -804.0027465820312, 2055.833740234375]
[122.36998748779297, -793.8763427734375, 2067.064453125]
[136.87469482421875, -761.0877685546875, 2074.32177734375]
[143.72532653808594, -737.878173828125, 2072.538818359375]
[152.2361297607422, -730.4876098632812, 2090.65185546875]
[159.37599182128906, -727.8726196289062, 2110.115478515625]
[163.1688232421875, -731.45068359375, 2119.146240234375]
[164.7056884765625, -731.5166625976562, 2128.259521484375]
[156.9135284423828, -742.6511840820312, 2130.20458984375]
[154.79684448242188, -752.3740844726562, 2133.02099609375]
[149.56114196777344, -776.5216064453125, 2149.512939453125]
[145.65794372558594, -801.5596313476562, 2157.639404296875]
[140.67185974121094, -838.0454711914062, 2169.138427734375]
[131.52294921875, -865.1087646484375, 2173.677490234375]
[130.60269165039062, -880.9808349609375, 2176.058349609375]
[127.75169372558594, -886.3338623046875, 2172.01611328125]
[127.34361267089844, -878.391845703125, 2173.056640625]
[124.9807357788086, -856.16455078125, 2167.57080078125]
[119.0687484741211, -836.6693725585938, 2164.799560546875]
[123.7430419921875, -812.0680541992188, 2165.193359375]
[116.58753967285156, -768.7058715820312, 2151.38134765625]
[108.40509796142578, -740.0988159179688, 2129.546142578125]
[104.21430969238281, -724.6317138671875, 2118.798828125]
[103.00907135009766, -706.3364868164062, 2103.96044921875]
[104.06346893310547, -682.34521484375, 2094.785400390625]
[109.74481964111328, -657.8123168945312, 2080.190673828125]
[110.78083038330078, -627.0760498046875, 2071.001220703125]
[115.62760925292969, -593.2158813476562, 2060.24169921875]
[114.9246826171875, -569.4166259765625, 2059.186279296875]
[117.91679382324219, -516.901123046875, 2044.2125244140625]
[119.6845932006836, -475.05145263671875, 2031.7105712890625]
[117.72931671142578, -435.6844787597656, 2025.4549560546875]
[119.28240966796875, -408.6029052734375, 2023.5040283203125]
[119.75868225097656, -381.5382995605469, 2022.4066162109375]
[118.57040405273438, -366.9875793457031, 2025.927490234375]
[120.81352233886719, -362.3208923339844, 2028.7275390625]
[119.12747192382812, -366.3343811035156, 2030.80029296875]
[118.73792266845703, -373.5445861816406, 2034.096923828125]
[118.24625396728516, -394.95257568359375, 2036.428466796875]
[118.3410873413086, -419.3332214355469, 2046.7421875]
[119.42792510986328, -442.0726318359375, 2042.6273193359375]
[121.4358139038086, -472.68145751953125, 2046.8232421875]
[120.91223907470703, -523.8272705078125, 2056.073486328125]
[130.7493438720703, -585.0355834960938, 2065.504150390625]
[136.95448303222656, -647.5787353515625, 2075.940673828125]
[139.08531188964844, -718.8137817382812, 2083.7109375]
[150.98883056640625, -774.7137451171875, 2080.063232421875]
[156.3179168701172, -818.4110107421875, 2069.638671875]
[162.9623260498047, -867.6594848632812, 2065.213623046875]
[172.2504425048828, -887.6065063476562, 2065.300048828125]
[176.8553924560547, -920.410888671875, 2071.659423828125]
[170.30970764160156, -931.11572265625, 2071.921630859375]
[168.61126708984375, -928.7713623046875, 2076.98046875]
[165.52951049804688, -903.2434692382812, 2075.168701171875]
[173.70706176757812, -887.7059326171875, 2083.95166015625]
[170.5415496826172, -828.9351196289062, 2071.16455078125]
[172.60414123535156, -789.3826293945312, 2071.514892578125]
[176.89894104003906, -760.09521484375, 2072.47705078125]
[178.62994384765625, -741.2786865234375, 2065.866455078125]
[176.91937255859375, -716.6403198242188, 2057.472900390625]
[176.2345428466797, -697.244140625, 2044.495361328125]
[173.85159301757812, -693.8414306640625, 2030.8804931640625]
[167.9107208251953, -691.1401977539062, 2014.33154296875]
[157.07350158691406, -692.4813842773438, 1997.464599609375]
[150.91586303710938, -688.43994140625, 1959.7906494140625]
[144.0116729736328, -695.7386474609375, 1935.9490966796875]
[133.64822387695312, -704.889892578125, 1914.893310546875]
[128.11822509765625, -699.7498168945312, 1891.155029296875]
[116.70111083984375, -704.6658935546875, 1879.609619140625]
[112.32096862792969, -711.32080078125, 1865.420654296875]
[109.83431243896484, -704.0018920898438, 1842.4046630859375]
[110.64681243896484, -704.2117309570312, 1825.31982421875]
[108.18978118896484, -707.3833618164062, 1812.70947265625]
[107.1580810546875, -716.1885375976562, 1797.878662109375]
[108.39079284667969, -718.953369140625, 1784.5537109375]
[100.88166809082031, -720.36279296875, 1769.8717041015625]
[97.44033813476562, -715.285888671875, 1753.256591796875]
[99.34684753417969, -715.5618896484375, 1736.784912109375]
[97.9458999633789, -716.1926879882812, 1728.263427734375]
[101.37859344482422, -718.7695922851562, 1707.9990234375]
[99.34417724609375, -721.1785888671875, 1680.11669921875]
[101.98700714111328, -713.0396118164062, 1650.742919921875]
[104.19195556640625, -702.3609008789062, 1625.1396484375]
[110.49112701416016, -688.8079223632812, 1593.50146484375]
[112.3598403930664, -682.5984497070312, 1573.1768798828125]
[112.93425750732422, -666.8096313476562, 1544.146728515625]
[113.76248168945312, -661.2078247070312, 1522.481201171875]
[121.91171264648438, -666.4786376953125, 1508.427978515625]
[122.92169189453125, -669.8092651367188, 1495.5562744140625]
[124.23490142822266, -676.4715576171875, 1482.3568115234375]
[127.16795349121094, -684.2232055664062, 1474.5150146484375]
[122.63101959228516, -689.4542236328125, 1465.701416015625]
[124.93917846679688, -693.050537109375, 1456.699951171875]
[121.45984649658203, -701.251953125, 1447.9765625]
[120.36244201660156, -714.3480834960938, 1449.1898193359375]
[123.05052947998047, -720.2242431640625, 1447.0345458984375]
[114.29047393798828, -718.20654296875, 1449.586181640625]
[112.42788696289062, -712.1427001953125, 1446.8214111328125]
[111.16366577148438, -708.576171875, 1444.6640625]
[112.24786376953125, -708.1227416992188, 1445.8753662109375]
[118.51313781738281, -724.4884033203125, 1465.3946533203125]
[114.56031799316406, -722.7755126953125, 1465.4114990234375]
[112.69847106933594, -730.1149291992188, 1485.068115234375]
[106.71138000488281, -717.712158203125, 1474.4200439453125]
[99.671142578125, -699.8060913085938, 1473.9927978515625]
[96.92787170410156, -703.5552978515625, 1510.8876953125]
[91.60553741455078, -699.37255859375, 1521.261474609375]
[86.9990005493164, -702.4383544921875, 1530.0272216796875]
[74.45590209960938, -706.3927001953125, 1532.2158203125]
[74.56912994384766, -718.8978271484375, 1532.2960205078125]
[61.36865234375, -741.1961669921875, 1539.8013916015625]
[50.202274322509766, -768.059814453125, 1543.770263671875]
[39.471920013427734, -779.6165161132812, 1545.334228515625]
[39.59464645385742, -800.574462890625, 1527.21533203125]
[35.08671569824219, -801.8538818359375, 1518.85107421875]
[34.0343017578125, -808.02099609375, 1508.5980224609375]
[31.380090713500977, -810.9566040039062, 1506.0772705078125]
[18.034944534301758, -790.1010131835938, 1490.36669921875]
[0.3283768892288208, -758.0318603515625, 1473.7335205078125]
[-16.304439544677734, -738.352294921875, 1457.410888671875]
[-40.8508186340332, -727.9659423828125, 1455.58984375]
[-63.540802001953125, -715.86083984375, 1452.9444580078125]
[-91.04348754882812, -700.7626953125, 1451.3807373046875]
[-108.70958709716797, -691.94970703125, 1451.8719482421875]
[-120.11425018310547, -694.3546142578125, 1441.5234375]
[-122.65044403076172, -703.3417358398438, 1448.2728271484375]
[-120.53594207763672, -698.5477294921875, 1445.8929443359375]
[-122.29322052001953, -707.8786010742188, 1452.4561767578125]
[-124.30292510986328, -716.5691528320312, 1455.2637939453125]
[-121.64590454101562, -717.7644653320312, 1452.9033203125]
[-126.71279907226562, -719.7843627929688, 1456.3111572265625]
[-142.5485076904297, -731.8588256835938, 1472.264892578125]
[-139.69920349121094, -732.8121948242188, 1487.190185546875]
[-144.8115234375, -737.1964111328125, 1503.426025390625]
[-150.38868713378906, -728.2184448242188, 1525.1612548828125]
[-148.31617736816406, -723.9879760742188, 1541.052001953125]
[-142.288330078125, -718.15087890625, 1563.071044921875]
[-127.2116928100586, -702.8909301757812, 1564.676513671875]
[-125.76802062988281, -678.8917846679688, 1575.3128662109375]
[-107.05175018310547, -687.7141723632812, 1599.641845703125]
[-98.09864807128906, -686.4398803710938, 1607.0030517578125]
[-88.52652740478516, -698.0400390625, 1624.2037353515625]
[-87.60649108886719, -714.6011352539062, 1637.4122314453125]
[-80.46422576904297, -731.9523315429688, 1650.515380859375]
[-68.55440521240234, -752.9701538085938, 1660.1756591796875]
[-53.992183685302734, -767.8619384765625, 1674.0047607421875]
[-43.763797760009766, -777.04296875, 1682.080322265625]
[-38.27328109741211, -781.2860107421875, 1693.6334228515625]
[-32.468505859375, -791.1134033203125, 1713.064208984375]
[-22.8734188079834, -790.641357421875, 1725.1009521484375]
[-8.322724342346191, -783.278076171875, 1743.5322265625]
[3.311627149581909, -774.4774780273438, 1763.245361328125]
[15.312910079956055, -755.905029296875, 1778.3804931640625]
[32.64216995239258, -738.6627807617188, 1801.46826171875]
[51.164947509765625, -717.8395385742188, 1820.612548828125]
[72.81268310546875, -709.7100219726562, 1851.76318359375]
[92.86123657226562, -703.14990234375, 1874.5035400390625]
[107.40536499023438, -713.6261596679688, 1894.538818359375]
[121.13883209228516, -726.145751953125, 1916.585205078125]
[137.84524536132812, -736.250732421875, 1926.9566650390625]
[146.29774475097656, -748.4674682617188, 1944.3382568359375]
[150.8851318359375, -744.0732421875, 1943.554931640625]
[159.1343994140625, -763.73876953125, 1961.7227783203125]
[158.32012939453125, -760.5564575195312, 1962.388671875]
[159.3337860107422, -762.70703125, 1973.1004638671875]
[165.58743286132812, -767.326904296875, 1986.0870361328125]
[166.2374267578125, -763.870361328125, 1992.302978515625]
[168.3448028564453, -759.9424438476562, 2003.4857177734375]
[166.3893585205078, -760.1840209960938, 2017.3812255859375]
[171.32220458984375, -768.0706787109375, 2034.0748291015625]
[171.90663146972656, -767.6967163085938, 2051.768310546875]
[162.5972442626953, -761.9813842773438, 2065.40966796875]
[157.10580444335938, -756.7523803710938, 2079.21923828125]
[148.8439483642578, -749.4327392578125, 2094.657470703125]
[136.81600952148438, -743.0352172851562, 2110.468994140625]
[123.92585754394531, -729.01123046875, 2121.280517578125]
[123.81412506103516, -723.1406860351562, 2132.501708984375]
[116.6605453491211, -713.8904418945312, 2133.660888671875]
[117.406494140625, -719.2159423828125, 2132.274169921875]
[120.00404357910156, -725.905517578125, 2136.12939453125]
[125.87403869628906, -745.0701293945312, 2138.02099609375]
[126.24405670166016, -750.71923828125, 2138.594970703125]
[131.45217895507812, -757.6224365234375, 2144.09912109375]
[135.65972900390625, -761.5765991210938, 2143.59130859375]
[144.2211151123047, -761.6594848632812, 2149.68359375]
[152.4423370361328, -766.183349609375, 2160.175048828125]
[160.62742614746094, -763.7061767578125, 2163.03173828125]
[170.5758819580078, -764.109619140625, 2172.253173828125]
[179.31451416015625, -756.50146484375, 2185.490966796875]
[192.70347595214844, -747.01025390625, 2199.135498046875]
[207.8942413330078, -728.0322875976562, 2208.41845703125]
[218.6243896484375, -708.0628662109375, 2218.58984375]
[229.26373291015625, -698.7625122070312, 2228.50732421875]
[239.54661560058594, -701.1831665039062, 2237.17578125]
[247.14881896972656, -701.0835571289062, 2243.845947265625]
[248.13235473632812, -712.8577270507812, 2252.2451171875]
[255.1554412841797, -722.7097778320312, 2253.5791015625]
[258.7601013183594, -732.5513305664062, 2249.871337890625]
[263.81292724609375, -745.2958984375, 2245.112548828125]
[259.4759521484375, -752.350341796875, 2241.329833984375]
[257.5595703125, -750.7024536132812, 2229.449462890625]
[253.57794189453125, -750.0191650390625, 2220.6064453125]
[246.0909881591797, -738.7637329101562, 2208.447265625]
[236.69981384277344, -728.8272705078125, 2194.46826171875]
[224.20343017578125, -716.8585205078125, 2174.260498046875]
[211.15843200683594, -708.313720703125, 2156.3291015625]
[196.40789794921875, -702.5491943359375, 2136.325927734375]
[181.36575317382812, -698.010498046875, 2111.9599609375]
[166.9086151123047, -686.1470336914062, 2091.009765625]
[157.92916870117188, -675.7491455078125, 2070.348876953125]
[143.35031127929688, -665.0906372070312, 2054.004150390625]
[135.2150115966797, -658.0037841796875, 2038.43017578125]
[127.12508392333984, -653.17919921875, 2020.771728515625]
[121.80763244628906, -652.8721313476562, 2006.28564453125]
[117.69679260253906, -653.3533325195312, 1992.44921875]
[108.46708679199219, -656.2833251953125, 1978.76123046875]
[97.78437805175781, -664.5247192382812, 1957.81982421875]
[94.7457046508789, -666.8001708984375, 1941.455810546875]
[86.1872787475586, -674.8573608398438, 1920.2664794921875]
[76.82772064208984, -683.8834228515625, 1905.0765380859375]
[65.11656951904297, -690.4934692382812, 1891.038330078125]
[57.687191009521484, -694.8548583984375, 1874.7147216796875]
[49.83079528808594, -692.9207763671875, 1857.7503662109375]
[42.59223556518555, -693.813232421875, 1842.654296875]
[31.913698196411133, -686.2813110351562, 1830.202392578125]
[21.58478546142578, -675.3877563476562, 1810.1378173828125]
[14.459512710571289, -676.1878051757812, 1796.14306640625]
[7.7001471519470215, -671.9437866210938, 1782.7208251953125]
[6.462709903717041, -674.75439453125, 1774.4512939453125]
[2.441188335418701, -675.2589721679688, 1746.0181884765625]
[-2.80000638961792, -674.7557983398438, 1723.382080078125]
[-7.06487512588501, -681.3885498046875, 1704.2662353515625]
[0,0,0]
[0,0,0]
[0,0,0]
[0,0,0]
[0,0,0]
[0,0,0]
[0,0,0]
[0,0,0]
[0,0,0]
[0,0,0]
[0,0,0]
[0,0,0]
[0,0,0]
[0,0,0]
[0,0,0]
[0,0,0]
[0,0,0]
[0,0,0]
[0,0,0]
[0,0,0]
[0,0,0]
[0,0,0]
[0,0,0]
[0,0,0]
[0,0,0]
[0,0,0]
[0,0,0]
[0,0,0]
[0,0,0]
[0,0,0]
[0,0,0]
[0,0,0]
[0,0,0]
[0,0,0]
[0,0,0]
[0,0,0]
[0,0,0]
[0,0,0]
[0,0,0]
[0,0,0]
[0,0,0]
[0,0,0]
[0,0,0]
[0,0,0]
[0,0,0]
[0,0,0]
[0,0,0]
[0,0,0]
[0,0,0]
[0,0,0]
[0,0,0]
[0,0,0]
[0,0,0]
[0,0,0]
[0,0,0]
[0,0,0]
[0,0,0]
[0,0,0]
[0,0,0]
[0,0,0]
[0,0,0]
[0,0,0]
[0,0,0]
[0,0,0]
[0,0,0]
[0,0,0]
[0,0,0]
[0,0,0]
[0,0,0]
[0,0,0]
[0,0,0]
[0,0,0]
[0,0,0]
[0,0,0]
[0,0,0]
[0,0,0]
[0,0,0]
[0,0,0]
[0,0,0]
[0,0,0]
[0,0,0]
[0,0,0]
[0,0,0]
[0,0,0]
[0,0,0]
[0,0,0]
[0,0,0]
[0,0,0]
[0,0,0]
[0,0,0]
[0,0,0]
[0,0,0]
[0,0,0]
[0,0,0]
[0,0,0]
[0,0,0]
[0,0,0]
[0,0,0]
[0,0,0]
[0,0,0]
[0,0,0]
[0,0,0]
[0,0,0]
[0,0,0]
[0,0,0]
[0,0,0]
[0,0,0]
[0,0,0]
[0,0,0]
[0,0,0]
[0,0,0]
[0,0,0]
[0,0,0]
[0,0,0]
[0,0,0]
[0,0,0]
[0,0,0]
[0,0,0]
[0,0,0]
[0,0,0]
[0,0,0]
[0,0,0]
[0,0,0]
[0,0,0]
[0,0,0]
[0,0,0]
[0,0,0]
[0,0,0]
[0,0,0]
[0,0,0]
[0,0,0]
[0,0,0]
[0,0,0]
[0,0,0]
[0,0,0]
[0,0,0]
[0,0,0]
[0,0,0]
[0,0,0]
[0,0,0]
[0,0,0]
[0,0,0]
[0,0,0]
[0,0,0]
[0,0,0]
[0,0,0]
[0,0,0]
[0,0,0]
[0,0,0]
[0,0,0]
[0,0,0]
[0,0,0]
[0,0,0]
[0,0,0]
[0,0,0]
[0,0,0]
[0,0,0]
[0,0,0]
[0,0,0]
[0,0,0]
[0,0,0]
[0,0,0]
[0,0,0]
[0,0,0]
[0,0,0]
[0,0,0]
[0,0,0]
[0,0,0]
[0,0,0]
[0,0,0]
[0,0,0]
[0,0,0]
[0,0,0]
[0,0,0]
[0,0,0]
[0,0,0]
[0,0,0]
[0,0,0]
[0,0,0]
[0,0,0]
[0,0,0]
[0,0,0]
[0,0,0]
[0,0,0]
[0,0,0]
[0,0,0]
[0,0,0]
[0,0,0]
[0,0,0]
[0,0,0]
[0,0,0]
[0,0,0]
[0,0,0]
[0,0,0]
[0,0,0]
[0,0,0]
[0,0,0]
[0,0,0]
[0,0,0]
[0,0,0]
[0,0,0]
[0,0,0]
[0,0,0]
[0,0,0]
[0,0,0]
[0,0,0]
[0,0,0]
[0,0,0]
[0,0,0]
[0,0,0]
[0,0,0]
[0,0,0]
[0,0,0]
[0,0,0]
[0,0,0]
[0,0,0]
[0,0,0]
[0,0,0]
[0,0,0]
[0,0,0]
[0,0,0]
[0,0,0]
[0,0,0]
[0,0,0]
[0,0,0]
[0,0,0]
[0,0,0]
[0,0,0]
[0,0,0]
[0,0,0]
[0,0,0]
[0,0,0]
[0,0,0]
[0,0,0]
[0,0,0]
[0,0,0]
[0,0,0]
[0,0,0]
[0,0,0]
[0,0,0]
[0,0,0]
[0,0,0]
[0,0,0]
[0,0,0]
[0,0,0]
[0,0,0]
[0,0,0]
[0,0,0]
[0,0,0]
[0,0,0]
[0,0,0]
[0,0,0]
[0,0,0]
[0,0,0]
[0,0,0]
[0,0,0]
[0,0,0]
[0,0,0]
[0,0,0]
[0,0,0]
[0,0,0]
[0,0,0]
[0,0,0]
[0,0,0]
[0,0,0]
[0,0,0]
[0,0,0]
[0,0,0]
[0,0,0]
[0,0,0]
[0,0,0]
[0,0,0]
[0,0,0]
[0,0,0]
[0,0,0]
[0,0,0]
[0,0,0]
[0,0,0]
[0,0,0]
[0,0,0]
[0,0,0]
[0,0,0]
[0,0,0]
[0,0,0]
[0,0,0]
[0,0,0]
[0,0,0]
[0,0,0]
[0,0,0]
[0,0,0]
[0,0,0]
[0,0,0]
[0,0,0]
[0,0,0]
[0,0,0]
[0,0,0]
[0,0,0]
[0,0,0]
[0,0,0]
[0,0,0]
[0,0,0]
[0,0,0]
[0,0,0]
[0,0,0]
[0,0,0]
[0,0,0]
[0,0,0]
[0,0,0]
[0,0,0]
[0,0,0]
[0,0,0]
[0,0,0]
[0,0,0]
[0,0,0]
[0,0,0]
[0,0,0]
[0,0,0]
[0,0,0]
[0,0,0]
[0,0,0]
[0,0,0]
[0,0,0]
[0,0,0]
[0,0,0]
[0,0,0]
[0,0,0]
[0,0,0]
[0,0,0]
[0,0,0]
[0,0,0]
[0,0,0]
[0,0,0]
[0,0,0]
[0,0,0]
[0,0,0]
[0,0,0]
[0,0,0]
[0,0,0]
[0,0,0]
[0,0,0]
[0,0,0]
[0,0,0]
[0,0,0]
[0,0,0]
[0,0,0]
[0,0,0]
[0,0,0]
[0,0,0]
[0,0,0]
[0,0,0]
[0,0,0]
[0,0,0]
[0,0,0]
[0,0,0]
[0,0,0]
[0,0,0]
[0,0,0]
[0,0,0]
[0,0,0]
[0,0,0]
[0,0,0]
[0,0,0]
[0,0,0]
[0,0,0]
[0,0,0]
[0,0,0]
[0,0,0]
[0,0,0]
[0,0,0]
[0,0,0]
[0,0,0]
[0,0,0]
[0,0,0]
[0,0,0]
[0,0,0]
[0,0,0]
[0,0,0]
[0,0,0]
[0,0,0]
[0,0,0]
[0,0,0]
[0,0,0]
[0,0,0]
[0,0,0]
[0,0,0]
[0,0,0]
[0,0,0]
[0,0,0]
[0,0,0]
[0,0,0]
[0,0,0]
[0,0,0]
[0,0,0]
[0,0,0]
[0,0,0]
[0,0,0]
[0,0,0]
[0,0,0]
[0,0,0]
[0,0,0]
[0,0,0]
[0,0,0]
[0,0,0]
[0,0,0]
[0,0,0]
[0,0,0]
[0,0,0]
[0,0,0]
[0,0,0]
[0,0,0]
[0,0,0]
[0,0,0]
[0,0,0]
[0,0,0]
[0,0,0]
[0,0,0]
[0,0,0]
[0,0,0]
[0,0,0]
[0,0,0]
[0,0,0]
[0,0,0]
[0,0,0]
[0,0,0]
[0,0,0]
[0,0,0]
[0,0,0]
[0,0,0]
[0,0,0]
[0,0,0]
[0,0,0]
[0,0,0]
[0,0,0]
[0,0,0]
[0,0,0]
[0,0,0]
[0,0,0]
[0,0,0]
[0,0,0]
[0,0,0]
[0,0,0]
[0,0,0]
[0,0,0]
[0,0,0]
[0,0,0]
[0,0,0]
[0,0,0]
[0,0,0]
[0,0,0]
[0,0,0]
[0,0,0]
[0,0,0]
