452
30
[-13.223554611206055, -915.2647705078125, 1905.680908203125]
[-9.7567777633667, -919.8087768554688, 1906.2366943359375]
[-10.199322700500488, -920.1672973632812, 1907.14697265625]
[-8.845232963562012, -922.0618896484375, 1908.335693359375]
[-0.5797110795974731, -913.23291015625, 1895.513916015625]
[-0.40022099018096924, -913.7027587890625, 1897.3377685546875]
[0.7564183473587036, -915.3455200195312, 1902.4444580078125]
[2.204300880432129, -917.2810668945312, 1911.9730224609375]
[7.217467784881592, -911.9537353515625, 1904.563720703125]
[5.79111909866333, -914.2110595703125, 1908.860107421875]
[10.74256420135498, -906.5594482421875, 1903.4547119140625]
[16.084016799926758, -907.2674560546875, 1900.1993408203125]
[17.604604721069336, -901.3563232421875, 1893.4295654296875]
[20.52790641784668, -903.2745361328125, 1894.4049072265625]
[28.102510452270508, -898.4578857421875, 1891.8009033203125]
[27.937156677246094, -896.9259643554688, 1892.769775390625]
[28.367141723632812, -897.8636474609375, 1893.2257080078125]
[31.16197395324707, -895.9851684570312, 1891.8372802734375]
[31.66448402404785, -894.99365234375, 1892.155517578125]
[31.690780639648438, -895.974609375, 1892.0364990234375]
[31.893510818481445, -897.5774536132812, 1895.644287109375]
[33.0256233215332, -897.6503295898438, 1889.2537841796875]
[34.854774475097656, -898.8734741210938, 1892.3170166015625]
[37.299583435058594, -897.1248168945312, 1888.488037109375]
[38.033851623535156, -900.1954345703125, 1892.31103515625]
[41.283424377441406, -901.6512451171875, 1889.55078125]
[42.13692855834961, -900.6625366210938, 1892.4705810546875]
[43.45036315917969, -905.1465454101562, 1888.7919921875]
[43.58500671386719, -906.9878540039062, 1891.4207763671875]
[46.46372985839844, -907.8170776367188, 1887.783203125]
[45.387996673583984, -910.5919189453125, 1890.544921875]
[45.54663848876953, -910.833740234375, 1890.8330078125]
[46.72965621948242, -911.00634765625, 1890.833740234375]
[52.02085876464844, -909.282470703125, 1888.486083984375]
[60.99875259399414, -910.4197387695312, 1885.20703125]
[67.10269927978516, -904.2063598632812, 1876.5179443359375]
[67.76303100585938, -904.1358032226562, 1876.1368408203125]
[92.10198211669922, -896.37890625, 1866.8084716796875]
[96.23432159423828, -888.8085327148438, 1859.9351806640625]
[105.6037826538086, -880.8346557617188, 1839.48779296875]
[107.15919494628906, -875.605224609375, 1840.177001953125]
[105.941650390625, -880.10546875, 1825.0067138671875]
[105.70946502685547, -862.7758178710938, 1812.9957275390625]
[99.72882843017578, -864.1609497070312, 1803.40283203125]
[96.9738540649414, -851.6290893554688, 1797.1893310546875]
[92.19447326660156, -849.7178344726562, 1789.131591796875]
[87.11456298828125, -848.7605590820312, 1786.16015625]
[77.92225646972656, -852.092529296875, 1789.7899169921875]
[72.18184661865234, -870.5530395507812, 1784.0921630859375]
[67.57135009765625, -870.6670532226562, 1784.06103515625]
[72.62181854248047, -874.375732421875, 1772.60595703125]
[64.91870880126953, -878.8018798828125, 1776.698486328125]
[54.20304489135742, -884.0888671875, 1783.0401611328125]
[57.297122955322266, -881.2562255859375, 1783.9012451171875]
[42.31565475463867, -872.5634155273438, 1779.826416015625]
[15.793442726135254, -882.3233032226562, 1793.920654296875]
[7.309561729431152, -886.3296508789062, 1790.0634765625]
[3.4068379402160645, -895.7091674804688, 1781.385498046875]
[-0.8317087888717651, -901.988525390625, 1773.103271484375]
[-5.775848388671875, -900.4169921875, 1767.9033203125]
[-8.982583999633789, -912.8082275390625, 1768.54541015625]
[-23.91607093811035, -920.9597778320312, 1763.453125]
[-13.116430282592773, -891.7861328125, 1762.1290283203125]
[-53.47291564941406, -932.1893310546875, 1754.571533203125]
[-56.581787109375, -917.468994140625, 1753.50634765625]
[-49.4414176940918, -905.047119140625, 1749.51123046875]
[-48.162330627441406, -892.9169921875, 1757.694580078125]
[-37.675724029541016, -899.3583374023438, 1766.427978515625]
[-28.784574508666992, -903.6201171875, 1761.2579345703125]
[-22.36505126953125, -908.55615234375, 1761.005615234375]
[-9.956619262695312, -894.6233520507812, 1755.308837890625]
[-2.707425594329834, -891.6447143554688, 1753.4130859375]
[2.92811918258667, -890.1052856445312, 1751.8336181640625]
[4.4980363845825195, -896.021484375, 1757.27587890625]
[4.310664176940918, -905.8522338867188, 1762.8660888671875]
[-3.544341802597046, -910.805908203125, 1769.8128662109375]
[-14.062552452087402, -916.7069091796875, 1784.1876220703125]
[-17.714662551879883, -912.2222900390625, 1787.3251953125]
[-26.151548385620117, -908.5321655273438, 1806.19384765625]
[-21.831836700439453, -895.460205078125, 1810.8802490234375]
[-29.642366409301758, -881.6270141601562, 1822.265869140625]
[-31.494014739990234, -868.0758056640625, 1840.8804931640625]
[-33.640560150146484, -850.946533203125, 1903.634521484375]
[-24.862369537353516, -829.9559326171875, 1855.962646484375]
[-26.620349884033203, -824.515625, 1866.1378173828125]
[-36.433807373046875, -817.3361206054688, 1882.7120361328125]
[-31.097448348999023, -801.0950927734375, 1879.21630859375]
[-42.5131950378418, -798.8330078125, 1893.0260009765625]
[-45.316349029541016, -798.5662841796875, 1905.1287841796875]
[-50.55244827270508, -796.986328125, 1899.0682373046875]
[-62.867305755615234, -794.1944580078125, 1853.3544921875]
[-60.54363250732422, -805.448974609375, 1865.6153564453125]
[-71.33174133300781, -812.45654296875, 1836.83349609375]
[-69.87493896484375, -826.2660522460938, 1826.2137451171875]
[-65.63392639160156, -849.1626586914062, 1830.2427978515625]
[-55.857906341552734, -864.017578125, 1845.91748046875]
[-52.613792419433594, -864.0473022460938, 1833.7779541015625]
[-37.740108489990234, -860.7925415039062, 1837.6632080078125]
[-19.1019287109375, -851.3713989257812, 1850.39013671875]
[-22.88125228881836, -815.7239990234375, 1830.8043212890625]
[-0.7567517757415771, -773.3619384765625, 1814.318359375]
[6.527645587921143, -789.1939697265625, 1835.1373291015625]
[19.74407958984375, -752.9804077148438, 1828.982177734375]
[32.77249526977539, -763.8250732421875, 1834.9482421875]
[41.26829528808594, -772.23828125, 1837.443603515625]
[70.39273071289062, -768.0228881835938, 1828.1256103515625]
[74.84856414794922, -768.653076171875, 1822.0009765625]
[104.00314331054688, -782.7435913085938, 1831.72705078125]
[101.01554107666016, -779.0082397460938, 1820.2249755859375]
[144.1681365966797, -815.6576538085938, 1865.9998779296875]
[133.8852081298828, -808.1005859375, 1871.899169921875]
[132.85113525390625, -799.2271728515625, 1880.84326171875]
[120.5611801147461, -781.2055053710938, 1851.31103515625]
[128.74009704589844, -770.6488647460938, 1851.6640625]
[117.63435363769531, -754.3988647460938, 1887.6640625]
[118.34501647949219, -759.9193725585938, 1893.330322265625]
[133.7457733154297, -749.5488891601562, 1893.63427734375]
[144.40396118164062, -796.6293334960938, 1932.19091796875]
[123.06700897216797, -801.191650390625, 1911.4833984375]
[118.58721160888672, -811.4765625, 1895.2294921875]
[119.64366149902344, -831.5906982421875, 1888.623779296875]
[127.65404510498047, -826.3632202148438, 1864.3692626953125]
[107.9466781616211, -857.549560546875, 1831.895751953125]
[104.18496704101562, -879.6539306640625, 1811.6591796875]
[103.86264038085938, -871.41455078125, 1782.4193115234375]
[98.37604522705078, -887.5970458984375, 1756.0081787109375]
[98.64372253417969, -901.7296142578125, 1735.08203125]
[97.97135162353516, -885.8682250976562, 1702.3184814453125]
[97.64893341064453, -876.68115234375, 1688.963623046875]
[95.02295684814453, -866.04052734375, 1670.7904052734375]
[95.36144256591797, -864.5440063476562, 1674.065673828125]
[88.31759643554688, -853.2796630859375, 1665.95703125]
[80.87117767333984, -840.2385864257812, 1648.0560302734375]
[67.63617706298828, -831.075927734375, 1637.32568359375]
[58.755767822265625, -830.8358764648438, 1625.3905029296875]
[51.98295211791992, -837.7879638671875, 1617.115478515625]
[42.40554428100586, -852.8369140625, 1620.12744140625]
[37.68098449707031, -866.4589233398438, 1616.475341796875]
[37.044837951660156, -884.7462768554688, 1612.7333984375]
[30.84928321838379, -894.9210205078125, 1615.9586181640625]
[32.29046630859375, -893.8085327148438, 1622.57470703125]
[36.58617401123047, -879.5516967773438, 1632.2335205078125]
[42.870582580566406, -867.3594970703125, 1646.7564697265625]
[44.78045654296875, -845.7736206054688, 1665.1947021484375]
[40.079795837402344, -833.1212158203125, 1684.4066162109375]
[32.637611389160156, -825.934814453125, 1693.9500732421875]
[18.65740394592285, -819.5038452148438, 1706.378173828125]
[3.4948372840881348, -830.1033935546875, 1712.5999755859375]
[-11.521831512451172, -835.2621459960938, 1704.25244140625]
[-17.493370056152344, -850.0418090820312, 1693.870361328125]
[-25.288366317749023, -866.5548095703125, 1688.2120361328125]
[-5.531127452850342, -869.158203125, 1664.4736328125]
[-41.09375762939453, -896.797119140625, 1670.110595703125]
[-52.71739959716797, -902.0527954101562, 1656.275634765625]
[-56.06499099731445, -906.1008911132812, 1625.4559326171875]
[-77.49967193603516, -908.9579467773438, 1615.1131591796875]
[-92.16433715820312, -909.0526123046875, 1610.1878662109375]
[-108.1191177368164, -907.0897216796875, 1600.8291015625]
[-78.80543518066406, -895.1787719726562, 1582.9195556640625]
[-106.56088256835938, -873.6673583984375, 1575.177978515625]
[-107.56158447265625, -868.4368896484375, 1562.6710205078125]
[-107.52372741699219, -852.1234741210938, 1547.825439453125]
[-112.53123474121094, -839.9454345703125, 1536.3922119140625]
[-109.20501708984375, -828.4971923828125, 1521.3443603515625]
[-123.84093475341797, -817.3961181640625, 1518.751953125]
[-128.39309692382812, -825.7640380859375, 1511.10107421875]
[-135.62400817871094, -842.1769409179688, 1505.0362548828125]
[-148.44967651367188, -861.1316528320312, 1500.4749755859375]
[-155.01519775390625, -869.7401733398438, 1485.44970703125]
[-164.87298583984375, -885.6361083984375, 1476.75830078125]
[-174.80592346191406, -908.97998046875, 1472.86279296875]
[-170.3972625732422, -894.251708984375, 1449.7501220703125]
[-159.0232696533203, -873.871337890625, 1434.818115234375]
[-186.8138885498047, -870.6517333984375, 1440.07958984375]
[-190.56272888183594, -857.6548461914062, 1431.171142578125]
[-191.04226684570312, -856.68212890625, 1423.7891845703125]
[-195.83877563476562, -853.180908203125, 1415.9395751953125]
[-199.35406494140625, -843.04541015625, 1402.175537109375]
[-205.12620544433594, -838.9827880859375, 1399.9771728515625]
[-204.8124237060547, -840.2141723632812, 1391.39794921875]
[-204.30929565429688, -837.2130126953125, 1389.3895263671875]
[-204.28553771972656, -836.63916015625, 1389.4716796875]
[-210.1422119140625, -837.2874145507812, 1387.988037109375]
[-207.6133575439453, -838.45068359375, 1389.4984130859375]
[-205.35455322265625, -843.9266967773438, 1400.8790283203125]
[-209.4600372314453, -853.2412109375, 1414.4459228515625]
[-209.62890625, -862.860595703125, 1422.8616943359375]
[-214.41754150390625, -873.64794921875, 1441.1162109375]
[-226.8772735595703, -877.0897216796875, 1460.32666015625]
[-227.99722290039062, -873.9684448242188, 1474.271484375]
[-227.66856384277344, -874.9069213867188, 1493.3245849609375]
[-223.52552795410156, -882.9183349609375, 1506.50048828125]
[-214.96469116210938, -896.8421020507812, 1521.730224609375]
[-204.03651428222656, -894.4782104492188, 1531.458984375]
[-201.65374755859375, -890.7567749023438, 1545.9359130859375]
[-185.1435546875, -879.4925537109375, 1545.0994873046875]
[-167.66873168945312, -865.1527099609375, 1540.948974609375]
[-159.1555938720703, -873.3471069335938, 1552.2822265625]
[-151.14434814453125, -874.2549438476562, 1556.0577392578125]
[-142.76036071777344, -888.23095703125, 1571.698486328125]
[-139.0333251953125, -895.9310302734375, 1584.574462890625]
[-131.48731994628906, -908.9918823242188, 1599.6322021484375]
[-124.84514617919922, -922.9196166992188, 1619.6754150390625]
[-113.00056457519531, -930.28173828125, 1643.7757568359375]
[-101.48048400878906, -931.8397827148438, 1659.6282958984375]
[-85.07518768310547, -923.841796875, 1674.676025390625]
[-65.2795639038086, -918.6303100585938, 1692.6304931640625]
[-52.5806884765625, -916.5167846679688, 1714.91748046875]
[-46.34090042114258, -902.5003051757812, 1742.756103515625]
[-39.75309753417969, -893.5873413085938, 1766.3551025390625]
[-43.994049072265625, -882.078857421875, 1797.025634765625]
[-27.871109008789062, -857.106689453125, 1807.7740478515625]
[-20.177881240844727, -844.0054931640625, 1820.519287109375]
[-17.72425651550293, -854.0224609375, 1840.6824951171875]
[-12.330078125, -874.2261352539062, 1856.14111328125]
[13.552650451660156, -894.9918212890625, 1847.59619140625]
[34.76041793823242, -908.4744873046875, 1852.1923828125]
[48.277042388916016, -936.02880859375, 1861.9425048828125]
[69.54410552978516, -933.6218872070312, 1867.1767578125]
[57.089271545410156, -941.8989868164062, 1887.7158203125]
[52.75099182128906, -937.314697265625, 1912.754150390625]
[83.6946029663086, -915.5028076171875, 1912.912109375]
[76.80485534667969, -913.53564453125, 1944.7418212890625]
[112.53414154052734, -891.5586547851562, 1931.9871826171875]
[118.06808471679688, -868.4304809570312, 1944.0078125]
[101.29557800292969, -858.5384521484375, 1973.216064453125]
[107.42286682128906, -863.697509765625, 1980.662353515625]
[97.12642669677734, -865.9786376953125, 1998.55859375]
[129.38084411621094, -880.44775390625, 1984.2869873046875]
[123.40119171142578, -897.099365234375, 1990.0438232421875]
[99.68087005615234, -920.0088500976562, 2014.3787841796875]
[95.3937759399414, -940.408203125, 2022.439697265625]
[81.09583282470703, -970.2886962890625, 2035.316650390625]
[72.77099609375, -987.7322387695312, 2035.9857177734375]
[80.64972686767578, -1007.7238159179688, 2036.745361328125]
[77.74418640136719, -1015.3094482421875, 2031.20068359375]
[71.74344635009766, -1015.0582885742188, 2035.695556640625]
[67.67061614990234, -1000.900146484375, 2034.228271484375]
[58.729522705078125, -972.112060546875, 2029.04052734375]
[59.16990280151367, -945.2288208007812, 2030.841064453125]
[58.0142822265625, -922.011962890625, 2018.3863525390625]
[64.5055923461914, -890.7877197265625, 1984.8221435546875]
[64.50254821777344, -865.3455200195312, 1962.71630859375]
[55.39435577392578, -839.0452880859375, 1943.3243408203125]
[51.10103988647461, -811.888916015625, 1931.77392578125]
[50.7360725402832, -790.9940185546875, 1919.379150390625]
[55.2484245300293, -758.58740234375, 1907.7711181640625]
[64.13024139404297, -717.6136474609375, 1890.4444580078125]
[34.49114990234375, -689.2081909179688, 1909.7335205078125]
[58.162925720214844, -638.9282836914062, 1884.48779296875]
[58.21199417114258, -595.3328247070312, 1870.26513671875]
[72.2943115234375, -579.7957153320312, 1871.0228271484375]
[72.37297058105469, -550.5760498046875, 1868.4154052734375]
[72.14405822753906, -528.0260009765625, 1866.52880859375]
[68.75790405273438, -512.907958984375, 1871.365478515625]
[67.5140609741211, -507.2648010253906, 1875.0211181640625]
[62.160888671875, -517.0576782226562, 1880.5352783203125]
[63.6321907043457, -525.6533813476562, 1885.6798095703125]
[69.32686614990234, -541.1586303710938, 1877.376220703125]
[59.39039611816406, -561.021728515625, 1890.048583984375]
[68.07968139648438, -590.0834350585938, 1883.3809814453125]
[77.85469818115234, -623.0899658203125, 1887.7537841796875]
[64.0484390258789, -675.5828857421875, 1898.6773681640625]
[65.05630493164062, -735.918701171875, 1913.6033935546875]
[80.59555053710938, -793.2662963867188, 1918.871337890625]
[94.60973358154297, -844.7888793945312, 1916.716796875]
[104.84814453125, -908.8831787109375, 1919.1456298828125]
[127.26065826416016, -954.504638671875, 1909.5697021484375]
[120.2125244140625, -991.7130126953125, 1904.3514404296875]
[124.34711456298828, -1016.2621459960938, 1910.627685546875]
[117.38700103759766, -1027.2711181640625, 1921.303955078125]
[123.23088836669922, -1028.9613037109375, 1913.8060302734375]
[114.2770004272461, -1032.31787109375, 1922.457275390625]
[125.62911224365234, -1015.5818481445312, 1917.2889404296875]
[126.77606964111328, -990.7686157226562, 1928.96044921875]
[121.89161682128906, -964.3098754882812, 1927.188720703125]
[115.6520004272461, -942.6551513671875, 1941.8548583984375]
[117.25289916992188, -912.08203125, 1946.35400390625]
[117.9300765991211, -892.0608520507812, 1937.81591796875]
[117.71813201904297, -871.2793579101562, 1933.9429931640625]
[117.29216003417969, -862.7277221679688, 1932.1405029296875]
[118.02045440673828, -861.3704223632812, 1919.618896484375]
[113.52991485595703, -861.482421875, 1903.0732421875]
[107.81179809570312, -858.5317993164062, 1881.654052734375]
[95.42412567138672, -864.1268310546875, 1855.6180419921875]
[90.39474487304688, -874.2561645507812, 1830.6732177734375]
[81.13407135009766, -883.849609375, 1799.8597412109375]
[78.5682144165039, -876.9679565429688, 1771.5174560546875]
[73.0970458984375, -876.1283569335938, 1752.86865234375]
[67.726806640625, -872.9314575195312, 1735.5162353515625]
[70.69244384765625, -863.8424072265625, 1709.826416015625]
[78.06088256835938, -864.9605712890625, 1690.6785888671875]
[83.52923583984375, -856.2754516601562, 1669.8565673828125]
[89.4511489868164, -851.1752319335938, 1648.852294921875]
[83.22016143798828, -849.0701293945312, 1637.5838623046875]
[91.7143783569336, -845.2490234375, 1620.0506591796875]
[82.73776245117188, -848.3087768554688, 1607.281005859375]
[73.3937759399414, -855.9440307617188, 1599.3511962890625]
[82.73860168457031, -864.3157348632812, 1594.1461181640625]
[81.54981994628906, -860.4573974609375, 1570.660400390625]
[87.48603057861328, -854.7332763671875, 1535.8736572265625]
[82.05776977539062, -852.3855590820312, 1511.870849609375]
[87.62698364257812, -840.80419921875, 1487.08544921875]
[84.01939392089844, -837.5714721679688, 1459.7091064453125]
[80.12771606445312, -846.8628540039062, 1447.6300048828125]
[87.47970581054688, -841.8494262695312, 1423.043701171875]
[95.28334045410156, -828.42578125, 1393.01025390625]
[98.01178741455078, -819.3167724609375, 1367.577392578125]
[98.4376449584961, -823.4285278320312, 1353.5264892578125]
[94.6392593383789, -825.7654418945312, 1337.483154296875]
[91.00296783447266, -840.706298828125, 1334.4072265625]
[85.18326568603516, -851.424072265625, 1330.272705078125]
[82.26319122314453, -854.2578125, 1321.01025390625]
[73.52047729492188, -871.3442993164062, 1319.1175537109375]
[53.13919448852539, -886.378173828125, 1329.1893310546875]
[54.01627731323242, -897.7681884765625, 1332.861328125]
[49.882266998291016, -901.3446655273438, 1340.156494140625]
[51.062644958496094, -903.3028564453125, 1348.0213623046875]
[52.51306915283203, -905.9710083007812, 1353.4918212890625]
[56.67066955566406, -907.271728515625, 1355.4105224609375]
[55.800697326660156, -907.7708129882812, 1355.4720458984375]
[55.04179000854492, -908.2201538085938, 1355.7901611328125]
[48.15774154663086, -905.1204833984375, 1365.9642333984375]
[57.147972106933594, -883.365234375, 1344.496826171875]
[28.991985321044922, -869.23681640625, 1364.320556640625]
[12.676724433898926, -861.7885131835938, 1390.60302734375]
[0.37208759784698486, -842.1245727539062, 1397.55810546875]
[-18.64983558654785, -836.7073364257812, 1409.4981689453125]
[-35.2371711730957, -829.7639770507812, 1414.8240966796875]
[-53.84035110473633, -840.5353393554688, 1430.3553466796875]
[-65.771728515625, -859.13818359375, 1436.3701171875]
[-81.65047454833984, -889.2166748046875, 1446.6922607421875]
[-90.4028091430664, -897.7777709960938, 1448.628173828125]
[-110.70323944091797, -905.1692504882812, 1453.9073486328125]
[-119.19648742675781, -899.8792724609375, 1461.235107421875]
[-132.06820678710938, -904.0963745117188, 1495.4393310546875]
[-132.2870330810547, -877.62109375, 1503.0826416015625]
[-137.86907958984375, -861.185546875, 1503.6038818359375]
[-146.2064971923828, -838.2943115234375, 1531.4112548828125]
[-146.58807373046875, -835.1875, 1542.370849609375]
[-145.07200622558594, -834.3118896484375, 1577.819580078125]
[-160.87155151367188, -827.51953125, 1580.0382080078125]
[-147.65005493164062, -832.6902465820312, 1598.4896240234375]
[-134.4640350341797, -828.6010131835938, 1608.1737060546875]
[-116.47676849365234, -836.1351928710938, 1596.1922607421875]
[-99.19294738769531, -849.9818725585938, 1597.196533203125]
[-96.72977447509766, -848.3755493164062, 1587.9830322265625]
[-72.74407958984375, -862.5546875, 1589.312744140625]
[-51.12994384765625, -866.2701416015625, 1587.16748046875]
[-37.89059829711914, -868.455078125, 1572.6151123046875]
[-39.503780364990234, -861.3433837890625, 1576.318359375]
[-28.158939361572266, -862.6798095703125, 1573.7039794921875]
[-24.201099395751953, -864.3118286132812, 1590.335205078125]
[-17.86228370666504, -874.4508056640625, 1594.8408203125]
[-12.580223083496094, -874.0466918945312, 1592.041015625]
[-4.921626091003418, -879.3031616210938, 1577.6351318359375]
[0.7358901500701904, -883.2415161132812, 1581.8773193359375]
[8.177053451538086, -878.9754638671875, 1559.636962890625]
[-3.6351122856140137, -864.33447265625, 1559.312744140625]
[22.67626953125, -868.931884765625, 1574.0396728515625]
[35.68619155883789, -864.6629638671875, 1579.1383056640625]
[46.83449935913086, -868.1509399414062, 1579.3958740234375]
[47.154296875, -879.9232788085938, 1578.8807373046875]
[47.63973617553711, -895.5726318359375, 1577.9600830078125]
[54.58362579345703, -913.9786987304688, 1574.5853271484375]
[53.815616607666016, -930.7964477539062, 1574.6585693359375]
[57.867794036865234, -942.7932739257812, 1576.3177490234375]
[56.51018142700195, -954.271728515625, 1587.119140625]
[54.37733840942383, -951.0576782226562, 1590.941162109375]
[51.09895706176758, -946.3460693359375, 1596.15478515625]
[40.98240661621094, -935.3629760742188, 1605.3209228515625]
[26.690916061401367, -929.8885498046875, 1621.836669921875]
[25.414583206176758, -927.8543090820312, 1645.4847412109375]
[35.44166946411133, -909.8580322265625, 1667.4398193359375]
[37.63125991821289, -892.7533569335938, 1690.629150390625]
[44.51025390625, -879.2227783203125, 1725.1663818359375]
[43.21864700317383, -869.6708984375, 1755.5560302734375]
[53.11032485961914, -886.7434692382812, 1780.4730224609375]
[58.87957000732422, -894.413330078125, 1803.141845703125]
[68.68824768066406, -898.2156982421875, 1811.615234375]
[73.90716552734375, -911.9131469726562, 1832.55322265625]
[79.26525115966797, -922.397705078125, 1845.9708251953125]
[81.5600357055664, -933.0202026367188, 1860.3280029296875]
[81.78799438476562, -943.1375732421875, 1870.3983154296875]
[89.80786895751953, -942.372314453125, 1872.5621337890625]
[95.40513610839844, -936.1295776367188, 1877.156494140625]
[98.05004119873047, -937.433349609375, 1884.68896484375]
[111.2073974609375, -938.8388061523438, 1892.32666015625]
[107.77967834472656, -942.3170776367188, 1906.98876953125]
[108.1338882446289, -932.9354248046875, 1910.133544921875]
[92.3379898071289, -928.3014526367188, 1937.112060546875]
[100.8541259765625, -928.8294677734375, 1941.978515625]
[87.05931854248047, -918.4182739257812, 1956.0125732421875]
[87.31571960449219, -912.0776977539062, 1966.734130859375]
[66.96540069580078, -895.0219116210938, 1978.3189697265625]
[55.81563949584961, -880.0804443359375, 1985.2188720703125]
[56.0793342590332, -857.3347778320312, 1988.172607421875]
[53.21503448486328, -851.7698364257812, 1984.1260986328125]
[48.54395294189453, -851.3094482421875, 1979.2554931640625]
[47.403587341308594, -862.55078125, 1986.0323486328125]
[45.07102966308594, -868.316162109375, 1986.850341796875]
[45.84470748901367, -877.9818115234375, 1985.423828125]
[46.895687103271484, -888.548583984375, 1993.9874267578125]
[53.00899887084961, -895.350341796875, 1991.4068603515625]
[54.44321060180664, -898.3042602539062, 2003.7686767578125]
[60.83439254760742, -904.4083251953125, 2016.2413330078125]
[65.67668914794922, -903.7929077148438, 2022.583740234375]
[74.16714477539062, -903.9224853515625, 2036.619873046875]
[84.07942962646484, -897.9200439453125, 2049.530517578125]
[97.53108978271484, -886.055419921875, 2065.88671875]
[112.50704956054688, -869.5797119140625, 2078.161376953125]
[125.70707702636719, -848.977783203125, 2084.898193359375]
[132.55885314941406, -840.4884643554688, 2101.861328125]
[141.36474609375, -834.7902221679688, 2108.08056640625]
[150.70326232910156, -833.4871826171875, 2117.9091796875]
[162.4405975341797, -838.29443359375, 2110.915283203125]
[175.15516662597656, -847.9860229492188, 2107.053466796875]
[180.26129150390625, -856.1099853515625, 2101.078857421875]
[178.44300842285156, -864.9847412109375, 2100.038818359375]
[180.11041259765625, -869.044677734375, 2092.657958984375]
[178.68588256835938, -868.7388916015625, 2086.085693359375]
[173.92071533203125, -864.1965942382812, 2076.258544921875]
[167.08470153808594, -864.6163940429688, 2066.82373046875]
[162.65670776367188, -855.535888671875, 2047.9871826171875]
[159.8019561767578, -844.0261840820312, 2020.5557861328125]
[146.97567749023438, -834.3155517578125, 1998.2100830078125]
[128.46075439453125, -825.641845703125, 1978.5440673828125]
[114.63734436035156, -813.0861206054688, 1947.87255859375]
[94.434326171875, -796.25439453125, 1925.4510498046875]
[80.21162414550781, -774.6472778320312, 1902.1544189453125]
[77.21114349365234, -748.0653686523438, 1874.6776123046875]
[68.1180419921875, -739.2014770507812, 1859.168701171875]
[64.86656188964844, -733.1257934570312, 1841.072265625]
[63.047245025634766, -737.2628784179688, 1826.6766357421875]
[63.097476959228516, -741.047119140625, 1813.187744140625]
[59.12287521362305, -749.9879760742188, 1800.7838134765625]
[59.492244720458984, -758.5250854492188, 1776.2833251953125]
[61.390838623046875, -770.0518188476562, 1762.875]
[61.166015625, -784.0584716796875, 1741.488525390625]
[62.34165954589844, -793.4110107421875, 1725.898193359375]
[83.67620086669922, -806.6625366210938, 1712.260498046875]
[77.1171646118164, -811.1743774414062, 1698.9969482421875]
[60.007774353027344, -810.1890869140625, 1686.3621826171875]
[57.03742980957031, -810.8602294921875, 1670.2410888671875]
[51.0598258972168, -807.7371826171875, 1661.316162109375]
[50.68824005126953, -804.2470703125, 1647.145263671875]
[47.36716079711914, -798.78759765625, 1633.7423095703125]
[52.5311279296875, -796.3943481445312, 1625.745849609375]
[60.09347152709961, -801.0359497070312, 1619.0916748046875]
[55.86438751220703, -810.1004638671875, 1599.003173828125]
[61.13131332397461, -815.5700073242188, 1587.0732421875]
[61.68299102783203, -826.329833984375, 1574.406494140625]
[0,0,0]
[0,0,0]
[0,0,0]
[0,0,0]
[0,0,0]
[0,0,0]
[0,0,0]
[0,0,0]
[0,0,0]
[0,0,0]
[0,0,0]
[0,0,0]
[0,0,0]
[0,0,0]
[0,0,0]
[0,0,0]
[0,0,0]
[0,0,0]
[0,0,0]
[0,0,0]
[0,0,0]
[0,0,0]
[0,0,0]
[0,0,0]
[0,0,0]
[0,0,0]
[0,0,0]
[0,0,0]
[0,0,0]
[0,0,0]
[0,0,0]
[0,0,0]
[0,0,0]
[0,0,0]
[0,0,0]
[0,0,0]
[0,0,0]
[0,0,0]
[0,0,0]
[0,0,0]
[0,0,0]
[0,0,0]
[0,0,0]
[0,0,0]
[0,0,0]
[0,0,0]
[0,0,0]
[0,0,0]
[0,0,0]
[0,0,0]
[0,0,0]
[0,0,0]
[0,0,0]
[0,0,0]
[0,0,0]
[0,0,0]
[0,0,0]
[0,0,0]
[0,0,0]
[0,0,0]
[0,0,0]
[0,0,0]
[0,0,0]
[0,0,0]
[0,0,0]
[0,0,0]
[0,0,0]
[0,0,0]
[0,0,0]
[0,0,0]
[0,0,0]
[0,0,0]
[0,0,0]
[0,0,0]
[0,0,0]
[0,0,0]
[0,0,0]
[0,0,0]
[0,0,0]
[0,0,0]
[0,0,0]
[0,0,0]
[0,0,0]
[0,0,0]
[0,0,0]
[0,0,0]
[0,0,0]
[0,0,0]
[0,0,0]
[0,0,0]
[0,0,0]
[0,0,0]
[0,0,0]
[0,0,0]
[0,0,0]
[0,0,0]
[0,0,0]
[0,0,0]
[0,0,0]
[0,0,0]
[0,0,0]
[0,0,0]
[0,0,0]
[0,0,0]
[0,0,0]
[0,0,0]
[0,0,0]
[0,0,0]
[0,0,0]
[0,0,0]
[0,0,0]
[0,0,0]
[0,0,0]
[0,0,0]
[0,0,0]
[0,0,0]
[0,0,0]
[0,0,0]
[0,0,0]
[0,0,0]
[0,0,0]
[0,0,0]
[0,0,0]
[0,0,0]
[0,0,0]
[0,0,0]
[0,0,0]
[0,0,0]
[0,0,0]
[0,0,0]
[0,0,0]
[0,0,0]
[0,0,0]
[0,0,0]
[0,0,0]
[0,0,0]
[0,0,0]
[0,0,0]
[0,0,0]
[0,0,0]
[0,0,0]
[0,0,0]
[0,0,0]
[0,0,0]
[0,0,0]
[0,0,0]
[0,0,0]
[0,0,0]
[0,0,0]
[0,0,0]
[0,0,0]
[0,0,0]
[0,0,0]
[0,0,0]
[0,0,0]
[0,0,0]
[0,0,0]
[0,0,0]
[0,0,0]
[0,0,0]
[0,0,0]
[0,0,0]
[0,0,0]
[0,0,0]
[0,0,0]
[0,0,0]
[0,0,0]
[0,0,0]
[0,0,0]
[0,0,0]
[0,0,0]
[0,0,0]
[0,0,0]
[0,0,0]
[0,0,0]
[0,0,0]
[0,0,0]
[0,0,0]
[0,0,0]
[0,0,0]
[0,0,0]
[0,0,0]
[0,0,0]
[0,0,0]
[0,0,0]
[0,0,0]
[0,0,0]
[0,0,0]
[0,0,0]
[0,0,0]
[0,0,0]
[0,0,0]
[0,0,0]
[0,0,0]
[0,0,0]
[0,0,0]
[0,0,0]
[0,0,0]
[0,0,0]
[0,0,0]
[0,0,0]
[0,0,0]
[0,0,0]
[0,0,0]
[0,0,0]
[0,0,0]
[0,0,0]
[0,0,0]
[0,0,0]
[0,0,0]
[0,0,0]
[0,0,0]
[0,0,0]
[0,0,0]
[0,0,0]
[0,0,0]
[0,0,0]
[0,0,0]
[0,0,0]
[0,0,0]
[0,0,0]
[0,0,0]
[0,0,0]
[0,0,0]
[0,0,0]
[0,0,0]
[0,0,0]
[0,0,0]
[0,0,0]
[0,0,0]
[0,0,0]
[0,0,0]
[0,0,0]
[0,0,0]
[0,0,0]
[0,0,0]
[0,0,0]
[0,0,0]
[0,0,0]
[0,0,0]
[0,0,0]
[0,0,0]
[0,0,0]
[0,0,0]
[0,0,0]
[0,0,0]
[0,0,0]
[0,0,0]
[0,0,0]
[0,0,0]
[0,0,0]
[0,0,0]
[0,0,0]
[0,0,0]
[0,0,0]
[0,0,0]
[0,0,0]
[0,0,0]
[0,0,0]
[0,0,0]
[0,0,0]
[0,0,0]
[0,0,0]
[0,0,0]
[0,0,0]
[0,0,0]
[0,0,0]
[0,0,0]
[0,0,0]
[0,0,0]
[0,0,0]
[0,0,0]
[0,0,0]
[0,0,0]
[0,0,0]
[0,0,0]
[0,0,0]
[0,0,0]
[0,0,0]
[0,0,0]
[0,0,0]
[0,0,0]
[0,0,0]
[0,0,0]
[0,0,0]
[0,0,0]
[0,0,0]
[0,0,0]
[0,0,0]
[0,0,0]
[0,0,0]
[0,0,0]
[0,0,0]
[0,0,0]
[0,0,0]
[0,0,0]
[0,0,0]
[0,0,0]
[0,0,0]
[0,0,0]
[0,0,0]
[0,0,0]
[0,0,0]
[0,0,0]
[0,0,0]
[0,0,0]
[0,0,0]
[0,0,0]
[0,0,0]
[0,0,0]
[0,0,0]
[0,0,0]
[0,0,0]
[0,0,0]
[0,0,0]
[0,0,0]
[0,0,0]
[0,0,0]
[0,0,0]
[0,0,0]
[0,0,0]
[0,0,0]
[0,0,0]
[0,0,0]
[0,0,0]
[0,0,0]
[0,0,0]
[0,0,0]
[0,0,0]
[0,0,0]
[0,0,0]
[0,0,0]
[0,0,0]
[0,0,0]
[0,0,0]
[0,0,0]
[0,0,0]
[0,0,0]
[0,0,0]
[0,0,0]
[0,0,0]
[0,0,0]
[0,0,0]
[0,0,0]
[0,0,0]
[0,0,0]
[0,0,0]
[0,0,0]
[0,0,0]
[0,0,0]
[0,0,0]
[0,0,0]
[0,0,0]
[0,0,0]
[0,0,0]
[0,0,0]
[0,0,0]
[0,0,0]
[0,0,0]
[0,0,0]
[0,0,0]
[0,0,0]
[0,0,0]
[0,0,0]
[0,0,0]
[0,0,0]
[0,0,0]
[0,0,0]
[0,0,0]
[0,0,0]
[0,0,0]
[0,0,0]
[0,0,0]
[0,0,0]
[0,0,0]
[0,0,0]
[0,0,0]
[0,0,0]
[0,0,0]
[0,0,0]
[0,0,0]
[0,0,0]
[0,0,0]
[0,0,0]
[0,0,0]
[0,0,0]
[0,0,0]
[0,0,0]
[0,0,0]
[0,0,0]
[0,0,0]
[0,0,0]
[0,0,0]
[0,0,0]
[0,0,0]
[0,0,0]
[0,0,0]
[0,0,0]
[0,0,0]
[0,0,0]
[0,0,0]
[0,0,0]
[0,0,0]
[0,0,0]
[0,0,0]
[0,0,0]
[0,0,0]
[0,0,0]
[0,0,0]
[0,0,0]
[0,0,0]
[0,0,0]
[0,0,0]
[0,0,0]
[0,0,0]
[0,0,0]
[0,0,0]
[0,0,0]
[0,0,0]
[0,0,0]
[0,0,0]
[0,0,0]
[0,0,0]
[0,0,0]
[0,0,0]
[0,0,0]
[0,0,0]
[0,0,0]
[0,0,0]
[0,0,0]
[0,0,0]
[0,0,0]
[0,0,0]
[0,0,0]
[0,0,0]
[0,0,0]
[0,0,0]
[0,0,0]
[0,0,0]
[0,0,0]
[0,0,0]
[0,0,0]
[0,0,0]
[0,0,0]
[0,0,0]
[0,0,0]
[0,0,0]
[0,0,0]
[0,0,0]
[0,0,0]
[0,0,0]
[0,0,0]
