452
12
[-13.22355461,1715.26477051,905.6809082]
[-9.75677776,1719.80877686,906.23669434]
[-10.1993227,1720.16729736,907.14697266]
[-8.84523296,1722.06188965,908.33569336]
[-5.79711080e-01,1.71323291e+03,8.95513916e+02]
[-4.00220990e-01,1.71370276e+03,8.97337769e+02]
[7.56418347e-01,1.71534552e+03,9.02444458e+02]
[2.20430088,1717.28106689,911.97302246]
[7.21746778,1711.95373535,904.5637207]
[5.7911191,1714.21105957,908.86010742]
[10.7425642,1706.55944824,903.45471191]
[16.0840168,1707.26745605,900.19934082]
[17.60460472,1701.35632324,893.42956543]
[20.52790642,1703.27453613,894.40490723]
[28.10251045,1698.45788574,891.80090332]
[27.93715668,1696.92596436,892.76977539]
[28.36714172,1697.86364746,893.22570801]
[31.16197395,1695.98516846,891.83728027]
[31.66448402,1694.99365234,892.15551758]
[31.69078064,1695.97460938,892.03649902]
[31.89351082,1697.57745361,895.64428711]
[33.02562332,1697.65032959,889.25378418]
[34.85477448,1698.87347412,892.3170166]
[37.29958344,1697.12481689,888.48803711]
[38.03385162,1700.19543457,892.31103516]
[41.28342438,1701.65124512,889.55078125]
[42.13692856,1700.66253662,892.47058105]
[43.45036316,1705.14654541,888.79199219]
[43.58500671,1706.987854,891.42077637]
[46.46372986,1707.81707764,887.78320312]
[45.38799667,1710.59191895,890.54492188]
[45.54663849,1710.83374023,890.83300781]
[46.72965622,1711.00634766,890.83374023]
[52.02085876,1709.2824707,888.48608398]
[60.99875259,1710.41973877,885.20703125]
[67.10269928,1704.20635986,876.51794434]
[67.76303101,1704.13580322,876.13684082]
[92.10198212,1696.37890625,866.80847168]
[96.23432159,1688.80853271,859.93518066]
[105.60378265,1680.83465576,839.48779297]
[107.15919495,1675.60522461,840.17700195]
[105.94165039,1680.10546875,825.00671387]
[105.70946503,1662.77581787,812.99572754]
[99.72882843,1664.16094971,803.40283203]
[96.97385406,1651.62908936,797.18933105]
[92.19447327,1649.71783447,789.1315918]
[87.11456299,1648.76055908,786.16015625]
[77.92225647,1652.0925293,789.78991699]
[72.18184662,1670.55303955,784.09216309]
[67.5713501,1670.66705322,784.06103516]
[72.62181854,1674.37573242,772.60595703]
[64.9187088,1678.80187988,776.69848633]
[54.20304489,1684.08886719,783.04016113]
[57.29712296,1681.25622559,783.90124512]
[42.31565475,1672.56341553,779.82641602]
[15.79344273,1682.32330322,793.9206543]
[7.30956173,1686.32965088,790.06347656]
[3.40683794,1695.70916748,781.38549805]
[-8.31708789e-01,1.70198853e+03,7.73103271e+02]
[-5.77584839,1700.41699219,767.90332031]
[-8.982584,1712.80822754,768.54541016]
[-23.91607094,1720.95977783,763.453125]
[-13.11643028,1691.78613281,762.12902832]
[-53.47291565,1732.18933105,754.5715332]
[-56.58178711,1717.46899414,753.50634766]
[-49.44141769,1705.04711914,749.51123047]
[-48.16233063,1692.91699219,757.69458008]
[-37.67572403,1699.3583374,766.42797852]
[-28.78457451,1703.62011719,761.25793457]
[-22.36505127,1708.55615234,761.00561523]
[-9.95661926,1694.62335205,755.30883789]
[-2.70742559,1691.64471436,753.41308594]
[2.92811918,1690.10528564,751.83361816]
[4.49803638,1696.02148438,757.27587891]
[4.31066418,1705.85223389,762.86608887]
[-3.5443418,1710.8059082,769.81286621]
[-14.06255245,1716.70690918,784.18762207]
[-17.71466255,1712.22229004,787.32519531]
[-26.15154839,1708.53216553,806.19384766]
[-21.8318367,1695.46020508,810.88024902]
[-29.64236641,1681.62701416,822.26586914]
[-31.49401474,1668.07580566,840.88049316]
[-33.64056015,1650.9465332,903.63452148]
[-24.86236954,1629.95593262,855.96264648]
[-26.62034988,1624.515625,866.13781738]
[-36.43380737,1617.33612061,882.71203613]
[-31.09744835,1601.09509277,879.21630859]
[-42.51319504,1598.83300781,893.02600098]
[-45.31634903,1598.56628418,905.12878418]
[-50.55244827,1596.98632812,899.0682373]
[-62.86730576,1594.19445801,853.35449219]
[-60.54363251,1605.44897461,865.61535645]
[-71.33174133,1612.45654297,836.83349609]
[-69.87493896,1626.26605225,826.21374512]
[-65.63392639,1649.16265869,830.24279785]
[-55.85790634,1664.01757812,845.91748047]
[-52.61379242,1664.04730225,833.7779541]
[-37.74010849,1660.7925415,837.66320801]
[-19.10192871,1651.37139893,850.39013672]
[-22.88125229,1615.72399902,830.80432129]
[-7.56751776e-01,1.57336194e+03,8.14318359e+02]
[6.52764559,1589.19396973,835.1373291]
[19.74407959,1552.98040771,828.98217773]
[32.77249527,1563.82507324,834.94824219]
[41.26829529,1572.23828125,837.44360352]
[70.39273071,1568.02288818,828.12561035]
[74.84856415,1568.65307617,822.00097656]
[104.00314331,1582.74359131,831.72705078]
[101.01554108,1579.00823975,820.22497559]
[144.1681366,1615.65765381,865.99987793]
[133.88520813,1608.10058594,871.89916992]
[132.85113525,1599.22717285,880.84326172]
[120.56118011,1581.20550537,851.31103516]
[128.74009705,1570.64886475,851.6640625]
[117.63435364,1554.39886475,887.6640625]
[118.34501648,1559.91937256,893.33032227]
[133.74577332,1549.54888916,893.63427734]
[144.40396118,1596.6293335,932.19091797]
[123.06700897,1601.19165039,911.48339844]
[118.58721161,1611.4765625,895.22949219]
[119.6436615,1631.59069824,888.6237793]
[127.6540451,1626.36322021,864.3692627]
[107.94667816,1657.54956055,831.89575195]
[104.18496704,1679.65393066,811.65917969]
[103.86264038,1671.41455078,782.41931152]
[98.37604523,1687.5970459,756.00817871]
[98.64372253,1701.72961426,735.08203125]
[97.97135162,1685.8682251,702.31848145]
[97.64893341,1676.68115234,688.96362305]
[95.02295685,1666.04052734,670.79040527]
[95.36144257,1664.54400635,674.06567383]
[88.31759644,1653.27966309,665.95703125]
[80.87117767,1640.23858643,648.05603027]
[67.63617706,1631.07592773,637.32568359]
[58.75576782,1630.83587646,625.39050293]
[51.98295212,1637.78796387,617.11547852]
[42.40554428,1652.83691406,620.12744141]
[37.6809845,1666.45892334,616.4753418]
[37.04483795,1684.74627686,612.73339844]
[30.84928322,1694.92102051,615.95861816]
[32.29046631,1693.80853271,622.57470703]
[36.58617401,1679.55169678,632.23352051]
[42.87058258,1667.35949707,646.75646973]
[44.78045654,1645.77362061,665.19470215]
[40.07979584,1633.12121582,684.40661621]
[32.63761139,1625.93481445,693.95007324]
[18.65740395,1619.50384521,706.37817383]
[3.49483728,1630.10339355,712.59997559]
[-11.52183151,1635.262146,704.25244141]
[-17.49337006,1650.04180908,693.87036133]
[-25.28836632,1666.55480957,688.21203613]
[-5.53112745,1669.15820312,664.47363281]
[-41.09375763,1696.79711914,670.1105957]
[-52.7173996,1702.05279541,656.27563477]
[-56.064991,1706.10089111,625.45593262]
[-77.49967194,1708.95794678,615.11315918]
[-92.16433716,1709.0526123,610.18786621]
[-108.11911774,1707.08972168,600.82910156]
[-78.80543518,1695.17877197,582.91955566]
[-106.56088257,1673.6673584,575.17797852]
[-107.56158447,1668.43688965,562.67102051]
[-107.52372742,1652.12347412,547.82543945]
[-112.53123474,1639.94543457,536.39221191]
[-109.20501709,1628.49719238,521.34436035]
[-123.84093475,1617.39611816,518.75195312]
[-128.39309692,1625.76403809,511.10107422]
[-135.62400818,1642.17694092,505.03625488]
[-148.44967651,1661.13165283,500.47497559]
[-155.01519775,1669.74017334,485.44970703]
[-164.87298584,1685.6361084,476.75830078]
[-174.80592346,1708.97998047,472.86279297]
[-170.39726257,1694.25170898,449.75012207]
[-159.02326965,1673.87133789,434.81811523]
[-186.81388855,1670.6517334,440.07958984]
[-190.56272888,1657.65484619,431.17114258]
[-191.04226685,1656.68212891,423.78918457]
[-195.83877563,1653.1809082,415.9395752]
[-199.35406494,1643.04541016,402.17553711]
[-205.12620544,1638.98278809,399.97717285]
[-204.81242371,1640.21417236,391.39794922]
[-204.30929565,1637.2130127,389.38952637]
[-204.28553772,1636.63916016,389.47167969]
[-210.14221191,1637.28741455,387.98803711]
[-207.61335754,1638.45068359,389.49841309]
[-205.35455322,1643.92669678,400.87902832]
[-209.46003723,1653.24121094,414.44592285]
[-209.62890625,1662.8605957,422.86169434]
[-214.4175415,1673.64794922,441.11621094]
[-226.87727356,1677.08972168,460.32666016]
[-227.9972229,1673.96844482,474.27148438]
[-227.66856384,1674.90692139,493.32458496]
[-223.52552795,1682.91833496,506.50048828]
[-214.96469116,1696.84210205,521.73022461]
[-204.03651428,1694.47821045,531.45898438]
[-201.65374756,1690.7567749,545.93591309]
[-185.14355469,1679.49255371,545.0994873]
[-167.66873169,1665.15270996,540.94897461]
[-159.15559387,1673.34710693,552.28222656]
[-151.14434814,1674.25494385,556.05773926]
[-142.76036072,1688.23095703,571.69848633]
[-139.0333252,1695.93103027,584.57446289]
[-131.48731995,1708.99188232,599.63220215]
[-124.84514618,1722.9196167,619.67541504]
[-113.00056458,1730.28173828,643.77575684]
[-101.48048401,1731.83978271,659.6282959]
[-85.07518768,1723.84179688,674.67602539]
[-65.2795639,1718.63031006,692.63049316]
[-52.58068848,1716.51678467,714.91748047]
[-46.34090042,1702.50030518,742.75610352]
[-39.75309753,1693.58734131,766.35510254]
[-43.99404907,1682.07885742,797.02563477]
[-27.87110901,1657.10668945,807.77404785]
[-20.17788124,1644.00549316,820.51928711]
[-17.72425652,1654.02246094,840.68249512]
[-12.33007812,1674.22613525,856.14111328]
[13.55265045,1694.99182129,847.59619141]
[34.76041794,1708.4744873,852.19238281]
[48.27704239,1736.02880859,861.94250488]
[69.54410553,1733.62188721,867.17675781]
[57.08927155,1741.89898682,887.71582031]
[52.75099182,1737.31469727,912.75415039]
[83.69460297,1715.50280762,912.91210938]
[76.80485535,1713.53564453,944.74182129]
[112.53414154,1691.55865479,931.98718262]
[118.06808472,1668.43048096,944.0078125]
[101.295578,1658.53845215,973.21606445]
[107.42286682,1663.69750977,980.66235352]
[97.1264267,1665.9786377,998.55859375]
[129.38084412,1680.44775391,984.2869873]
[123.40119171,1697.09936523,990.04382324]
[99.68087006,1720.0088501,1014.37878418]
[95.39377594,1740.40820312,1022.43969727]
[81.09583282,1770.28869629,1035.31665039]
[72.77099609,1787.73223877,1035.98571777]
[80.64972687,1807.72381592,1036.74536133]
[77.7441864,1815.30944824,1031.20068359]
[71.74344635,1815.05828857,1035.69555664]
[67.67061615,1800.90014648,1034.22827148]
[58.72952271,1772.11206055,1029.04052734]
[59.1699028,1745.2288208,1030.84106445]
[58.01428223,1722.01196289,1018.38635254]
[64.50559235,1690.78771973,984.82214355]
[64.50254822,1665.34552002,962.71630859]
[55.39435577,1639.04528809,943.32434082]
[51.10103989,1611.88891602,931.77392578]
[50.73607254,1590.99401855,919.37915039]
[55.24842453,1558.58740234,907.77111816]
[64.13024139,1517.61364746,890.44445801]
[34.4911499,1489.20819092,909.73352051]
[58.16292572,1438.92828369,884.48779297]
[58.21199417,1395.33282471,870.26513672]
[72.29431152,1379.79571533,871.02282715]
[72.37297058,1350.5760498,868.41540527]
[72.14405823,1328.02600098,866.52880859]
[68.75790405,1312.90795898,871.36547852]
[67.51406097,1307.26480103,875.02111816]
[62.16088867,1317.05767822,880.53527832]
[63.6321907,1325.65338135,885.67980957]
[69.32686615,1341.15863037,877.3762207]
[59.39039612,1361.02172852,890.04858398]
[68.0796814,1390.08343506,883.38098145]
[77.85469818,1423.08996582,887.75378418]
[64.04843903,1475.58288574,898.67736816]
[65.05630493,1535.91870117,913.60339355]
[80.59555054,1593.26629639,918.87133789]
[94.60973358,1644.78887939,916.71679688]
[104.84814453,1708.88317871,919.14562988]
[127.26065826,1754.50463867,909.56970215]
[120.21252441,1791.7130127,904.35144043]
[124.34711456,1816.262146,910.62768555]
[117.38700104,1827.27111816,921.30395508]
[123.23088837,1828.96130371,913.80603027]
[114.27700043,1832.31787109,922.45727539]
[125.62911224,1815.58184814,917.28894043]
[126.77606964,1790.76861572,928.96044922]
[121.89161682,1764.30987549,927.1887207]
[115.65200043,1742.65515137,941.8548584]
[117.25289917,1712.08203125,946.35400391]
[117.9300766,1692.06085205,937.81591797]
[117.71813202,1671.27935791,933.94299316]
[117.29216003,1662.72772217,932.14050293]
[118.02045441,1661.37042236,919.61889648]
[113.52991486,1661.48242188,903.07324219]
[107.8117981,1658.53179932,881.65405273]
[95.42412567,1664.12683105,855.61804199]
[90.39474487,1674.25616455,830.67321777]
[81.13407135,1683.84960938,799.85974121]
[78.56821442,1676.96795654,771.51745605]
[73.0970459,1676.12835693,752.86865234]
[67.72680664,1672.93145752,735.51623535]
[70.69244385,1663.84240723,709.82641602]
[78.06088257,1664.96057129,690.67858887]
[83.52923584,1656.27545166,669.85656738]
[89.45114899,1651.17523193,648.85229492]
[83.22016144,1649.07012939,637.5838623]
[91.71437836,1645.24902344,620.05065918]
[82.73776245,1648.30877686,607.28100586]
[73.39377594,1655.94403076,599.35119629]
[82.73860168,1664.31573486,594.14611816]
[81.54981995,1660.45739746,570.66040039]
[87.48603058,1654.73327637,535.87365723]
[82.05776978,1652.38555908,511.87084961]
[87.62698364,1640.80419922,487.08544922]
[84.01939392,1637.57147217,459.70910645]
[80.12771606,1646.862854,447.63000488]
[87.47970581,1641.84942627,423.04370117]
[95.28334045,1628.42578125,393.01025391]
[98.01178741,1619.31677246,367.57739258]
[98.43764496,1623.42852783,353.52648926]
[94.63925934,1625.76544189,337.4831543]
[91.00296783,1640.70629883,334.40722656]
[85.18326569,1651.42407227,330.27270508]
[82.26319122,1654.2578125,321.01025391]
[73.52047729,1671.34429932,319.11755371]
[53.13919449,1686.37817383,329.18933105]
[54.01627731,1697.76818848,332.86132812]
[49.882267,1701.34466553,340.15649414]
[51.06264496,1703.30285645,348.0213623]
[52.51306915,1705.9710083,353.49182129]
[56.67066956,1707.27172852,355.41052246]
[55.80069733,1707.77081299,355.4720459]
[55.04179001,1708.22015381,355.79016113]
[48.15774155,1705.1204834,365.9642334]
[57.14797211,1683.36523438,344.49682617]
[28.99198532,1669.23681641,364.32055664]
[12.67672443,1661.78851318,390.60302734]
[3.72087598e-01,1.64212457e+03,3.97558105e+02]
[-18.64983559,1636.70733643,409.49816895]
[-35.23717117,1629.76397705,414.82409668]
[-53.8403511,1640.53533936,430.35534668]
[-65.77172852,1659.13818359,436.37011719]
[-81.65047455,1689.2166748,446.69226074]
[-90.40280914,1697.777771,448.62817383]
[-110.70323944,1705.16925049,453.90734863]
[-119.19648743,1699.87927246,461.23510742]
[-132.06820679,1704.09637451,495.43933105]
[-132.28703308,1677.62109375,503.0826416]
[-137.86907959,1661.18554688,503.60388184]
[-146.20649719,1638.29431152,531.41125488]
[-146.58807373,1635.1875,542.37084961]
[-145.07200623,1634.31188965,577.81958008]
[-160.87155151,1627.51953125,580.03820801]
[-147.65005493,1632.69024658,598.48962402]
[-134.46403503,1628.60101318,608.17370605]
[-116.47676849,1636.13519287,596.19226074]
[-99.19294739,1649.98187256,597.1965332]
[-96.72977448,1648.37554932,587.98303223]
[-72.74407959,1662.5546875,589.31274414]
[-51.12994385,1666.2701416,587.16748047]
[-37.8905983,1668.45507812,572.6151123]
[-39.50378036,1661.34338379,576.31835938]
[-28.15893936,1662.67980957,573.70397949]
[-24.2010994,1664.31182861,590.33520508]
[-17.86228371,1674.45080566,594.84082031]
[-12.58022308,1674.04669189,592.04101562]
[-4.92162609,1679.30316162,577.63513184]
[7.35890150e-01,1.68324152e+03,5.81877319e+02]
[8.17705345,1678.97546387,559.63696289]
[-3.63511229,1664.33447266,559.31274414]
[22.67626953,1668.93188477,574.03967285]
[35.68619156,1664.66296387,579.13830566]
[46.83449936,1668.15093994,579.39587402]
[47.15429688,1679.92327881,578.8807373]
[47.63973618,1695.57263184,577.96008301]
[54.58362579,1713.97869873,574.58532715]
[53.81561661,1730.79644775,574.65856934]
[57.86779404,1742.79327393,576.31774902]
[56.51018143,1754.27172852,587.11914062]
[54.37733841,1751.05767822,590.94116211]
[51.09895706,1746.34606934,596.15478516]
[40.98240662,1735.36297607,605.32092285]
[26.69091606,1729.8885498,621.83666992]
[25.41458321,1727.85430908,645.48474121]
[35.44166946,1709.85803223,667.43981934]
[37.63125992,1692.75335693,690.62915039]
[44.51025391,1679.22277832,725.16638184]
[43.218647,1669.67089844,755.55603027]
[53.11032486,1686.74346924,780.47302246]
[58.87957001,1694.41333008,803.1418457]
[68.68824768,1698.21569824,811.61523438]
[73.90716553,1711.91314697,832.55322266]
[79.26525116,1722.39770508,845.9708252]
[81.56003571,1733.02020264,860.32800293]
[81.78799438,1743.13757324,870.39831543]
[89.80786896,1742.37231445,872.56213379]
[95.40513611,1736.12957764,877.15649414]
[98.0500412,1737.43334961,884.68896484]
[111.20739746,1738.83880615,892.32666016]
[107.77967834,1742.31707764,906.98876953]
[108.13388824,1732.9354248,910.13354492]
[92.33798981,1728.30145264,937.11206055]
[100.85412598,1728.82946777,941.97851562]
[87.05931854,1718.41827393,956.01257324]
[87.3157196,1712.07769775,966.73413086]
[66.9654007,1695.02191162,978.31896973]
[55.8156395,1680.08044434,985.21887207]
[56.07933426,1657.33477783,988.17260742]
[53.21503448,1651.76983643,984.12609863]
[48.54395294,1651.30944824,979.25549316]
[47.40358734,1662.55078125,986.03234863]
[45.07102966,1668.31616211,986.8503418]
[45.84470749,1677.98181152,985.42382812]
[46.8956871,1688.54858398,993.98742676]
[53.00899887,1695.3503418,991.40686035]
[54.4432106,1698.30426025,1003.76867676]
[60.83439255,1704.4083252,1016.24133301]
[65.67668915,1703.79290771,1022.58374023]
[74.16714478,1703.92248535,1036.61987305]
[84.07942963,1697.92004395,1049.53051758]
[97.53108978,1686.05541992,1065.88671875]
[112.50704956,1669.57971191,1078.16137695]
[125.70707703,1648.9777832,1084.89819336]
[132.55885315,1640.48846436,1101.86132812]
[141.36474609,1634.79022217,1108.08056641]
[150.70326233,1633.48718262,1117.90917969]
[162.44059753,1638.29443359,1110.9152832]
[175.15516663,1647.98602295,1107.0534668]
[180.2612915,1656.10998535,1101.07885742]
[178.44300842,1664.98474121,1100.03881836]
[180.1104126,1669.04467773,1092.65795898]
[178.68588257,1668.7388916,1086.08569336]
[173.92071533,1664.19659424,1076.25854492]
[167.08470154,1664.61639404,1066.82373047]
[162.65670776,1655.53588867,1047.98718262]
[159.80195618,1644.02618408,1020.55578613]
[146.97567749,1634.31555176,998.21008301]
[128.46075439,1625.6418457,978.54406738]
[114.63734436,1613.08612061,947.87255859]
[94.43432617,1596.25439453,925.4510498]
[80.21162415,1574.64727783,902.15441895]
[77.21114349,1548.06536865,874.6776123]
[68.11804199,1539.20147705,859.16870117]
[64.86656189,1533.12579346,841.07226562]
[63.04724503,1537.26287842,826.67663574]
[63.09747696,1541.04711914,813.18774414]
[59.12287521,1549.98797607,800.78381348]
[59.49224472,1558.52508545,776.2833252]
[61.39083862,1570.05181885,762.875]
[61.16601562,1584.05847168,741.48852539]
[62.34165955,1593.41101074,725.89819336]
[83.67620087,1606.66253662,712.26049805]
[77.11716461,1611.17437744,698.99694824]
[60.00777435,1610.18908691,686.36218262]
[57.03742981,1610.86022949,670.24108887]
[51.0598259,1607.73718262,661.31616211]
[50.68824005,1604.24707031,647.14526367]
[47.3671608,1598.78759766,633.74230957]
[52.53112793,1596.39434814,625.74584961]
[60.09347153,1601.03594971,619.0916748]
[55.86438751,1610.10046387,599.00317383]
[61.13131332,1615.57000732,587.07324219]
[61.68299103,1626.32983398,574.40649414]
[0,0,0]
[0,0,0]
[0,0,0]
[0,0,0]
[0,0,0]
[0,0,0]
[0,0,0]
[0,0,0]
[0,0,0]
[0,0,0]
[0,0,0]
[0,0,0]
[0,0,0]
[0,0,0]
[0,0,0]
[0,0,0]
[0,0,0]
[0,0,0]
[0,0,0]
[0,0,0]
[0,0,0]
[0,0,0]
[0,0,0]
[0,0,0]
[0,0,0]
[0,0,0]
[0,0,0]
[0,0,0]
[0,0,0]
[0,0,0]
[0,0,0]
[0,0,0]
[0,0,0]
[0,0,0]
[0,0,0]
[0,0,0]
[0,0,0]
[0,0,0]
[0,0,0]
[0,0,0]
[0,0,0]
[0,0,0]
[0,0,0]
[0,0,0]
[0,0,0]
[0,0,0]
[0,0,0]
[0,0,0]
[0,0,0]
[0,0,0]
[0,0,0]
[0,0,0]
[0,0,0]
[0,0,0]
[0,0,0]
[0,0,0]
[0,0,0]
[0,0,0]
[0,0,0]
[0,0,0]
[0,0,0]
[0,0,0]
[0,0,0]
[0,0,0]
[0,0,0]
[0,0,0]
[0,0,0]
[0,0,0]
[0,0,0]
[0,0,0]
[0,0,0]
[0,0,0]
[0,0,0]
[0,0,0]
[0,0,0]
[0,0,0]
[0,0,0]
[0,0,0]
[0,0,0]
[0,0,0]
[0,0,0]
[0,0,0]
[0,0,0]
[0,0,0]
[0,0,0]
[0,0,0]
[0,0,0]
[0,0,0]
[0,0,0]
[0,0,0]
[0,0,0]
[0,0,0]
[0,0,0]
[0,0,0]
[0,0,0]
[0,0,0]
[0,0,0]
[0,0,0]
[0,0,0]
[0,0,0]
[0,0,0]
[0,0,0]
[0,0,0]
[0,0,0]
[0,0,0]
[0,0,0]
[0,0,0]
[0,0,0]
[0,0,0]
[0,0,0]
[0,0,0]
[0,0,0]
[0,0,0]
[0,0,0]
[0,0,0]
[0,0,0]
[0,0,0]
[0,0,0]
[0,0,0]
[0,0,0]
[0,0,0]
[0,0,0]
[0,0,0]
[0,0,0]
[0,0,0]
[0,0,0]
[0,0,0]
[0,0,0]
[0,0,0]
[0,0,0]
[0,0,0]
[0,0,0]
[0,0,0]
[0,0,0]
[0,0,0]
[0,0,0]
[0,0,0]
[0,0,0]
[0,0,0]
[0,0,0]
[0,0,0]
[0,0,0]
[0,0,0]
[0,0,0]
[0,0,0]
[0,0,0]
[0,0,0]
[0,0,0]
[0,0,0]
[0,0,0]
[0,0,0]
[0,0,0]
[0,0,0]
[0,0,0]
[0,0,0]
[0,0,0]
[0,0,0]
[0,0,0]
[0,0,0]
[0,0,0]
[0,0,0]
[0,0,0]
[0,0,0]
[0,0,0]
[0,0,0]
[0,0,0]
[0,0,0]
[0,0,0]
[0,0,0]
[0,0,0]
[0,0,0]
[0,0,0]
[0,0,0]
[0,0,0]
[0,0,0]
[0,0,0]
[0,0,0]
[0,0,0]
[0,0,0]
[0,0,0]
[0,0,0]
[0,0,0]
[0,0,0]
[0,0,0]
[0,0,0]
[0,0,0]
[0,0,0]
[0,0,0]
[0,0,0]
[0,0,0]
[0,0,0]
[0,0,0]
[0,0,0]
[0,0,0]
[0,0,0]
[0,0,0]
[0,0,0]
[0,0,0]
[0,0,0]
[0,0,0]
[0,0,0]
[0,0,0]
[0,0,0]
[0,0,0]
[0,0,0]
[0,0,0]
[0,0,0]
[0,0,0]
[0,0,0]
[0,0,0]
[0,0,0]
[0,0,0]
[0,0,0]
[0,0,0]
[0,0,0]
[0,0,0]
[0,0,0]
[0,0,0]
[0,0,0]
[0,0,0]
[0,0,0]
[0,0,0]
[0,0,0]
[0,0,0]
[0,0,0]
[0,0,0]
[0,0,0]
[0,0,0]
[0,0,0]
[0,0,0]
[0,0,0]
[0,0,0]
[0,0,0]
[0,0,0]
[0,0,0]
[0,0,0]
[0,0,0]
[0,0,0]
[0,0,0]
[0,0,0]
[0,0,0]
[0,0,0]
[0,0,0]
[0,0,0]
[0,0,0]
[0,0,0]
[0,0,0]
[0,0,0]
[0,0,0]
[0,0,0]
[0,0,0]
[0,0,0]
[0,0,0]
[0,0,0]
[0,0,0]
[0,0,0]
[0,0,0]
[0,0,0]
[0,0,0]
[0,0,0]
[0,0,0]
[0,0,0]
[0,0,0]
[0,0,0]
[0,0,0]
[0,0,0]
[0,0,0]
[0,0,0]
[0,0,0]
[0,0,0]
[0,0,0]
[0,0,0]
[0,0,0]
[0,0,0]
[0,0,0]
[0,0,0]
[0,0,0]
[0,0,0]
[0,0,0]
[0,0,0]
[0,0,0]
[0,0,0]
[0,0,0]
[0,0,0]
[0,0,0]
[0,0,0]
[0,0,0]
[0,0,0]
[0,0,0]
[0,0,0]
[0,0,0]
[0,0,0]
[0,0,0]
[0,0,0]
[0,0,0]
[0,0,0]
[0,0,0]
[0,0,0]
[0,0,0]
[0,0,0]
[0,0,0]
[0,0,0]
[0,0,0]
[0,0,0]
[0,0,0]
[0,0,0]
[0,0,0]
[0,0,0]
[0,0,0]
[0,0,0]
[0,0,0]
[0,0,0]
[0,0,0]
[0,0,0]
[0,0,0]
[0,0,0]
[0,0,0]
[0,0,0]
[0,0,0]
[0,0,0]
[0,0,0]
[0,0,0]
[0,0,0]
[0,0,0]
[0,0,0]
[0,0,0]
[0,0,0]
[0,0,0]
[0,0,0]
[0,0,0]
[0,0,0]
[0,0,0]
[0,0,0]
[0,0,0]
[0,0,0]
[0,0,0]
[0,0,0]
[0,0,0]
[0,0,0]
[0,0,0]
[0,0,0]
[0,0,0]
[0,0,0]
[0,0,0]
[0,0,0]
[0,0,0]
[0,0,0]
[0,0,0]
[0,0,0]
[0,0,0]
[0,0,0]
[0,0,0]
[0,0,0]
[0,0,0]
[0,0,0]
[0,0,0]
[0,0,0]
[0,0,0]
[0,0,0]
[0,0,0]
[0,0,0]
[0,0,0]
[0,0,0]
[0,0,0]
[0,0,0]
[0,0,0]
[0,0,0]
[0,0,0]
[0,0,0]
[0,0,0]
[0,0,0]
[0,0,0]
[0,0,0]
[0,0,0]
[0,0,0]
[0,0,0]
[0,0,0]
[0,0,0]
[0,0,0]
[0,0,0]
[0,0,0]
[0,0,0]
[0,0,0]
[0,0,0]
[0,0,0]
[0,0,0]
[0,0,0]
[0,0,0]
[0,0,0]
[0,0,0]
[0,0,0]
[0,0,0]
[0,0,0]
[0,0,0]
[0,0,0]
[0,0,0]
[0,0,0]
[0,0,0]
[0,0,0]
[0,0,0]
[0,0,0]
[0,0,0]
[0,0,0]
[0,0,0]
[0,0,0]
[0,0,0]
[0,0,0]
[0,0,0]
[0,0,0]
[0,0,0]
[0,0,0]
[0,0,0]
[0,0,0]
[0,0,0]
[0,0,0]
[0,0,0]
[0,0,0]
[0,0,0]
[0,0,0]
[0,0,0]
[0,0,0]
[0,0,0]
[0,0,0]
[0,0,0]
[0,0,0]
[0,0,0]
[0,0,0]
[0,0,0]
[0,0,0]
[0,0,0]
[0,0,0]
[0,0,0]
[0,0,0]
[0,0,0]
[0,0,0]
[0,0,0]
[0,0,0]
[0,0,0]
[0,0,0]
[0,0,0]
[0,0,0]
[0,0,0]
[0,0,0]
[0,0,0]
[0,0,0]
[0,0,0]
[0,0,0]
[0,0,0]
[0,0,0]
[0,0,0]
[0,0,0]
[0,0,0]
