452
30
[-37.236778259277344, -900.3779296875, 2039.1767578125]
[-30.15203857421875, -905.49072265625, 2040.8980712890625]
[-28.175439834594727, -903.1705322265625, 2041.86962890625]
[-24.310678482055664, -906.367431640625, 2043.5338134765625]
[-25.11873435974121, -899.1625366210938, 2029.6705322265625]
[-26.89162254333496, -899.3759765625, 2031.107421875]
[-15.506699562072754, -905.519775390625, 2038.2640380859375]
[-15.917248725891113, -903.7593994140625, 2048.12890625]
[-7.837246894836426, -911.6841430664062, 2041.6953125]
[-1.8247663974761963, -911.0390625, 2046.4205322265625]
[-0.04819408059120178, -909.9447021484375, 2040.728759765625]
[3.8922839164733887, -910.3674926757812, 2037.5731201171875]
[0.18139556050300598, -905.6821899414062, 2030.150634765625]
[2.3035295009613037, -905.616455078125, 2031.1875]
[7.584311008453369, -899.6390991210938, 2028.4766845703125]
[9.312363624572754, -904.5451049804688, 2029.61279296875]
[10.421479225158691, -907.4458618164062, 2030.1573486328125]
[10.286530494689941, -902.449951171875, 2028.2725830078125]
[11.27043342590332, -902.176513671875, 2028.616455078125]
[15.700336456298828, -901.2132568359375, 2028.7978515625]
[19.340206146240234, -901.7600708007812, 2032.8240966796875]
[17.896875381469727, -901.3748779296875, 2025.93212890625]
[19.80851936340332, -899.5716552734375, 2028.898193359375]
[19.799396514892578, -898.6365356445312, 2024.9974365234375]
[24.0007266998291, -902.450439453125, 2029.2578125]
[25.7170352935791, -901.4212646484375, 2026.4012451171875]
[30.351638793945312, -901.2681884765625, 2029.336181640625]
[31.520254135131836, -897.5440673828125, 2025.4281005859375]
[35.968605041503906, -895.36669921875, 2027.8292236328125]
[33.73542022705078, -896.3098754882812, 2024.0283203125]
[34.991058349609375, -896.8554077148438, 2026.8056640625]
[35.22471618652344, -896.9083251953125, 2027.078369140625]
[36.13003921508789, -897.1915283203125, 2027.049560546875]
[42.42985153198242, -892.9347534179688, 2024.758544921875]
[44.05628967285156, -895.04638671875, 2021.452392578125]
[52.02567672729492, -891.2366943359375, 2012.4234619140625]
[52.34726333618164, -891.476318359375, 2012.031494140625]
[65.18323516845703, -899.094970703125, 2002.0181884765625]
[74.7490463256836, -894.6248168945312, 1994.8594970703125]
[74.5179672241211, -892.4420776367188, 1972.578125]
[90.05843353271484, -895.580322265625, 1974.153564453125]
[86.11122131347656, -906.6983642578125, 1958.4617919921875]
[86.44813537597656, -906.39794921875, 1941.91552734375]
[77.83135986328125, -905.08447265625, 1932.2696533203125]
[71.2220230102539, -901.9818115234375, 1921.8907470703125]
[62.544837951660156, -896.9395141601562, 1913.8695068359375]
[54.51340103149414, -896.07470703125, 1910.80810546875]
[47.568912506103516, -896.6187133789062, 1915.68310546875]
[37.659584045410156, -904.504150390625, 1912.9605712890625]
[26.77464485168457, -897.41455078125, 1911.8133544921875]
[13.844001770019531, -892.4736938476562, 1894.660888671875]
[-0.08487887680530548, -886.8314819335938, 1896.3253173828125]
[-7.977301120758057, -876.808349609375, 1904.629150390625]
[-19.556045532226562, -869.3639526367188, 1895.1376953125]
[-32.95270538330078, -865.9362182617188, 1891.8936767578125]
[-42.884498596191406, -870.3733520507812, 1915.4114990234375]
[-58.41708755493164, -874.3770751953125, 1907.3416748046875]
[-70.74982452392578, -885.6632690429688, 1894.5679931640625]
[-82.08082580566406, -888.8330078125, 1879.8251953125]
[-96.154541015625, -901.5824584960938, 1869.2020263671875]
[-103.27833557128906, -910.7007446289062, 1867.0819091796875]
[-117.05154418945312, -918.6089477539062, 1864.1492919921875]
[-118.5287857055664, -918.8001098632812, 1846.953369140625]
[-128.9449920654297, -923.3709106445312, 1869.4332275390625]
[-126.83460235595703, -890.7192993164062, 1866.3236083984375]
[-116.66437530517578, -884.0497436523438, 1864.6033935546875]
[-116.39900970458984, -870.7362670898438, 1872.3824462890625]
[-87.05187225341797, -890.5509033203125, 1891.8804931640625]
[-73.98564147949219, -883.1635131835938, 1888.1414794921875]
[-64.53215789794922, -892.3882446289062, 1890.591552734375]
[-52.44388961791992, -875.000732421875, 1884.9429931640625]
[-42.184391021728516, -864.0887451171875, 1882.033203125]
[-29.858787536621094, -869.6768188476562, 1884.29833984375]
[-20.56135368347168, -874.6073608398438, 1891.760986328125]
[-4.127312660217285, -882.828125, 1900.0252685546875]
[7.202736854553223, -886.1817626953125, 1906.2342529296875]
[16.97305679321289, -889.0725708007812, 1917.5472412109375]
[13.400771141052246, -883.9207763671875, 1919.767333984375]
[16.311586380004883, -873.0525512695312, 1934.24658203125]
[20.956398010253906, -849.8779907226562, 1933.934814453125]
[18.781877517700195, -845.876953125, 1947.368896484375]
[26.895648956298828, -835.0427856445312, 1960.211181640625]
[75.04668426513672, -838.0415649414062, 1985.8046875]
[39.56907272338867, -811.8980712890625, 1974.000244140625]
[36.01156997680664, -845.099609375, 1991.394775390625]
[45.459495544433594, -823.442626953125, 1995.24267578125]
[37.976139068603516, -819.518798828125, 1998.4302978515625]
[45.63766098022461, -801.1369018554688, 1997.9432373046875]
[62.13810348510742, -797.125732421875, 1989.1029052734375]
[58.18756866455078, -808.0261840820312, 1981.7301025390625]
[28.081663131713867, -782.6080322265625, 1953.683349609375]
[32.572513580322266, -816.6094970703125, 1966.471435546875]
[12.591414451599121, -823.0109252929688, 1946.8243408203125]
[23.698768615722656, -832.0283203125, 1928.6197509765625]
[29.689029693603516, -866.553466796875, 1930.733642578125]
[49.78224563598633, -892.7562255859375, 1934.405029296875]
[53.41816711425781, -887.7473754882812, 1922.0584716796875]
[75.5886001586914, -883.9830322265625, 1915.737060546875]
[105.5530014038086, -874.81787109375, 1905.0272216796875]
[98.6682357788086, -842.690673828125, 1891.0560302734375]
[129.7742462158203, -790.2896728515625, 1851.94775390625]
[140.82923889160156, -801.6727905273438, 1855.8736572265625]
[155.81683349609375, -771.7884521484375, 1832.6995849609375]
[165.87924194335938, -799.0980224609375, 1834.9810791015625]
[173.84268188476562, -811.141357421875, 1838.236572265625]
[202.80894470214844, -807.6295776367188, 1821.00830078125]
[205.28797912597656, -818.0277099609375, 1817.78515625]
[233.9515380859375, -828.9896240234375, 1803.2220458984375]
[232.6805419921875, -826.4122314453125, 1804.6181640625]
[263.12396240234375, -858.4749145507812, 1801.5277099609375]
[258.50543212890625, -853.4622192382812, 1822.905517578125]
[260.08221435546875, -833.7332763671875, 1835.455078125]
[251.2508087158203, -817.4959716796875, 1826.520263671875]
[259.2314147949219, -797.5748901367188, 1824.3370361328125]
[252.4464111328125, -778.4339599609375, 1872.1353759765625]
[255.38134765625, -774.1834106445312, 1880.4395751953125]
[269.9365234375, -769.1951904296875, 1876.5906982421875]
[279.0839538574219, -800.51611328125, 1903.362060546875]
[260.7232666015625, -807.98388671875, 1919.1705322265625]
[254.8671112060547, -810.7128295898438, 1915.88232421875]
[254.5171356201172, -834.5841064453125, 1919.263671875]
[260.3990173339844, -832.63427734375, 1903.5679931640625]
[225.14793395996094, -858.1934204101562, 1906.425537109375]
[213.91937255859375, -871.8688354492188, 1895.10009765625]
[198.5464630126953, -870.4039306640625, 1882.9364013671875]
[178.4587860107422, -892.1815795898438, 1869.0753173828125]
[173.70977783203125, -907.0325317382812, 1851.9061279296875]
[155.08718872070312, -904.4491577148438, 1828.1907958984375]
[152.212890625, -896.170166015625, 1816.7125244140625]
[144.4834747314453, -867.7420043945312, 1798.1800537109375]
[144.70008850097656, -866.1610107421875, 1802.2008056640625]
[132.77725219726562, -845.07080078125, 1792.8504638671875]
[111.4626693725586, -843.2587280273438, 1780.52490234375]
[93.90222930908203, -824.6922607421875, 1769.52734375]
[83.23114776611328, -830.7481689453125, 1757.881591796875]
[74.36528778076172, -841.1651611328125, 1750.6280517578125]
[69.62765502929688, -867.0061645507812, 1753.9423828125]
[64.47361755371094, -891.4556274414062, 1750.72998046875]
[55.45625305175781, -911.0589599609375, 1749.946533203125]
[46.86126708984375, -926.7826538085938, 1751.9967041015625]
[41.37236785888672, -931.736083984375, 1757.320068359375]
[34.323123931884766, -927.0430908203125, 1763.8070068359375]
[25.357696533203125, -921.9594116210938, 1773.765625]
[24.14429473876953, -902.3807373046875, 1790.021728515625]
[14.749216079711914, -881.7689208984375, 1809.4945068359375]
[-7.930942058563232, -859.3740844726562, 1819.8385009765625]
[-17.825584411621094, -848.543701171875, 1834.5045166015625]
[-42.70685958862305, -847.8942260742188, 1840.8389892578125]
[-56.366119384765625, -855.0316772460938, 1832.7225341796875]
[-74.70733642578125, -865.4415893554688, 1818.564453125]
[-87.15192413330078, -878.5776977539062, 1811.553955078125]
[-101.34895324707031, -882.9912719726562, 1763.09228515625]
[-94.10477447509766, -902.647216796875, 1796.653076171875]
[-119.41180419921875, -906.6544189453125, 1777.829833984375]
[-136.62844848632812, -891.768798828125, 1733.99560546875]
[-144.4427947998047, -902.0278930664062, 1734.5946044921875]
[-149.99681091308594, -913.2432250976562, 1735.39111328125]
[-158.46731567382812, -917.5123901367188, 1729.3836669921875]
[-167.7657928466797, -910.8952026367188, 1687.157958984375]
[-171.68203735351562, -904.3414306640625, 1693.6728515625]
[-172.20701599121094, -894.7205810546875, 1681.5184326171875]
[-173.11318969726562, -879.7037963867188, 1665.824951171875]
[-177.13035583496094, -861.2670288085938, 1655.5421142578125]
[-183.40151977539062, -839.3798828125, 1635.052001953125]
[-185.4474639892578, -823.9869995117188, 1639.421875]
[-187.1435546875, -829.135498046875, 1633.7373046875]
[-195.9810791015625, -847.0614013671875, 1628.201416015625]
[-195.34921264648438, -869.1239013671875, 1629.24658203125]
[-223.3181915283203, -851.7803344726562, 1602.4305419921875]
[-226.6107177734375, -857.025634765625, 1594.4356689453125]
[-233.13836669921875, -867.7677001953125, 1587.4356689453125]
[-238.963134765625, -866.412353515625, 1561.47216796875]
[-248.4429473876953, -859.8016967773438, 1533.6337890625]
[-253.8710174560547, -827.5332641601562, 1545.82861328125]
[-268.6034851074219, -797.7275390625, 1516.477294921875]
[-269.78277587890625, -799.9567260742188, 1511.0384521484375]
[-271.0976867675781, -820.31640625, 1519.4012451171875]
[-274.04345703125, -818.6650390625, 1508.1768798828125]
[-273.30181884765625, -819.8084716796875, 1511.364501953125]
[-275.2256774902344, -824.2588500976562, 1501.720947265625]
[-273.56011962890625, -820.1209716796875, 1500.83154296875]
[-272.6273193359375, -816.0204467773438, 1500.40869140625]
[-277.51544189453125, -825.7178344726562, 1502.412841796875]
[-276.218505859375, -822.22265625, 1500.90283203125]
[-276.8804931640625, -817.9645385742188, 1507.7552490234375]
[-275.0893859863281, -810.0913696289062, 1517.33056640625]
[-277.5987243652344, -828.951416015625, 1532.0880126953125]
[-271.4549865722656, -828.0909423828125, 1551.68994140625]
[-267.0333251953125, -819.2840576171875, 1571.8828125]
[-260.8074645996094, -806.3442993164062, 1582.2811279296875]
[-251.21670532226562, -789.3019409179688, 1589.9517822265625]
[-242.47232055664062, -799.0703735351562, 1607.912841796875]
[-220.33334350585938, -838.868896484375, 1644.607666015625]
[-218.12811279296875, -829.813720703125, 1648.718017578125]
[-205.7588653564453, -823.8092041015625, 1661.03271484375]
[-197.181640625, -825.9192504882812, 1666.78466796875]
[-181.54635620117188, -822.46240234375, 1666.4398193359375]
[-168.34640502929688, -832.2566528320312, 1678.1639404296875]
[-173.35597229003906, -837.7335205078125, 1682.49365234375]
[-158.33148193359375, -848.7014770507812, 1698.0589599609375]
[-147.9901123046875, -862.93701171875, 1714.9835205078125]
[-143.32574462890625, -876.984130859375, 1730.9710693359375]
[-130.0895233154297, -886.0450439453125, 1751.053466796875]
[-111.42588806152344, -893.20849609375, 1776.107666015625]
[-100.82127380371094, -900.9276733398438, 1794.2427978515625]
[-100.44380950927734, -899.4649047851562, 1809.677978515625]
[-100.3412094116211, -894.1998291015625, 1822.8797607421875]
[-96.74835968017578, -889.2069091796875, 1841.3111572265625]
[-83.47288513183594, -890.3134155273438, 1873.21044921875]
[-80.55626678466797, -873.6565551757812, 1893.27490234375]
[-72.49073791503906, -869.0593872070312, 1928.823486328125]
[-68.13579559326172, -849.0667724609375, 1935.5721435546875]
[-69.34525299072266, -827.1141357421875, 1944.9349365234375]
[-55.606590270996094, -862.802978515625, 1972.418701171875]
[-42.69915771484375, -885.74609375, 1990.139404296875]
[-40.873069763183594, -903.8972778320312, 1976.053955078125]
[-28.70182228088379, -925.02197265625, 1976.3995361328125]
[-16.57602882385254, -939.8190307617188, 1984.6187744140625]
[-4.428809642791748, -953.7374877929688, 1984.7706298828125]
[10.440533638000488, -962.9711303710938, 2018.890869140625]
[27.993154525756836, -960.4652099609375, 2048.958740234375]
[34.26804733276367, -946.1817626953125, 2040.7529296875]
[60.388790130615234, -920.8989868164062, 2081.523681640625]
[62.355079650878906, -887.5940551757812, 2057.5498046875]
[65.7379379272461, -875.0125122070312, 2068.467041015625]
[79.05772399902344, -879.303466796875, 2103.659423828125]
[80.31710815429688, -880.0840454101562, 2111.226806640625]
[80.7900161743164, -880.7289428710938, 2130.94189453125]
[64.19822692871094, -884.0189819335938, 2101.05908203125]
[58.93191146850586, -893.9146728515625, 2108.215576171875]
[55.94070053100586, -928.4002075195312, 2142.843017578125]
[52.64741897583008, -955.6495971679688, 2151.212646484375]
[47.608306884765625, -993.2076416015625, 2167.61767578125]
[35.091163635253906, -1020.100830078125, 2166.16162109375]
[34.74699783325195, -1035.4249267578125, 2167.2607421875]
[30.123512268066406, -1036.725341796875, 2162.51171875]
[29.62429428100586, -1030.0113525390625, 2170.489990234375]
[30.62610626220703, -1009.7214965820312, 2170.094482421875]
[27.496492385864258, -992.09033203125, 2165.7646484375]
[30.48459243774414, -965.1415405273438, 2167.31884765625]
[20.677066802978516, -917.0186157226562, 2153.350341796875]
[15.132890701293945, -889.4603881835938, 2113.2548828125]
[7.549087047576904, -869.4498901367188, 2087.57275390625]
[4.017278671264648, -843.1004028320312, 2069.173095703125]
[7.663395404815674, -823.6973876953125, 2060.52685546875]
[20.6460018157959, -804.257568359375, 2050.812255859375]
[24.223880767822266, -770.3344116210938, 2037.6966552734375]
[27.830232620239258, -732.3493041992188, 2018.553466796875]
[37.987518310546875, -714.6267700195312, 2038.339599609375]
[35.4885368347168, -646.6051635742188, 2010.5400390625]
[36.38785171508789, -601.5459594726562, 1995.834716796875]
[36.826133728027344, -565.8718872070312, 1991.919677734375]
[40.202823638916016, -539.9039306640625, 1989.796142578125]
[39.88050842285156, -515.2719116210938, 1990.303466796875]
[39.61229705810547, -499.0932922363281, 1995.6851806640625]
[39.03556442260742, -491.4999694824219, 1999.2918701171875]
[37.90272521972656, -497.3504943847656, 2006.29541015625]
[35.712440490722656, -503.57098388671875, 2009.794677734375]
[28.3752384185791, -523.1666259765625, 2000.30419921875]
[30.372385025024414, -553.2420654296875, 2017.9202880859375]
[26.665119171142578, -568.988037109375, 2007.396240234375]
[32.65877151489258, -604.3971557617188, 2011.0146484375]
[31.944028854370117, -661.1976928710938, 2029.6265869140625]
[42.6832275390625, -726.798583984375, 2049.767578125]
[52.75352478027344, -804.2255859375, 2054.8798828125]
[49.788490295410156, -874.0221557617188, 2047.8861083984375]
[62.09868240356445, -929.0675048828125, 2053.0185546875]
[84.66300201416016, -984.9968872070312, 2039.123779296875]
[73.30567169189453, -1014.257568359375, 2035.257568359375]
[83.82775115966797, -1037.241943359375, 2044.9569091796875]
[90.66014099121094, -1072.481689453125, 2052.9619140625]
[83.24592590332031, -1082.345703125, 2038.9678955078125]
[80.81067657470703, -1083.828125, 2050.55126953125]
[78.07087707519531, -1056.3248291015625, 2043.2391357421875]
[81.77289581298828, -1033.194091796875, 2054.585205078125]
[89.8244857788086, -988.6965942382812, 2057.432861328125]
[98.09986114501953, -952.1304321289062, 2075.38427734375]
[102.86669921875, -921.3313598632812, 2079.077880859375]
[103.76473236083984, -899.816162109375, 2070.783447265625]
[105.89990234375, -874.40869140625, 2066.940673828125]
[115.06326293945312, -856.92333984375, 2065.115478515625]
[120.0190200805664, -856.3076782226562, 2054.07958984375]
[112.22965240478516, -856.9398193359375, 2039.5333251953125]
[97.87018585205078, -857.7865600585938, 2018.759033203125]
[88.59427642822266, -842.716064453125, 1990.4705810546875]
[82.50619506835938, -852.2676391601562, 1965.51953125]
[70.7494888305664, -866.836669921875, 1936.462158203125]
[62.15438461303711, -859.63232421875, 1907.14013671875]
[48.380069732666016, -865.5153198242188, 1887.12744140625]
[43.97325897216797, -870.6677856445312, 1869.21484375]
[40.12683868408203, -858.5374755859375, 1840.3251953125]
[43.151573181152344, -860.848876953125, 1820.1990966796875]
[42.50165557861328, -865.4529418945312, 1797.2257080078125]
[42.35515213012695, -872.9119262695312, 1774.3648681640625]
[41.419677734375, -873.6100463867188, 1764.846923828125]
[36.47261428833008, -874.0764770507812, 1740.6158447265625]
[32.37812423706055, -869.9246215820312, 1731.0968017578125]
[36.058658599853516, -873.5758666992188, 1727.5916748046875]
[39.56486129760742, -882.5343017578125, 1721.9970703125]
[37.07844924926758, -883.2794799804688, 1699.2950439453125]
[29.750160217285156, -879.6769409179688, 1658.8851318359375]
[31.97871208190918, -874.7059936523438, 1638.929443359375]
[32.94957733154297, -863.4796752929688, 1611.99365234375]
[34.758514404296875, -847.6638793945312, 1588.6488037109375]
[38.403289794921875, -844.1790771484375, 1579.030517578125]
[42.234683990478516, -830.778564453125, 1550.5694580078125]
[40.344539642333984, -821.946533203125, 1515.6224365234375]
[42.14472198486328, -818.9130859375, 1490.5872802734375]
[44.949954986572266, -825.4995727539062, 1477.4732666015625]
[42.28768539428711, -827.5794067382812, 1461.8546142578125]
[45.824432373046875, -837.985595703125, 1461.406005859375]
[40.167076110839844, -841.6864013671875, 1456.1572265625]
[37.49249267578125, -839.8292236328125, 1446.61474609375]
[31.684011459350586, -849.4550170898438, 1445.31787109375]
[29.42084312438965, -860.564208984375, 1461.016845703125]
[27.937469482421875, -859.8644409179688, 1461.037841796875]
[14.894135475158691, -852.9937744140625, 1461.304931640625]
[14.528792381286621, -846.6580810546875, 1463.909912109375]
[16.405025482177734, -844.475341796875, 1467.0400390625]
[25.07065773010254, -849.0816040039062, 1472.0216064453125]
[24.708282470703125, -860.7848510742188, 1480.3780517578125]
[22.96690559387207, -860.73681640625, 1480.4345703125]
[27.177724838256836, -881.9525756835938, 1502.2608642578125]
[13.550539016723633, -859.4697875976562, 1471.9276123046875]
[21.22783660888672, -850.0508422851562, 1495.757080078125]
[7.265995979309082, -855.0407104492188, 1529.314697265625]
[-2.445805788040161, -852.4772338867188, 1535.2392578125]
[-9.15410327911377, -856.032958984375, 1545.7489013671875]
[-27.236257553100586, -854.5535888671875, 1549.6907958984375]
[-32.287784576416016, -855.5488891601562, 1566.029052734375]
[-45.068294525146484, -880.9661254882812, 1572.684814453125]
[-53.38251495361328, -913.2285766601562, 1582.48583984375]
[-63.274383544921875, -925.0590209960938, 1583.1954345703125]
[-60.74070739746094, -936.1546630859375, 1582.3980712890625]
[-62.79800796508789, -917.9572143554688, 1588.5389404296875]
[-41.503028869628906, -939.971435546875, 1595.563232421875]
[-43.52165603637695, -923.8468017578125, 1600.334228515625]
[-37.01618194580078, -884.3046875, 1595.3975830078125]
[-22.871217727661133, -849.7260131835938, 1586.0926513671875]
[-13.82949161529541, -825.2090454101562, 1573.0552978515625]
[-5.946859836578369, -836.0044555664062, 1566.8336181640625]
[-21.67058753967285, -831.0936889648438, 1561.5557861328125]
[-23.092641830444336, -820.5213623046875, 1538.76513671875]
[-27.358047485351562, -818.0142822265625, 1520.9259033203125]
[-26.14121437072754, -821.2674560546875, 1492.026123046875]
[-19.99382972717285, -837.8643798828125, 1482.751953125]
[-18.340227127075195, -843.1157836914062, 1473.869873046875]
[-17.296798706054688, -856.807373046875, 1462.5458984375]
[-12.667536735534668, -861.4354248046875, 1453.5855712890625]
[-9.848484992980957, -860.9797973632812, 1437.9171142578125]
[-18.08622932434082, -864.861572265625, 1440.7239990234375]
[-42.88892364501953, -874.4115600585938, 1440.1619873046875]
[-50.00566482543945, -890.7063598632812, 1460.28466796875]
[-68.00064086914062, -905.849609375, 1472.447021484375]
[-80.27886962890625, -889.392578125, 1476.0089111328125]
[-98.96240997314453, -887.448974609375, 1480.991943359375]
[-107.6561508178711, -882.6497192382812, 1498.983154296875]
[-120.08985137939453, -879.71533203125, 1511.6025390625]
[-129.3846893310547, -848.0308227539062, 1512.990966796875]
[-110.93183135986328, -862.0960693359375, 1547.4293212890625]
[-98.4875717163086, -858.5211791992188, 1552.455322265625]
[-89.9647445678711, -869.4345703125, 1566.8245849609375]
[-89.4842529296875, -886.2322998046875, 1576.9990234375]
[-89.2812271118164, -900.4996337890625, 1587.894287109375]
[-80.69445037841797, -915.737548828125, 1593.71435546875]
[-76.6056900024414, -928.492919921875, 1614.1746826171875]
[-70.4101333618164, -938.5057983398438, 1621.06689453125]
[-69.65335083007812, -942.267822265625, 1634.9505615234375]
[-68.27449798583984, -949.8734130859375, 1650.027099609375]
[-64.86978149414062, -950.4713134765625, 1666.9625244140625]
[-64.49136352539062, -932.015380859375, 1689.5347900390625]
[-62.261871337890625, -927.5401000976562, 1725.1507568359375]
[-51.12549591064453, -914.0989379882812, 1757.3433837890625]
[-41.372684478759766, -892.14013671875, 1778.532470703125]
[-22.686294555664062, -873.2427978515625, 1809.7725830078125]
[-13.423966407775879, -850.0238647460938, 1843.5740966796875]
[7.894121170043945, -843.1534423828125, 1882.804931640625]
[30.23101043701172, -864.5631713867188, 1912.6405029296875]
[41.429786682128906, -874.902099609375, 1937.8939208984375]
[52.84532928466797, -880.3118286132812, 1947.3900146484375]
[59.226924896240234, -891.2660522460938, 1968.633544921875]
[70.38935852050781, -891.0640258789062, 1977.8797607421875]
[69.93717956542969, -904.0006713867188, 1994.0513916015625]
[80.3543472290039, -911.4010009765625, 2002.8662109375]
[76.40094757080078, -912.5564575195312, 2004.3785400390625]
[79.07301330566406, -913.7391357421875, 2010.1800537109375]
[76.9515151977539, -903.6470336914062, 2014.4818115234375]
[95.05040740966797, -918.7139282226562, 2025.8719482421875]
[86.02289581298828, -914.2084350585938, 2039.6151123046875]
[80.86309051513672, -911.9271850585938, 2044.7244873046875]
[82.65916442871094, -908.619384765625, 2075.148193359375]
[76.61810302734375, -913.9367065429688, 2078.984130859375]
[69.59623718261719, -905.1113891601562, 2094.189453125]
[57.98427200317383, -895.2721557617188, 2100.887939453125]
[46.232303619384766, -891.5462036132812, 2114.85400390625]
[37.35721206665039, -882.0773315429688, 2120.090576171875]
[35.19493103027344, -871.354248046875, 2120.739990234375]
[34.063087463378906, -864.2974853515625, 2115.600830078125]
[36.28706741333008, -868.9109497070312, 2110.7958984375]
[39.51013946533203, -874.859130859375, 2118.822998046875]
[41.88814163208008, -889.36962890625, 2118.802978515625]
[42.91017150878906, -897.3379516601562, 2118.1337890625]
[45.877899169921875, -902.20166015625, 2127.168212890625]
[51.576656341552734, -906.9578247070312, 2124.950927734375]
[64.318115234375, -911.0414428710938, 2137.685791015625]
[69.44684600830078, -917.4760131835938, 2151.087158203125]
[78.89261627197266, -912.8131713867188, 2157.254638671875]
[90.10042572021484, -914.8753051757812, 2170.516357421875]
[99.15554809570312, -912.7346801757812, 2183.917236328125]
[114.64930725097656, -905.47265625, 2198.82421875]
[128.43003845214844, -880.9842529296875, 2210.83740234375]
[133.03680419921875, -853.8108520507812, 2218.270751953125]
[146.26527404785156, -842.0535888671875, 2233.86474609375]
[157.9084930419922, -848.6095581054688, 2239.393798828125]
[164.4751434326172, -844.9679565429688, 2248.893798828125]
[162.2678680419922, -863.3861083984375, 2242.731689453125]
[169.00489807128906, -872.4144287109375, 2238.017822265625]
[168.63592529296875, -878.9674682617188, 2232.90283203125]
[178.05938720703125, -893.0795288085938, 2231.1787109375]
[177.1170196533203, -904.9616088867188, 2222.93115234375]
[177.78414916992188, -905.6369018554688, 2216.190673828125]
[173.21527099609375, -902.9073486328125, 2206.1611328125]
[167.90106201171875, -893.8717651367188, 2198.084228515625]
[158.07676696777344, -881.9558715820312, 2179.5185546875]
[145.06243896484375, -869.2548217773438, 2150.80126953125]
[130.7570037841797, -861.060546875, 2128.397216796875]
[115.7267074584961, -852.5597534179688, 2108.944580078125]
[97.0494613647461, -845.7528076171875, 2076.90673828125]
[83.31431579589844, -834.9950561523438, 2053.19482421875]
[66.166015625, -816.4669189453125, 2028.321044921875]
[46.37532043457031, -798.4874267578125, 1995.06689453125]
[39.39692306518555, -789.54833984375, 1980.3125]
[32.17988967895508, -780.2677001953125, 1961.698974609375]
[33.047630310058594, -783.3828735351562, 1948.3463134765625]
[34.48512268066406, -783.1587524414062, 1935.7288818359375]
[29.403484344482422, -790.8432006835938, 1923.928466796875]
[21.23261833190918, -800.6871948242188, 1897.75927734375]
[22.700578689575195, -807.2269897460938, 1885.547607421875]
[13.024450302124023, -813.8223876953125, 1863.5115966796875]
[10.539652824401855, -831.5521240234375, 1845.176025390625]
[-0.09002722799777985, -836.1575317382812, 1817.51318359375]
[-4.3012800216674805, -844.8768310546875, 1804.28076171875]
[-11.374653816223145, -844.8671264648438, 1797.405517578125]
[-15.843864440917969, -847.06689453125, 1781.0712890625]
[-22.915756225585938, -843.4534301757812, 1771.8328857421875]
[-28.3201847076416, -834.7310180664062, 1753.861328125]
[-34.24180221557617, -833.8115234375, 1737.20654296875]
[-39.4134521484375, -826.7842407226562, 1719.439208984375]
[-38.36066818237305, -828.78857421875, 1707.0570068359375]
[-39.8880500793457, -830.9589233398438, 1689.724609375]
[-39.00102233886719, -835.1126098632812, 1671.666259765625]
[-39.974609375, -846.3004760742188, 1657.6932373046875]
