452
30
[-37.23677826, 1700.37792969, 1039.17675781]
[-30.15203857, 1705.49072266, 1040.89807129]
[-28.17543983, 1703.17053223, 1041.86962891]
[-24.31067848, 1706.36743164, 1043.53381348]
[-25.11873436, 1699.16253662, 1029.67053223]
[-26.89162254, 1699.37597656, 1031.10742188]
[-15.50669956, 1705.51977539, 1038.26403809]
[-15.91724873, 1703.75939941, 1048.12890625]
[-7.83724689, 1711.68414307, 1041.6953125]
[-1.8247664, 1711.0390625, 1046.42053223]
[-4.81940806e-02, 1.70994470e+03, 1.04072876e+03]
[3.89228392, 1710.36749268, 1037.57312012]
[1.81395561e-01, 1.70568219e+03, 1.03015063e+03]
[2.3035295, 1705.61645508, 1031.1875]
[7.58431101, 1699.63909912, 1028.47668457]
[9.31236362, 1704.54510498, 1029.61279297]
[10.42147923, 1707.44586182, 1030.15734863]
[10.28653049, 1702.44995117, 1028.27258301]
[11.27043343, 1702.17651367, 1028.61645508]
[15.70033646, 1701.21325684, 1028.79785156]
[19.34020615, 1701.7600708, 1032.82409668]
[17.89687538, 1701.37487793, 1025.93212891]
[19.80851936, 1699.57165527, 1028.89819336]
[19.79939651, 1698.63653564, 1024.99743652]
[24.0007267, 1702.45043945, 1029.2578125]
[25.71703529, 1701.42126465, 1026.40124512]
[30.35163879, 1701.26818848, 1029.33618164]
[31.52025414, 1697.54406738, 1025.42810059]
[35.96860504, 1695.36669922, 1027.82922363]
[33.73542023, 1696.30987549, 1024.02832031]
[34.99105835, 1696.85540771, 1026.80566406]
[35.22471619, 1696.9083252, 1027.07836914]
[36.13003922, 1697.19152832, 1027.04956055]
[42.42985153, 1692.93475342, 1024.75854492]
[44.05628967, 1695.04638672, 1021.45239258]
[52.02567673, 1691.23669434, 1012.42346191]
[52.34726334, 1691.47631836, 1012.03149414]
[65.18323517, 1699.0949707, 1002.01818848]
[74.74904633, 1694.62481689, 994.85949707]
[74.51796722, 1692.44207764, 972.578125]
[90.05843353, 1695.58032227, 974.15356445]
[86.11122131, 1706.69836426, 958.46179199]
[86.44813538, 1706.39794922, 941.91552734]
[77.83135986, 1705.08447266, 932.26965332]
[71.22202301, 1701.98181152, 921.89074707]
[62.54483795, 1696.93951416, 913.86950684]
[54.51340103, 1696.07470703, 910.80810547]
[47.56891251, 1696.61871338, 915.68310547]
[37.65958405, 1704.50415039, 912.96057129]
[26.77464485, 1697.41455078, 911.81335449]
[13.84400177, 1692.47369385, 894.66088867]
[-8.48788768e-02, 1686.83148, 896.325317]
[-7.97730112, 1676.80834961, 904.62915039]
[-19.55604553, 1669.36395264, 895.13769531]
[-32.95270538, 1665.93621826, 891.89367676]
[-42.8844986, 1670.37335205, 915.41149902]
[-58.41708755, 1674.3770752, 907.3416748]
[-70.74982452, 1685.66326904, 894.56799316]
[-82.08082581, 1688.83300781, 879.82519531]
[-96.15454102, 1701.5824585, 869.20202637]
[-103.27833557, 1710.70074463, 867.08190918]
[-117.05154419, 1718.60894775, 864.14929199]
[-118.52878571, 1718.80010986, 846.95336914]
[-128.94499207, 1723.37091064, 869.43322754]
[-126.83460236, 1690.71929932, 866.3236084]
[-116.66437531, 1684.04974365, 864.60339355]
[-116.3990097, 1670.73626709, 872.38244629]
[-87.05187225, 1690.55090332, 891.88049316]
[-73.98564148, 1683.16351318, 888.14147949]
[-64.5321579, 1692.38824463, 890.59155273]
[-52.44388962, 1675.00073242, 884.94299316]
[-42.18439102, 1664.08874512, 882.03320312]
[-29.85878754, 1669.67681885, 884.29833984]
[-20.56135368, 1674.60736084, 891.76098633]
[-4.12731266, 1682.828125, 900.02526855]
[7.20273685, 1686.1817627, 906.23425293]
[16.97305679, 1689.0725708, 917.54724121]
[13.40077114, 1683.92077637, 919.76733398]
[16.31158638, 1673.05255127, 934.24658203]
[20.95639801, 1649.87799072, 933.93481445]
[18.78187752, 1645.87695312, 947.36889648]
[26.89564896, 1635.04278564, 960.21118164]
[75.04668427, 1638.04156494, 985.8046875]
[39.56907272, 1611.89807129, 974.00024414]
[36.01156998, 1645.09960938, 991.39477539]
[45.45949554, 1623.44262695, 995.24267578]
[37.97613907, 1619.51879883, 998.43029785]
[45.63766098, 1601.13690186, 997.9432373]
[62.13810349, 1597.12573242, 989.10290527]
[58.18756866, 1608.02618408, 981.73010254]
[28.08166313, 1582.60803223, 953.68334961]
[32.57251358, 1616.60949707, 966.47143555]
[12.59141445, 1623.01092529, 946.82434082]
[23.69876862, 1632.02832031, 928.61975098]
[29.68902969, 1666.5534668, 930.73364258]
[49.78224564, 1692.75622559, 934.4050293]
[53.41816711, 1687.74737549, 922.05847168]
[75.58860016, 1683.98303223, 915.73706055]
[105.5530014, 1674.81787109, 905.02722168]
[98.66823578, 1642.69067383, 891.05603027]
[129.77424622, 1590.28967285, 851.94775391]
[140.82923889, 1601.67279053, 855.87365723]
[155.8168335, 1571.78845215, 832.69958496]
[165.87924194, 1599.09802246, 834.9810791]
[173.84268188, 1611.14135742, 838.23657227]
[202.8089447, 1607.62957764, 821.00830078]
[205.28797913, 1618.02770996, 817.78515625]
[233.95153809, 1628.98962402, 803.2220459]
[232.68054199, 1626.41223145, 804.61816406]
[263.1239624, 1658.47491455, 801.52770996]
[258.50543213, 1653.46221924, 822.90551758]
[260.08221436, 1633.73327637, 835.45507812]
[251.25080872, 1617.49597168, 826.52026367]
[259.23141479, 1597.57489014, 824.33703613]
[252.44641113, 1578.43395996, 872.13537598]
[255.38134766, 1574.18341064, 880.4395752]
[269.93652344, 1569.19519043, 876.59069824]
[279.08395386, 1600.51611328, 903.36206055]
[260.7232666, 1607.98388672, 919.17053223]
[254.86711121, 1610.71282959, 915.88232422]
[254.51713562, 1634.58410645, 919.26367188]
[260.39901733, 1632.63427734, 903.56799316]
[225.14793396, 1658.19342041, 906.42553711]
[213.91937256, 1671.86883545, 895.10009766]
[198.54646301, 1670.40393066, 882.93640137]
[178.45878601, 1692.18157959, 869.07531738]
[173.70977783, 1707.03253174, 851.90612793]
[155.08718872, 1704.44915771, 828.1907959]
[152.21289062, 1696.17016602, 816.71252441]
[144.48347473, 1667.74200439, 798.18005371]
[144.7000885, 1666.16101074, 802.20080566]
[132.7772522, 1645.07080078, 792.85046387]
[111.46266937, 1643.25872803, 780.52490234]
[93.90222931, 1624.69226074, 769.52734375]
[83.23114777, 1630.74816895, 757.8815918]
[74.36528778, 1641.16516113, 750.62805176]
[69.62765503, 1667.00616455, 753.94238281]
[64.47361755, 1691.45562744, 750.72998047]
[55.45625305, 1711.05895996, 749.9465332]
[46.86126709, 1726.78265381, 751.9967041]
[41.37236786, 1731.73608398, 757.32006836]
[34.32312393, 1727.04309082, 763.80700684]
[25.35769653, 1721.95941162, 773.765625]
[24.14429474, 1702.3807373, 790.02172852]
[14.74921608, 1681.7689209, 809.49450684]
[-7.93094206, 1659.37408447, 819.83850098]
[-17.82558441, 1648.54370117, 834.5045166]
[-42.70685959, 1647.89422607, 840.83898926]
[-56.36611938, 1655.03167725, 832.72253418]
[-74.70733643, 1665.44158936, 818.56445312]
[-87.15192413, 1678.57769775, 811.55395508]
[-101.34895325, 1682.99127197, 763.09228516]
[-94.10477448, 1702.6472168, 796.65307617]
[-119.4118042, 1706.65441895, 777.82983398]
[-136.62844849, 1691.76879883, 733.99560547]
[-144.4427948, 1702.02789307, 734.59460449]
[-149.99681091, 1713.2432251, 735.39111328]
[-158.46731567, 1717.51239014, 729.38366699]
[-167.76579285, 1710.89520264, 687.15795898]
[-171.68203735, 1704.34143066, 693.67285156]
[-172.20701599, 1694.72058105, 681.51843262]
[-173.1131897, 1679.70379639, 665.82495117]
[-177.13035583, 1661.26702881, 655.54211426]
[-183.40151978, 1639.37988281, 635.05200195]
[-185.44746399, 1623.98699951, 639.421875]
[-187.14355469, 1629.13549805, 633.73730469]
[-195.9810791, 1647.06140137, 628.20141602]
[-195.34921265, 1669.12390137, 629.24658203]
[-223.31819153, 1651.78033447, 602.43054199]
[-226.61071777, 1657.02563477, 594.43566895]
[-233.1383667, 1667.7677002, 587.43566895]
[-238.96313477, 1666.41235352, 561.47216797]
[-248.44294739, 1659.80169678, 533.63378906]
[-253.87101746, 1627.53326416, 545.82861328]
[-268.60348511, 1597.72753906, 516.47729492]
[-269.78277588, 1599.95672607, 511.03845215]
[-271.09768677, 1620.31640625, 519.40124512]
[-274.04345703, 1618.66503906, 508.17687988]
[-273.30181885, 1619.80847168, 511.36450195]
[-275.22567749, 1624.2588501, 501.72094727]
[-273.56011963, 1620.12097168, 500.83154297]
[-272.62731934, 1616.02044678, 500.40869141]
[-277.51544189, 1625.71783447, 502.4128418]
[-276.21850586, 1622.22265625, 500.90283203]
[-276.88049316, 1617.96453857, 507.75524902]
[-275.08938599, 1610.09136963, 517.33056641]
[-277.59872437, 1628.95141602, 532.0880127]
[-271.45498657, 1628.09094238, 551.68994141]
[-267.0333252, 1619.28405762, 571.8828125]
[-260.8074646, 1606.34429932, 582.28112793]
[-251.21670532, 1589.30194092, 589.95178223]
[-242.47232056, 1599.07037354, 607.9128418]
[-220.33334351, 1638.86889648, 644.60766602]
[-218.12811279, 1629.8137207, 648.71801758]
[-205.75886536, 1623.8092041, 661.03271484]
[-197.18164062, 1625.91925049, 666.78466797]
[-181.5463562, 1622.46240234, 666.43981934]
[-168.34640503, 1632.25665283, 678.16394043]
[-173.35597229, 1637.73352051, 682.49365234]
[-158.33148193, 1648.70147705, 698.05895996]
[-147.9901123, 1662.93701172, 714.98352051]
[-143.32574463, 1676.98413086, 730.97106934]
[-130.08952332, 1686.04504395, 751.0534668]
[-111.42588806, 1693.20849609, 776.10766602]
[-100.8212738, 1700.92767334, 794.24279785]
[-100.44380951, 1699.46490479, 809.67797852]
[-100.34120941, 1694.1998291, 822.87976074]
[-96.74835968, 1689.20690918, 841.31115723]
[-83.47288513, 1690.31341553, 873.21044922]
[-80.55626678, 1673.65655518, 893.27490234]
[-72.49073792, 1669.05938721, 928.82348633]
[-68.13579559, 1649.06677246, 935.57214355]
[-69.34525299, 1627.11413574, 944.93493652]
[-55.60659027, 1662.80297852, 972.41870117]
[-42.69915771, 1685.74609375, 990.1394043]
[-40.87306976, 1703.89727783, 976.05395508]
[-28.70182228, 1725.02197266, 976.39953613]
[-16.57602882, 1739.81903076, 984.61877441]
[-4.42880964, 1753.73748779, 984.77062988]
[10.44053364, 1762.97113037, 1018.89086914]
[27.99315453, 1760.46520996, 1048.95874023]
[34.26804733, 1746.1817627, 1040.75292969]
[60.38879013, 1720.89898682, 1081.52368164]
[62.35507965, 1687.59405518, 1057.54980469]
[65.73793793, 1675.01251221, 1068.46704102]
[79.057724, 1679.3034668, 1103.65942383]
[80.31710815, 1680.08404541, 1111.22680664]
[80.79001617, 1680.72894287, 1130.94189453]
[64.19822693, 1684.01898193, 1101.05908203]
[58.93191147, 1693.91467285, 1108.21557617]
[55.94070053, 1728.40020752, 1142.84301758]
[52.64741898, 1755.64959717, 1151.21264648]
[47.60830688, 1793.2076416, 1167.61767578]
[35.09116364, 1820.10083008, 1166.16162109]
[34.74699783, 1835.42492676, 1167.26074219]
[30.12351227, 1836.7253418, 1162.51171875]
[29.62429428, 1830.01135254, 1170.48999023]
[30.62610626, 1809.72149658, 1170.09448242]
[27.49649239, 1792.09033203, 1165.76464844]
[30.48459244, 1765.14154053, 1167.31884766]
[20.6770668, 1717.01861572, 1153.3503418]
[15.1328907, 1689.46038818, 1113.25488281]
[7.54908705, 1669.44989014, 1087.57275391]
[4.01727867, 1643.10040283, 1069.1730957]
[7.6633954, 1623.6973877, 1060.52685547]
[20.64600182, 1604.25756836, 1050.81225586]
[24.22388077, 1570.33441162, 1037.69665527]
[27.83023262, 1532.3493042, 1018.5534668]
[37.98751831, 1514.62677002, 1038.33959961]
[35.48853683, 1446.60516357, 1010.54003906]
[36.38785172, 1401.54595947, 995.8347168]
[36.82613373, 1365.87188721, 991.91967773]
[40.20282364, 1339.90393066, 989.79614258]
[39.88050842, 1315.27191162, 990.3034668]
[39.61229706, 1299.09329224, 995.68518066]
[39.03556442, 1291.49996948, 999.29187012]
[37.90272522, 1297.35049438, 1006.29541016]
[35.71244049, 1303.57098389, 1009.79467773]
[28.37523842, 1323.16662598, 1000.30419922]
[30.37238503, 1353.24206543, 1017.92028809]
[26.66511917, 1368.98803711, 1007.39624023]
[32.65877151, 1404.39715576, 1011.01464844]
[31.94402885, 1461.19769287, 1029.62658691]
[42.68322754, 1526.79858398, 1049.76757812]
[52.75352478, 1604.22558594, 1054.87988281]
[49.7884903, 1674.02215576, 1047.8861084]
[62.0986824, 1729.06750488, 1053.01855469]
[84.66300201, 1784.99688721, 1039.1237793]
[73.30567169, 1814.25756836, 1035.25756836]
[83.82775116, 1837.24194336, 1044.95690918]
[90.66014099, 1872.48168945, 1052.96191406]
[83.2459259, 1882.34570312, 1038.96789551]
[80.81067657, 1883.828125, 1050.55126953]
[78.07087708, 1856.3248291, 1043.23913574]
[81.77289581, 1833.1940918, 1054.58520508]
[89.82448578, 1788.69659424, 1057.43286133]
[98.09986115, 1752.13043213, 1075.38427734]
[102.86669922, 1721.33135986, 1079.07788086]
[103.76473236, 1699.81616211, 1070.78344727]
[105.89990234, 1674.40869141, 1066.94067383]
[115.06326294, 1656.92333984, 1065.11547852]
[120.01902008, 1656.30767822, 1054.07958984]
[112.2296524, 1656.93981934, 1039.5333252]
[97.87018585, 1657.78656006, 1018.7590332]
[88.59427643, 1642.71606445, 990.47058105]
[82.50619507, 1652.26763916, 965.51953125]
[70.74948883, 1666.83666992, 936.4621582]
[62.15438461, 1659.63232422, 907.14013672]
[48.38006973, 1665.51531982, 887.12744141]
[43.97325897, 1670.66778564, 869.21484375]
[40.12683868, 1658.53747559, 840.32519531]
[43.15157318, 1660.84887695, 820.19909668]
[42.50165558, 1665.45294189, 797.22570801]
[42.35515213, 1672.91192627, 774.36486816]
[41.41967773, 1673.61004639, 764.84692383]
[36.47261429, 1674.07647705, 740.61584473]
[32.37812424, 1669.92462158, 731.09680176]
[36.0586586, 1673.5758667, 727.5916748]
[39.5648613, 1682.53430176, 721.99707031]
[37.07844925, 1683.27947998, 699.29504395]
[29.75016022, 1679.67694092, 658.88513184]
[31.97871208, 1674.70599365, 638.92944336]
[32.94957733, 1663.47967529, 611.99365234]
[34.7585144, 1647.66387939, 588.64880371]
[38.40328979, 1644.17907715, 579.03051758]
[42.23468399, 1630.77856445, 550.56945801]
[40.34453964, 1621.9465332, 515.62243652]
[42.14472198, 1618.91308594, 490.58728027]
[44.94995499, 1625.49957275, 477.4732666]
[42.28768539, 1627.57940674, 461.85461426]
[45.82443237, 1637.9855957, 461.40600586]
[40.16707611, 1641.68640137, 456.15722656]
[37.49249268, 1639.82922363, 446.61474609]
[31.68401146, 1649.45501709, 445.31787109]
[29.42084312, 1660.56420898, 461.0168457]
[27.93746948, 1659.86444092, 461.0378418]
[14.89413548, 1652.99377441, 461.30493164]
[14.52879238, 1646.65808105, 463.90991211]
[16.40502548, 1644.4753418, 467.04003906]
[25.07065773, 1649.081604, 472.02160645]
[24.70828247, 1660.78485107, 480.37805176]
[22.96690559, 1660.73681641, 480.43457031]
[27.17772484, 1681.95257568, 502.26086426]
[13.55053902, 1659.4697876, 471.9276123]
[21.22783661, 1650.05084229, 495.75708008]
[7.26599598, 1655.04071045, 529.31469727]
[-2.44580579, 1652.47723389, 535.23925781]
[-9.15410328, 1656.03295898, 545.74890137]
[-27.23625755, 1654.55358887, 549.6907959]
[-32.28778458, 1655.54888916, 566.02905273]
[-45.06829453, 1680.96612549, 572.68481445]
[-53.38251495, 1713.22857666, 582.48583984]
[-63.27438354, 1725.059021, 583.19543457]
[-60.7407074, 1736.15466309, 582.39807129]
[-62.79800797, 1717.95721436, 588.53894043]
[-41.50302887, 1739.97143555, 595.56323242]
[-43.52165604, 1723.84680176, 600.33422852]
[-37.01618195, 1684.3046875, 595.39758301]
[-22.87121773, 1649.72601318, 586.09265137]
[-13.82949162, 1625.20904541, 573.05529785]
[-5.94685984, 1636.00445557, 566.83361816]
[-21.67058754, 1631.09368896, 561.55578613]
[-23.09264183, 1620.5213623, 538.76513672]
[-27.35804749, 1618.01428223, 520.92590332]
[-26.14121437, 1621.26745605, 492.02612305]
[-19.99382973, 1637.86437988, 482.75195312]
[-18.34022713, 1643.11578369, 473.86987305]
[-17.29679871, 1656.80737305, 462.54589844]
[-12.66753674, 1661.4354248, 453.58557129]
[-9.84848499, 1660.97979736, 437.91711426]
[-18.08622932, 1664.86157227, 440.72399902]
[-42.88892365, 1674.41156006, 440.1619873]
[-50.00566483, 1690.70635986, 460.28466797]
[-68.00064087, 1705.84960938, 472.44702148]
[-80.27886963, 1689.39257812, 476.00891113]
[-98.96240997, 1687.44897461, 480.99194336]
[-107.65615082, 1682.64971924, 498.9831543]
[-120.08985138, 1679.71533203, 511.60253906]
[-129.38468933, 1648.03082275, 512.9909668]
[-110.93183136, 1662.09606934, 547.42932129]
[-98.48757172, 1658.5211792, 552.45532227]
[-89.96474457, 1669.43457031, 566.82458496]
[-89.48425293, 1686.2322998, 576.99902344]
[-89.28122711, 1700.49963379, 587.89428711]
[-80.69445038, 1715.73754883, 593.71435547]
[-76.60569, 1728.49291992, 614.17468262]
[-70.41013336, 1738.50579834, 621.06689453]
[-69.65335083, 1742.26782227, 634.95056152]
[-68.27449799, 1749.87341309, 650.02709961]
[-64.86978149, 1750.47131348, 666.96252441]
[-64.49136353, 1732.01538086, 689.53479004]
[-62.26187134, 1727.5401001, 725.15075684]
[-51.12549591, 1714.09893799, 757.34338379]
[-41.37268448, 1692.14013672, 778.5324707]
[-22.68629456, 1673.24279785, 809.77258301]
[-13.42396641, 1650.02386475, 843.57409668]
[7.89412117, 1643.15344238, 882.80493164]
[30.23101044, 1664.56317139, 912.64050293]
[41.42978668, 1674.90209961, 937.8939209]
[52.84532928, 1680.31182861, 947.39001465]
[59.2269249, 1691.26605225, 968.63354492]
[70.38935852, 1691.06402588, 977.87976074]
[69.93717957, 1704.00067139, 994.0513916]
[80.35434723, 1711.40100098, 1002.86621094]
[76.40094757, 1712.55645752, 1004.37854004]
[79.07301331, 1713.73913574, 1010.18005371]
[76.9515152, 1703.64703369, 1014.48181152]
[95.05040741, 1718.71392822, 1025.87194824]
[86.02289581, 1714.20843506, 1039.6151123]
[80.86309052, 1711.92718506, 1044.7244873]
[82.65916443, 1708.61938477, 1075.14819336]
[76.61810303, 1713.93670654, 1078.98413086]
[69.59623718, 1705.11138916, 1094.18945312]
[57.984272, 1695.27215576, 1100.88793945]
[46.23230362, 1691.54620361, 1114.85400391]
[37.35721207, 1682.07733154, 1120.09057617]
[35.19493103, 1671.35424805, 1120.73999023]
[34.06308746, 1664.29748535, 1115.60083008]
[36.28706741, 1668.91094971, 1110.79589844]
[39.51013947, 1674.85913086, 1118.82299805]
[41.88814163, 1689.36962891, 1118.80297852]
[42.91017151, 1697.33795166, 1118.13378906]
[45.87789917, 1702.20166016, 1127.16821289]
[51.57665634, 1706.95782471, 1124.95092773]
[64.31811523, 1711.04144287, 1137.68579102]
[69.44684601, 1717.47601318, 1151.0871582]
[78.89261627, 1712.81317139, 1157.25463867]
[90.10042572, 1714.87530518, 1170.51635742]
[99.1555481, 1712.73468018, 1183.91723633]
[114.64930725, 1705.47265625, 1198.82421875]
[128.43003845, 1680.98425293, 1210.83740234]
[133.0368042, 1653.81085205, 1218.27075195]
[146.26527405, 1642.05358887, 1233.86474609]
[157.90849304, 1648.60955811, 1239.39379883]
[164.47514343, 1644.96795654, 1248.89379883]
[162.26786804, 1663.3861084, 1242.73168945]
[169.00489807, 1672.41442871, 1238.01782227]
[168.63592529, 1678.96746826, 1232.90283203]
[178.05938721, 1693.07952881, 1231.17871094]
[177.11701965, 1704.96160889, 1222.93115234]
[177.78414917, 1705.63690186, 1216.19067383]
[173.215271, 1702.90734863, 1206.16113281]
[167.90106201, 1693.87176514, 1198.08422852]
[158.07676697, 1681.95587158, 1179.51855469]
[145.06243896, 1669.25482178, 1150.80126953]
[130.75700378, 1661.06054688, 1128.3972168]
[115.72670746, 1652.55975342, 1108.94458008]
[97.04946136, 1645.75280762, 1076.90673828]
[83.3143158, 1634.99505615, 1053.19482422]
[66.16601562, 1616.46691895, 1028.32104492]
[46.37532043, 1598.48742676, 995.06689453]
[39.39692307, 1589.54833984, 980.3125]
[32.17988968, 1580.2677002, 961.69897461]
[33.04763031, 1583.38287354, 948.34631348]
[34.48512268, 1583.15875244, 935.72888184]
[29.40348434, 1590.84320068, 923.9284668]
[21.23261833, 1600.68719482, 897.75927734]
[22.70057869, 1607.22698975, 885.54760742]
[13.0244503, 1613.8223877, 863.51159668]
[10.53965282, 1631.55212402, 845.17602539]
[-9.00272280e-02, 1.63615753e+03, 8.17513184e+02]
[-4.30128002, 1644.87683105, 804.28076172]
[-11.37465382, 1644.86712646, 797.40551758]
[-15.84386444, 1647.06689453, 781.07128906]
[-22.91575623, 1643.45343018, 771.83288574]
[-28.32018471, 1634.73101807, 753.86132812]
[-34.24180222, 1633.81152344, 737.20654297]
[-39.41345215, 1626.78424072, 719.43920898]
[-38.36066818, 1628.78857422, 707.05700684]
[-39.88805008, 1630.95892334, 689.72460938]
[-39.00102234, 1635.11260986, 671.66625977]
[-39.97460938, 1646.30047607, 657.6932373]
[0, 0, 0]
[0, 0, 0]
[0, 0, 0]
[0, 0, 0]
[0, 0, 0]
[0, 0, 0]
[0, 0, 0]
[0, 0, 0]
[0, 0, 0]
[0, 0, 0]
[0, 0, 0]
[0, 0, 0]
[0, 0, 0]
[0, 0, 0]
[0, 0, 0]
[0, 0, 0]
[0, 0, 0]
[0, 0, 0]
[0, 0, 0]
[0, 0, 0]
[0, 0, 0]
[0, 0, 0]
[0, 0, 0]
[0, 0, 0]
[0, 0, 0]
[0, 0, 0]
[0, 0, 0]
[0, 0, 0]
[0, 0, 0]
[0, 0, 0]
[0, 0, 0]
[0, 0, 0]
[0, 0, 0]
[0, 0, 0]
[0, 0, 0]
[0, 0, 0]
[0, 0, 0]
[0, 0, 0]
[0, 0, 0]
[0, 0, 0]
[0, 0, 0]
[0, 0, 0]
[0, 0, 0]
[0, 0, 0]
[0, 0, 0]
[0, 0, 0]
[0, 0, 0]
[0, 0, 0]
[0, 0, 0]
[0, 0, 0]
[0, 0, 0]
[0, 0, 0]
[0, 0, 0]
[0, 0, 0]
[0, 0, 0]
[0, 0, 0]
[0, 0, 0]
[0, 0, 0]
[0, 0, 0]
[0, 0, 0]
[0, 0, 0]
[0, 0, 0]
[0, 0, 0]
[0, 0, 0]
[0, 0, 0]
[0, 0, 0]
[0, 0, 0]
[0, 0, 0]
[0, 0, 0]
[0, 0, 0]
[0, 0, 0]
[0, 0, 0]
[0, 0, 0]
[0, 0, 0]
[0, 0, 0]
[0, 0, 0]
[0, 0, 0]
[0, 0, 0]
[0, 0, 0]
[0, 0, 0]
[0, 0, 0]
[0, 0, 0]
[0, 0, 0]
[0, 0, 0]
[0, 0, 0]
[0, 0, 0]
[0, 0, 0]
[0, 0, 0]
[0, 0, 0]
[0, 0, 0]
[0, 0, 0]
[0, 0, 0]
[0, 0, 0]
[0, 0, 0]
[0, 0, 0]
[0, 0, 0]
[0, 0, 0]
[0, 0, 0]
[0, 0, 0]
[0, 0, 0]
[0, 0, 0]
[0, 0, 0]
[0, 0, 0]
[0, 0, 0]
[0, 0, 0]
[0, 0, 0]
[0, 0, 0]
[0, 0, 0]
[0, 0, 0]
[0, 0, 0]
[0, 0, 0]
[0, 0, 0]
[0, 0, 0]
[0, 0, 0]
[0, 0, 0]
[0, 0, 0]
[0, 0, 0]
[0, 0, 0]
[0, 0, 0]
[0, 0, 0]
[0, 0, 0]
[0, 0, 0]
[0, 0, 0]
[0, 0, 0]
[0, 0, 0]
[0, 0, 0]
[0, 0, 0]
[0, 0, 0]
[0, 0, 0]
[0, 0, 0]
[0, 0, 0]
[0, 0, 0]
[0, 0, 0]
[0, 0, 0]
[0, 0, 0]
[0, 0, 0]
[0, 0, 0]
[0, 0, 0]
[0, 0, 0]
[0, 0, 0]
[0, 0, 0]
[0, 0, 0]
[0, 0, 0]
[0, 0, 0]
[0, 0, 0]
[0, 0, 0]
[0, 0, 0]
[0, 0, 0]
[0, 0, 0]
[0, 0, 0]
[0, 0, 0]
[0, 0, 0]
[0, 0, 0]
[0, 0, 0]
[0, 0, 0]
[0, 0, 0]
[0, 0, 0]
[0, 0, 0]
[0, 0, 0]
[0, 0, 0]
[0, 0, 0]
[0, 0, 0]
[0, 0, 0]
[0, 0, 0]
[0, 0, 0]
[0, 0, 0]
[0, 0, 0]
[0, 0, 0]
[0, 0, 0]
[0, 0, 0]
[0, 0, 0]
[0, 0, 0]
[0, 0, 0]
[0, 0, 0]
[0, 0, 0]
[0, 0, 0]
[0, 0, 0]
[0, 0, 0]
[0, 0, 0]
[0, 0, 0]
[0, 0, 0]
[0, 0, 0]
[0, 0, 0]
[0, 0, 0]
[0, 0, 0]
[0, 0, 0]
[0, 0, 0]
[0, 0, 0]
[0, 0, 0]
[0, 0, 0]
[0, 0, 0]
[0, 0, 0]
[0, 0, 0]
[0, 0, 0]
[0, 0, 0]
[0, 0, 0]
[0, 0, 0]
[0, 0, 0]
[0, 0, 0]
[0, 0, 0]
[0, 0, 0]
[0, 0, 0]
[0, 0, 0]
[0, 0, 0]
[0, 0, 0]
[0, 0, 0]
[0, 0, 0]
[0, 0, 0]
[0, 0, 0]
[0, 0, 0]
[0, 0, 0]
[0, 0, 0]
[0, 0, 0]
[0, 0, 0]
[0, 0, 0]
[0, 0, 0]
[0, 0, 0]
[0, 0, 0]
[0, 0, 0]
[0, 0, 0]
[0, 0, 0]
[0, 0, 0]
[0, 0, 0]
[0, 0, 0]
[0, 0, 0]
[0, 0, 0]
[0, 0, 0]
[0, 0, 0]
[0, 0, 0]
[0, 0, 0]
[0, 0, 0]
[0, 0, 0]
[0, 0, 0]
[0, 0, 0]
[0, 0, 0]
[0, 0, 0]
[0, 0, 0]
[0, 0, 0]
[0, 0, 0]
[0, 0, 0]
[0, 0, 0]
[0, 0, 0]
[0, 0, 0]
[0, 0, 0]
[0, 0, 0]
[0, 0, 0]
[0, 0, 0]
[0, 0, 0]
[0, 0, 0]
[0, 0, 0]
[0, 0, 0]
[0, 0, 0]
[0, 0, 0]
[0, 0, 0]
[0, 0, 0]
[0, 0, 0]
[0, 0, 0]
[0, 0, 0]
[0, 0, 0]
[0, 0, 0]
[0, 0, 0]
[0, 0, 0]
[0, 0, 0]
[0, 0, 0]
[0, 0, 0]
[0, 0, 0]
[0, 0, 0]
[0, 0, 0]
[0, 0, 0]
[0, 0, 0]
[0, 0, 0]
[0, 0, 0]
[0, 0, 0]
[0, 0, 0]
[0, 0, 0]
[0, 0, 0]
[0, 0, 0]
[0, 0, 0]
[0, 0, 0]
[0, 0, 0]
[0, 0, 0]
[0, 0, 0]
[0, 0, 0]
[0, 0, 0]
[0, 0, 0]
[0, 0, 0]
[0, 0, 0]
[0, 0, 0]
[0, 0, 0]
[0, 0, 0]
[0, 0, 0]
[0, 0, 0]
[0, 0, 0]
[0, 0, 0]
[0, 0, 0]
[0, 0, 0]
[0, 0, 0]
[0, 0, 0]
[0, 0, 0]
[0, 0, 0]
[0, 0, 0]
[0, 0, 0]
[0, 0, 0]
[0, 0, 0]
[0, 0, 0]
[0, 0, 0]
[0, 0, 0]
[0, 0, 0]
[0, 0, 0]
[0, 0, 0]
[0, 0, 0]
[0, 0, 0]
[0, 0, 0]
[0, 0, 0]
[0, 0, 0]
[0, 0, 0]
[0, 0, 0]
[0, 0, 0]
[0, 0, 0]
[0, 0, 0]
[0, 0, 0]
[0, 0, 0]
[0, 0, 0]
[0, 0, 0]
[0, 0, 0]
[0, 0, 0]
[0, 0, 0]
[0, 0, 0]
[0, 0, 0]
[0, 0, 0]
[0, 0, 0]
[0, 0, 0]
[0, 0, 0]
[0, 0, 0]
[0, 0, 0]
[0, 0, 0]
[0, 0, 0]
[0, 0, 0]
[0, 0, 0]
[0, 0, 0]
[0, 0, 0]
[0, 0, 0]
[0, 0, 0]
[0, 0, 0]
[0, 0, 0]
[0, 0, 0]
[0, 0, 0]
[0, 0, 0]
[0, 0, 0]
[0, 0, 0]
[0, 0, 0]
[0, 0, 0]
[0, 0, 0]
[0, 0, 0]
[0, 0, 0]
[0, 0, 0]
[0, 0, 0]
[0, 0, 0]
[0, 0, 0]
[0, 0, 0]
[0, 0, 0]
[0, 0, 0]
[0, 0, 0]
[0, 0, 0]
[0, 0, 0]
[0, 0, 0]
[0, 0, 0]
[0, 0, 0]
[0, 0, 0]
[0, 0, 0]
[0, 0, 0]
[0, 0, 0]
[0, 0, 0]
[0, 0, 0]
[0, 0, 0]
[0, 0, 0]
[0, 0, 0]
[0, 0, 0]
[0, 0, 0]
[0, 0, 0]
[0, 0, 0]
[0, 0, 0]
[0, 0, 0]
[0, 0, 0]
[0, 0, 0]
[0, 0, 0]
[0, 0, 0]
[0, 0, 0]
[0, 0, 0]
[0, 0, 0]
[0, 0, 0]
[0, 0, 0]
[0, 0, 0]
[0, 0, 0]
[0, 0, 0]
[0, 0, 0]
[0, 0, 0]
[0, 0, 0]
[0, 0, 0]
[0, 0, 0]
[0, 0, 0]
[0, 0, 0]
[0, 0, 0]
[0, 0, 0]
[0, 0, 0]
[0, 0, 0]
[0, 0, 0]
[0, 0, 0]
[0, 0, 0]
[0, 0, 0]
[0, 0, 0]
[0, 0, 0]
[0, 0, 0]
[0, 0, 0]
[0, 0, 0]
[0, 0, 0]
[0, 0, 0]
[0, 0, 0]
[0, 0, 0]
[0, 0, 0]
[0, 0, 0]
[0, 0, 0]
[0, 0, 0]
[0, 0, 0]
[0, 0, 0]
[0, 0, 0]
[0, 0, 0]
[0, 0, 0]
[0, 0, 0]
[0, 0, 0]
[0, 0, 0]
[0, 0, 0]
[0, 0, 0]
[0, 0, 0]
[0, 0, 0]
[0, 0, 0]
[0, 0, 0]
[0, 0, 0]
[0, 0, 0]
[0, 0, 0]
[0, 0, 0]
[0, 0, 0]
[0, 0, 0]
[0, 0, 0]
[0, 0, 0]
[0, 0, 0]
[0, 0, 0]
[0, 0, 0]
[0, 0, 0]
[0, 0, 0]
[0, 0, 0]
[0, 0, 0]
