452
30
[50.18248749, 1553.36547852, 1030.83032227]
[53.09895706, 1553.29962158, 1029.75842285]
[55.83734131, 1552.04821777, 1028.37231445]
[56.4723587, 1550.77972412, 1028.25427246]
[61.35998535, 1547.88092041, 1023.35241699]
[60.89460373, 1547.48345947, 1024.93737793]
[65.37110901, 1547.73339844, 1025.95947266]
[73.77111053, 1554.46972656, 1033.7467041]
[75.9694519, 1553.809021, 1031.63793945]
[80.20623016, 1552.80145264, 1031.53088379]
[83.38314819, 1551.89331055, 1031.32983398]
[87.63772583, 1551.87036133, 1029.46777344]
[88.60512543, 1551.50109863, 1027.13293457]
[90.85279846, 1551.83233643, 1027.5904541]
[100.3611908, 1552.31970215, 1026.52880859]
[100.65843964, 1553.16033936, 1028.56726074]
[100.61094666, 1553.80322266, 1029.203125]
[102.55399323, 1551.59674072, 1027.85852051]
[103.56491852, 1551.39599609, 1028.1204834]
[106.41624451, 1549.29937744, 1024.67150879]
[109.60987091, 1548.53137207, 1024.71972656]
[108.50824738, 1549.01641846, 1020.67163086]
[110.33113098, 1547.77423096, 1021.22192383]
[112.21472931, 1548.62664795, 1019.74841309]
[112.37779999, 1548.66033936, 1020.84753418]
[114.38747406, 1548.05310059, 1018.25073242]
[115.72274017, 1545.65789795, 1018.22729492]
[118.10122681, 1545.10375977, 1012.03918457]
[119.21811676, 1542.37286377, 1008.71520996]
[118.14542389, 1543.0612793, 1008.71228027]
[118.26607513, 1543.33105469, 1008.65100098]
[118.36989594, 1543.33721924, 1008.72021484]
[118.74237823, 1543.10125732, 1008.7611084]
[124.20757294, 1541.23620605, 1004.63415527]
[127.11740875, 1543.50683594, 1005.79309082]
[130.47085571, 1537.61114502, 999.40234375]
[130.6245575, 1537.57037354, 999.34277344]
[139.17512512, 1539.08288574, 1004.25793457]
[139.00076294, 1528.61077881, 998.47497559]
[141.90719604, 1530.3805542, 990.88183594]
[148.43888855, 1529.49023438, 989.31665039]
[141.8717804, 1537.17687988, 981.67504883]
[143.02565002, 1540.47399902, 976.23583984]
[134.25979614, 1541.66540527, 967.93041992]
[129.90467834, 1542.16674805, 964.30773926]
[121.63637543, 1539.00756836, 956.4029541]
[115.08895111, 1540.10253906, 953.44311523]
[103.29463959, 1536.93084717, 951.90319824]
[89.10068512, 1538.95794678, 944.79846191]
[76.66014099, 1530.85266113, 940.21069336]
[61.44229126, 1527.56072998, 928.14746094]
[49.52470398, 1521.90032959, 925.37097168]
[40.44017792, 1511.55700684, 920.98742676]
[29.17665291, 1506.11254883, 917.69580078]
[17.18660927, 1506.28894043, 918.16271973]
[10.70518398, 1510.99890137, 924.89367676]
[-3.76018143, 1514.78308105, 921.34899902]
[-12.99359989, 1527.83294678, 917.34362793]
[-23.12781525, 1532.78112793, 908.04992676]
[-34.46044922, 1544.71716309, 910.37695312]
[-39.73777771, 1551.0914917, 907.6015625]
[-45.99962997, 1561.18151855, 904.79089355]
[-54.97122574, 1564.35980225, 909.96838379]
[-51.41003418, 1562.10498047, 891.09558105]
[-42.63702011, 1540.12420654, 879.57678223]
[-30.30347443, 1536.15716553, 878.66943359]
[-21.05080032, 1533.23596191, 888.03759766]
[-6.75961256, 1532.01434326, 890.04138184]
[18.71558952, 1533.94464111, 881.06164551]
[25.90383148, 1537.79302979, 881.42578125]
[46.94512558, 1525.93280029, 874.77526855]
[59.3571167, 1521.50695801, 869.61535645]
[71.94119263, 1528.23406982, 870.88879395]
[79.44112396, 1532.22174072, 871.75109863]
[97.23073578, 1544.86645508, 867.62524414]
[107.02798462, 1557.94042969, 861.68493652]
[112.82512665, 1568.49066162, 858.98046875]
[115.58911133, 1574.23046875, 860.04663086]
[119.84511566, 1580.73962402, 864.21520996]
[122.5303421, 1565.60638428, 862.60461426]
[121.12918091, 1570.52471924, 873.37182617]
[123.02114105, 1562.0446167, 879.98742676]
[126.8186264, 1555.47290039, 877.74487305]
[129.50892639, 1536.72387695, 883.88781738]
[135.38491821, 1554.59637451, 904.69519043]
[130.9745636, 1533.74456787, 899.74951172]
[133.86610413, 1521.19842529, 914.93041992]
[129.79705811, 1510.02886963, 905.6685791]
[127.14359283, 1506.67492676, 887.8815918]
[125.45174408, 1511.82800293, 879.94213867]
[113.82093811, 1508.51605225, 861.3380127]
[115.90856934, 1523.32727051, 868.88891602]
[107.26390076, 1530.39978027, 856.83496094]
[109.77458191, 1549.38867188, 833.07019043]
[113.8048172, 1567.67858887, 831.83557129]
[120.35729218, 1584.19421387, 827.59533691]
[120.72066498, 1586.16473389, 813.27062988]
[130.22827148, 1582.71673584, 801.30761719]
[138.68626404, 1571.95129395, 786.16247559]
[134.53361511, 1553.68884277, 770.4197998]
[142.24455261, 1526.50085449, 731.42138672]
[143.99409485, 1507.984375, 732.37268066]
[142.98110962, 1494.85479736, 711.05957031]
[151.73928833, 1498.62701416, 712.15661621]
[159.31210327, 1507.94177246, 713.3293457]
[172.67718506, 1517.65887451, 698.33349609]
[172.05285645, 1536.00213623, 694.62255859]
[178.84490967, 1548.76379395, 690.58166504]
[184.67933655, 1554.39074707, 692.43249512]
[188.83384705, 1559.6673584, 705.87573242]
[195.28271484, 1553.78265381, 717.7590332]
[203.02737427, 1532.38287354, 728.08251953]
[212.89672852, 1510.07659912, 715.49743652]
[218.67985535, 1490.39569092, 715.57775879]
[217.29516602, 1501.42810059, 746.68334961]
[221.81684875, 1503.78442383, 751.7890625]
[232.09951782, 1507.88104248, 751.25878906]
[241.91116333, 1514.05523682, 774.51879883]
[250.49412537, 1522.69915771, 780.99499512]
[254.14350891, 1525.17346191, 776.71459961]
[259.5776062, 1533.89245605, 780.16625977]
[269.70571899, 1541.98150635, 767.86047363]
[264.84777832, 1550.26123047, 780.23388672]
[259.284729, 1547.94641113, 780.92700195]
[261.53118896, 1548.37835693, 780.01965332]
[251.24394226, 1551.79174805, 782.21911621]
[240.63809204, 1555.5012207, 782.30090332]
[235.07472229, 1551.81054688, 778.71166992]
[231.91093445, 1541.4609375, 774.92102051]
[219.38633728, 1522.79180908, 753.43786621]
[208.85939026, 1507.96075439, 760.19909668]
[196.71026611, 1489.70135498, 751.57714844]
[177.4602356, 1479.6206665, 756.12658691]
[163.97441101, 1468.89361572, 744.00610352]
[151.64477539, 1472.61907959, 737.77856445]
[145.27308655, 1485.70214844, 735.71032715]
[134.64260864, 1502.48077393, 743.97436523]
[127.97303772, 1522.61242676, 747.95739746]
[122.07013702, 1541.34570312, 750.46154785]
[110.26223755, 1555.54272461, 756.38354492]
[104.12545776, 1560.72344971, 768.45678711]
[98.54949951, 1560.16870117, 782.49414062]
[85.67726898, 1553.95812988, 801.62451172]
[78.47679138, 1535.78491211, 818.89404297]
[62.42342377, 1513.28063965, 833.94018555]
[34.43427277, 1486.20037842, 840.24072266]
[23.43532181, 1475.7220459, 847.20422363]
[, 7.18749332, 1478.13372803, 849.88439941]
[-3.55954456, 1487.03289795, 844.29772949]
[-19.05681992, 1496.65039062, 835.50756836]
[-31.05051422, 1507.96130371, 829.51293945]
[-46.16555786, 1517.99645996, 809.96679688]
[-52.61967468, 1521.71539307, 801.65490723]
[-61.57138824, 1534.17108154, 795.234375]
[-70.7987442, 1533.46551514, 762.46789551]
[-77.69524384, 1540.73803711, 756.87109375]
[-87.21837616, 1544.39776611, 752.70385742]
[-93.67546844, 1549.85662842, 746.06921387]
[-102.77458954, 1548.55151367, 733.78918457]
[-103.49658966, 1542.24017334, 730.0057373]
[-109.12326813, 1530.16308594, 715.68408203]
[-108.39320374, 1518.69836426, 703.65258789]
[-112.07501221, 1498.49310303, 689.93017578]
[-117.95487976, 1478.55761719, 671.03466797]
[-119.65074158, 1462.54821777, 661.07055664]
[-121.27470398, 1467.53430176, 649.90466309]
[-129.09268188, 1480.39208984, 641.13891602]
[-136.18374634, 1494.28283691, 629.75695801]
[-143.74931335, 1496.71380615, 608.77307129]
[-145.03056335, 1505.55505371, 590.45715332]
[-160.29394531, 1507.40960693, 565.52294922]
[-171.21861267, 1500.03729248, 548.59191895]
[-179.47511292, 1492.72540283, 541.18212891]
[-184.0589447, 1467.58215332, 521.56555176]
[-192.21902466, 1448.43670654, 498.61120605]
[-194.51951599, 1448.58673096, 493.95825195]
[-204.59899902, 1456.9644165, 504.66308594]
[-206.99873352, 1457.23406982, 503.17089844]
[-208.50050354, 1456.93945312, 504.8918457]
[-214.22938538, 1458.49316406, 496.4744873]
[-208.85894775, 1457.78051758, 497.70800781]
[-208.52890015, 1453.02667236, 489.89904785]
[-213.28829956, 1460.44488525, 496.30395508]
[-214.1282196, 1456.53051758, 489.6517334]
[-212.39587402, 1454.36407471, 492.18603516]
[-207.74269104, 1454.12792969, 490.99780273]
[-204.6414032, 1471.10205078, 516.5345459]
[-196.13568115, 1475.6038208, 522.72521973]
[-190.00601196, 1471.99639893, 526.28710938]
[-182.48866272, 1465.15283203, 527.71728516]
[-175.16926575, 1460.32885742, 525.56970215]
[-166.43881226, 1467.7244873, 541.47827148]
[-154.68345642, 1486.44598389, 575.15783691]
[-143.36207581, 1487.10778809, 586.9708252]
[-126.64849854, 1489.85253906, 601.62902832]
[-111.48914337, 1491.53918457, 624.38195801]
[-97.23444366, 1482.36480713, 634.51037598]
[-96.3903656, 1481.4956665, 644.68786621]
[-89.83750916, 1490.80218506, 663.22619629]
[-77.92246246, 1502.97058105, 675.62658691]
[-63.86749268, 1521.20452881, 694.34936523]
[-59.00543594, 1532.93865967, 711.99194336]
[-48.91026688, 1542.96478271, 727.04553223]
[-36.82198715, 1545.98052979, 745.73278809]
[-27.83235359, 1549.97564697, 767.07348633]
[-19.60960388, 1549.35430908, 792.87792969]
[-17.94791794, 1543.2713623, 815.71508789]
[-16.60435295, 1533.14831543, 837.01428223]
[-6.29036522, 1530.79071045, 871.08996582]
[-1.7591126, 1518.68011475, 893.51147461]
[, 7.94948006, 1515.82476807, 926.60778809]
[13.79924965, 1497.59082031, 947.75048828]
[24.65764236, 1494.15716553, 967.70397949]
[34.93416214, 1515.82116699, 991.8515625]
[40.63908005, 1528.0401001, 1004.40124512]
[48.95207596, 1553.59661865, 1008.52160645]
[61.93359756, 1577.02532959, 1016.78637695]
[73.51748657, 1592.17407227, 1018.57043457]
[86.19663239, 1611.07025146, 1031.08618164]
[100.82782745, 1614.64331055, 1042.88720703]
[113.64481354, 1604.00274658, 1055.83374023]
[122.36998749, 1593.87634277, 1067.06445312]
[136.87469482, 1561.08776855, 1074.32177734]
[143.72532654, 1537.87817383, 1072.53881836]
[152.23612976, 1530.48760986, 1090.65185547]
[159.37599182, 1527.87261963, 1110.11547852]
[163.16882324, 1531.45068359, 1119.14624023]
[164.70568848, 1531.5166626, 1128.25952148]
[156.91352844, 1542.65118408, 1130.20458984]
[154.79684448, 1552.37408447, 1133.02099609]
[149.56114197, 1576.52160645, 1149.51293945]
[145.65794373, 1601.55963135, 1157.6394043]
[140.67185974, 1638.04547119, 1169.13842773]
[131.52294922, 1665.10876465, 1173.67749023]
[130.60269165, 1680.98083496, 1176.05834961]
[127.75169373, 1686.3338623, 1172.01611328]
[127.34361267, 1678.3918457, 1173.05664062]
[124.98073578, 1656.16455078, 1167.57080078]
[119.06874847, 1636.66937256, 1164.79956055]
[123.74304199, 1612.0680542, 1165.19335938]
[116.58753967, 1568.70587158, 1151.38134766]
[108.40509796, 1540.09881592, 1129.54614258]
[104.21430969, 1524.63171387, 1118.79882812]
[103.00907135, 1506.33648682, 1103.96044922]
[104.06346893, 1482.34521484, 1094.78540039]
[109.74481964, 1457.81231689, 1080.19067383]
[110.78083038, 1427.0760498, 1071.0012207]
[115.62760925, 1393.21588135, 1060.24169922]
[114.92468262, 1369.41662598, 1059.1862793]
[117.91679382, 1316.90112305, 1044.21252441]
[119.6845932, 1275.05145264, 1031.71057129]
[117.72931671, 1235.68447876, 1025.45495605]
[119.28240967, 1208.60290527, 1023.50402832]
[119.75868225, 1181.53829956, 1022.40661621]
[118.57040405, 1166.98757935, 1025.92749023]
[120.81352234, 1162.32089233, 1028.72753906]
[119.12747192, 1166.3343811, 1030.80029297]
[118.73792267, 1173.54458618, 1034.09692383]
[118.24625397, 1194.95257568, 1036.4284668]
[118.34108734, 1219.33322144, 1046.7421875]
[119.42792511, 1242.07263184, 1042.62731934]
[121.4358139, 1272.68145752, 1046.82324219]
[120.91223907, 1323.82727051, 1056.07348633]
[130.74934387, 1385.0355835, 1065.50415039]
[136.95448303, 1447.57873535, 1075.94067383]
[139.08531189, 1518.81378174, 1083.7109375]
[150.98883057, 1574.71374512, 1080.06323242]
[156.31791687, 1618.41101074, 1069.63867188]
[162.96232605, 1667.65948486, 1065.21362305]
[172.2504425, 1687.60650635, 1065.30004883]
[176.85539246, 1720.41088867, 1071.65942383]
[170.30970764, 1731.11572266, 1071.92163086]
[168.61126709, 1728.7713623, 1076.98046875]
[165.5295105, 1703.24346924, 1075.16870117]
[173.70706177, 1687.70593262, 1083.95166016]
[170.54154968, 1628.93511963, 1071.16455078]
[172.60414124, 1589.38262939, 1071.51489258]
[176.89894104, 1560.09521484, 1072.47705078]
[178.62994385, 1541.27868652, 1065.86645508]
[176.91937256, 1516.64031982, 1057.47290039]
[176.23454285, 1497.24414062, 1044.49536133]
[173.85159302, 1493.84143066, 1030.88049316]
[167.91072083, 1491.14019775, 1014.33154297]
[157.07350159, 1492.48138428, 997.46459961]
[150.91586304, 1488.43994141, 959.79064941]
[144.01167297, 1495.73864746, 935.94909668]
[133.64822388, 1504.88989258, 914.89331055]
[128.1182251, 1499.74981689, 891.1550293]
[116.70111084, 1504.66589355, 879.60961914]
[112.32096863, 1511.32080078, 865.4206543]
[109.83431244, 1504.00189209, 842.40466309]
[110.64681244, 1504.21173096, 825.31982422]
[108.18978119, 1507.38336182, 812.70947266]
[107.15808105, 1516.1885376, 797.87866211]
[108.39079285, 1518.95336914, 784.55371094]
[100.88166809, 1520.36279297, 769.8717041]
[97.44033813, 1515.28588867, 753.2565918]
[99.34684753, 1515.56188965, 736.78491211]
[97.94589996, 1516.19268799, 728.26342773]
[101.37859344, 1518.76959229, 707.99902344]
[99.34417725, 1521.17858887, 680.11669922]
[101.98700714, 1513.03961182, 650.74291992]
[104.19195557, 1502.36090088, 625.13964844]
[110.49112701, 1488.80792236, 593.50146484]
[112.35984039, 1482.59844971, 573.17687988]
[112.93425751, 1466.80963135, 544.14672852]
[113.76248169, 1461.20782471, 522.48120117]
[121.91171265, 1466.4786377, 508.42797852]
[122.92169189, 1469.80926514, 495.55627441]
[124.23490143, 1476.47155762, 482.35681152]
[127.16795349, 1484.22320557, 474.51501465]
[122.63101959, 1489.45422363, 465.70141602]
[124.93917847, 1493.05053711, 456.69995117]
[121.4598465, 1501.25195312, 447.9765625]
[120.36244202, 1514.3480835, 449.18981934]
[123.05052948, 1520.22424316, 447.0345459]
[114.29047394, 1518.20654297, 449.58618164]
[112.42788696, 1512.1427002, 446.82141113]
[111.16366577, 1508.57617188, 444.6640625]
[112.24786377, 1508.1227417, 445.87536621]
[118.51313782, 1524.48840332, 465.39465332]
[114.56031799, 1522.7755127, 465.41149902]
[112.69847107, 1530.1149292, 485.06811523]
[106.71138, 1517.7121582, 474.42004395]
[99.67114258, 1499.80609131, 473.99279785]
[96.9278717, 1503.55529785, 510.88769531]
[91.60553741, 1499.37255859, 521.26147461]
[86.99900055, 1502.43835449, 530.02722168]
[74.4559021, 1506.3927002, 532.21582031]
[74.56912994, 1518.89782715, 532.29602051]
[61.36865234, 1541.19616699, 539.8013916]
[50.20227432, 1568.05981445, 543.77026367]
[39.47192001, 1579.61651611, 545.33422852]
[39.59464645, 1600.57446289, 527.21533203]
[35.0867157, 1601.85388184, 518.85107422]
[34.03430176, 1608.02099609, 508.59802246]
[31.38009071, 1610.956604, 506.07727051]
[18.03494453, 1590.10101318, 490.36669922]
[3.28376889e-01, 1.55803186e+03, 4.73733521e+02]
[-16.30443954, 1538.35229492, 457.41088867]
[-40.85081863, 1527.96594238, 455.58984375]
[-63.540802, 1515.86083984, 452.94445801]
[-91.04348755, 1500.76269531, 451.3807373]
[-108.7095871, 1491.94970703, 451.87194824]
[-120.11425018, 1494.35461426, 441.5234375]
[-122.65044403, 1503.34173584, 448.27282715]
[-120.53594208, 1498.54772949, 445.89294434]
[-122.29322052, 1507.87860107, 452.45617676]
[-124.30292511, 1516.56915283, 455.26379395]
[-121.64590454, 1517.76446533, 452.90332031]
[-126.71279907, 1519.78436279, 456.31115723]
[-142.54850769, 1531.85882568, 472.26489258]
[-139.69920349, 1532.81219482, 487.19018555]
[-144.81152344, 1537.19641113, 503.42602539]
[-150.38868713, 1528.21844482, 525.16125488]
[-148.31617737, 1523.98797607, 541.05200195]
[-142.28833008, 1518.15087891, 563.07104492]
[-127.21169281, 1502.89093018, 564.67651367]
[-125.76802063, 1478.89178467, 575.31286621]
[-107.05175018, 1487.71417236, 599.6418457]
[-98.09864807, 1486.43988037, 607.00305176]
[-88.5265274, 1498.04003906, 624.20373535]
[-87.60649109, 1514.60113525, 637.41223145]
[-80.46422577, 1531.95233154, 650.51538086]
[-68.55440521, 1552.97015381, 660.17565918]
[-53.99218369, 1567.86193848, 674.00476074]
[-43.76379776, 1577.04296875, 682.08032227]
[-38.2732811, 1581.28601074, 693.63342285]
[-32.46850586, 1591.11340332, 713.06420898]
[-22.87341881, 1590.64135742, 725.10095215]
[-8.32272434, 1583.27807617, 743.53222656]
[, 3.31162715, 1574.47747803, 763.24536133]
[15.31291008, 1555.9050293, 778.38049316]
[32.64216995, 1538.66278076, 801.46826172]
[51.16494751, 1517.83953857, 820.61254883]
[72.81268311, 1509.71002197, 851.76318359]
[92.86123657, 1503.14990234, 874.50354004]
[107.40536499, 1513.62615967, 894.53881836]
[121.13883209, 1526.14575195, 916.58520508]
[137.84524536, 1536.25073242, 926.95666504]
[146.29774475, 1548.46746826, 944.33825684]
[150.88513184, 1544.07324219, 943.55493164]
[159.13439941, 1563.73876953, 961.72277832]
[158.32012939, 1560.55645752, 962.38867188]
[159.33378601, 1562.70703125, 973.10046387]
[165.58743286, 1567.3269043, 986.08703613]
[166.23742676, 1563.87036133, 992.30297852]
[168.34480286, 1559.94244385, 1003.48571777]
[166.38935852, 1560.184021, 1017.38122559]
[171.32220459, 1568.07067871, 1034.0748291]
[171.90663147, 1567.69671631, 1051.76831055]
[162.59724426, 1561.98138428, 1065.40966797]
[157.10580444, 1556.75238037, 1079.21923828]
[148.84394836, 1549.43273926, 1094.6574707]
[136.81600952, 1543.03521729, 1110.46899414]
[123.92585754, 1529.01123047, 1121.28051758]
[123.81412506, 1523.14068604, 1132.50170898]
[116.66054535, 1513.89044189, 1133.66088867]
[117.40649414, 1519.21594238, 1132.27416992]
[120.00404358, 1525.90551758, 1136.12939453]
[125.8740387, 1545.07012939, 1138.02099609]
[126.2440567, 1550.71923828, 1138.5949707]
[131.45217896, 1557.62243652, 1144.09912109]
[135.659729, 1561.57659912, 1143.59130859]
[144.22111511, 1561.65948486, 1149.68359375]
[152.44233704, 1566.18334961, 1160.17504883]
[160.62742615, 1563.70617676, 1163.03173828]
[170.57588196, 1564.10961914, 1172.25317383]
[179.31451416, 1556.50146484, 1185.4909668]
[192.70347595, 1547.01025391, 1199.13549805]
[207.89424133, 1528.0322876, 1208.41845703]
[218.62438965, 1508.06286621, 1218.58984375]
[229.26373291, 1498.76251221, 1228.50732422]
[239.5466156, 1501.1831665, 1237.17578125]
[247.14881897, 1501.08355713, 1243.84594727]
[248.13235474, 1512.85772705, 1252.24511719]
[255.15544128, 1522.70977783, 1253.57910156]
[258.76010132, 1532.55133057, 1249.87133789]
[263.81292725, 1545.29589844, 1245.11254883]
[259.47595215, 1552.3503418, 1241.32983398]
[257.55957031, 1550.70245361, 1229.44946289]
[253.57794189, 1550.01916504, 1220.60644531]
[246.09098816, 1538.76373291, 1208.44726562]
[236.69981384, 1528.82727051, 1194.46826172]
[224.20343018, 1516.85852051, 1174.26049805]
[211.15843201, 1508.3137207, 1156.32910156]
[196.40789795, 1502.54919434, 1136.32592773]
[181.36575317, 1498.01049805, 1111.95996094]
[166.90861511, 1486.14703369, 1091.00976562]
[157.9291687, 1475.74914551, 1070.34887695]
[143.35031128, 1465.09063721, 1054.00415039]
[135.2150116, 1458.00378418, 1038.43017578]
[127.12508392, 1453.17919922, 1020.77172852]
[121.80763245, 1452.87213135, 1006.28564453]
[117.6967926, 1453.35333252, 992.44921875]
[108.46708679, 1456.2833252, 978.76123047]
[97.78437805, 1464.52471924, 957.81982422]
[94.74570465, 1466.8001709, 941.45581055]
[86.18727875, 1474.85736084, 920.26647949]
[76.82772064, 1483.88342285, 905.07653809]
[65.11656952, 1490.49346924, 891.03833008]
[57.68719101, 1494.8548584, 874.71472168]
[49.83079529, 1492.92077637, 857.75036621]
[42.59223557, 1493.81323242, 842.65429688]
[31.9136982, 1486.28131104, 830.20239258]
[21.58478546, 1475.38775635, 810.13781738]
[14.45951271, 1476.18780518, 796.14306641]
[, 7.70014715, 1471.94378662, 782.7208252]
[, 6.4627099, 1474.75439453, 774.45129395]
[, 2.44118834, 1475.25897217, 746.01818848]
[-2.80000639, 1474.75579834, 723.38208008]
[-7.06487513, 1481.3885498, 704.26623535]
[0, 0, 0]
[0, 0, 0]
[0, 0, 0]
[0, 0, 0]
[0, 0, 0]
[0, 0, 0]
[0, 0, 0]
[0, 0, 0]
[0, 0, 0]
[0, 0, 0]
[0, 0, 0]
[0, 0, 0]
[0, 0, 0]
[0, 0, 0]
[0, 0, 0]
[0, 0, 0]
[0, 0, 0]
[0, 0, 0]
[0, 0, 0]
[0, 0, 0]
[0, 0, 0]
[0, 0, 0]
[0, 0, 0]
[0, 0, 0]
[0, 0, 0]
[0, 0, 0]
[0, 0, 0]
[0, 0, 0]
[0, 0, 0]
[0, 0, 0]
[0, 0, 0]
[0, 0, 0]
[0, 0, 0]
[0, 0, 0]
[0, 0, 0]
[0, 0, 0]
[0, 0, 0]
[0, 0, 0]
[0, 0, 0]
[0, 0, 0]
[0, 0, 0]
[0, 0, 0]
[0, 0, 0]
[0, 0, 0]
[0, 0, 0]
[0, 0, 0]
[0, 0, 0]
[0, 0, 0]
[0, 0, 0]
[0, 0, 0]
[0, 0, 0]
[0, 0, 0]
[0, 0, 0]
[0, 0, 0]
[0, 0, 0]
[0, 0, 0]
[0, 0, 0]
[0, 0, 0]
[0, 0, 0]
[0, 0, 0]
[0, 0, 0]
[0, 0, 0]
[0, 0, 0]
[0, 0, 0]
[0, 0, 0]
[0, 0, 0]
[0, 0, 0]
[0, 0, 0]
[0, 0, 0]
[0, 0, 0]
[0, 0, 0]
[0, 0, 0]
[0, 0, 0]
[0, 0, 0]
[0, 0, 0]
[0, 0, 0]
[0, 0, 0]
[0, 0, 0]
[0, 0, 0]
[0, 0, 0]
[0, 0, 0]
[0, 0, 0]
[0, 0, 0]
[0, 0, 0]
[0, 0, 0]
[0, 0, 0]
[0, 0, 0]
[0, 0, 0]
[0, 0, 0]
[0, 0, 0]
[0, 0, 0]
[0, 0, 0]
[0, 0, 0]
[0, 0, 0]
[0, 0, 0]
[0, 0, 0]
[0, 0, 0]
[0, 0, 0]
[0, 0, 0]
[0, 0, 0]
[0, 0, 0]
[0, 0, 0]
[0, 0, 0]
[0, 0, 0]
[0, 0, 0]
[0, 0, 0]
[0, 0, 0]
[0, 0, 0]
[0, 0, 0]
[0, 0, 0]
[0, 0, 0]
[0, 0, 0]
[0, 0, 0]
[0, 0, 0]
[0, 0, 0]
[0, 0, 0]
[0, 0, 0]
[0, 0, 0]
[0, 0, 0]
[0, 0, 0]
[0, 0, 0]
[0, 0, 0]
[0, 0, 0]
[0, 0, 0]
[0, 0, 0]
[0, 0, 0]
[0, 0, 0]
[0, 0, 0]
[0, 0, 0]
[0, 0, 0]
[0, 0, 0]
[0, 0, 0]
[0, 0, 0]
[0, 0, 0]
[0, 0, 0]
[0, 0, 0]
[0, 0, 0]
[0, 0, 0]
[0, 0, 0]
[0, 0, 0]
[0, 0, 0]
[0, 0, 0]
[0, 0, 0]
[0, 0, 0]
[0, 0, 0]
[0, 0, 0]
[0, 0, 0]
[0, 0, 0]
[0, 0, 0]
[0, 0, 0]
[0, 0, 0]
[0, 0, 0]
[0, 0, 0]
[0, 0, 0]
[0, 0, 0]
[0, 0, 0]
[0, 0, 0]
[0, 0, 0]
[0, 0, 0]
[0, 0, 0]
[0, 0, 0]
[0, 0, 0]
[0, 0, 0]
[0, 0, 0]
[0, 0, 0]
[0, 0, 0]
[0, 0, 0]
[0, 0, 0]
[0, 0, 0]
[0, 0, 0]
[0, 0, 0]
[0, 0, 0]
[0, 0, 0]
[0, 0, 0]
[0, 0, 0]
[0, 0, 0]
[0, 0, 0]
[0, 0, 0]
[0, 0, 0]
[0, 0, 0]
[0, 0, 0]
[0, 0, 0]
[0, 0, 0]
[0, 0, 0]
[0, 0, 0]
[0, 0, 0]
[0, 0, 0]
[0, 0, 0]
[0, 0, 0]
[0, 0, 0]
[0, 0, 0]
[0, 0, 0]
[0, 0, 0]
[0, 0, 0]
[0, 0, 0]
[0, 0, 0]
[0, 0, 0]
[0, 0, 0]
[0, 0, 0]
[0, 0, 0]
[0, 0, 0]
[0, 0, 0]
[0, 0, 0]
[0, 0, 0]
[0, 0, 0]
[0, 0, 0]
[0, 0, 0]
[0, 0, 0]
[0, 0, 0]
[0, 0, 0]
[0, 0, 0]
[0, 0, 0]
[0, 0, 0]
[0, 0, 0]
[0, 0, 0]
[0, 0, 0]
[0, 0, 0]
[0, 0, 0]
[0, 0, 0]
[0, 0, 0]
[0, 0, 0]
[0, 0, 0]
[0, 0, 0]
[0, 0, 0]
[0, 0, 0]
[0, 0, 0]
[0, 0, 0]
[0, 0, 0]
[0, 0, 0]
[0, 0, 0]
[0, 0, 0]
[0, 0, 0]
[0, 0, 0]
[0, 0, 0]
[0, 0, 0]
[0, 0, 0]
[0, 0, 0]
[0, 0, 0]
[0, 0, 0]
[0, 0, 0]
[0, 0, 0]
[0, 0, 0]
[0, 0, 0]
[0, 0, 0]
[0, 0, 0]
[0, 0, 0]
[0, 0, 0]
[0, 0, 0]
[0, 0, 0]
[0, 0, 0]
[0, 0, 0]
[0, 0, 0]
[0, 0, 0]
[0, 0, 0]
[0, 0, 0]
[0, 0, 0]
[0, 0, 0]
[0, 0, 0]
[0, 0, 0]
[0, 0, 0]
[0, 0, 0]
[0, 0, 0]
[0, 0, 0]
[0, 0, 0]
[0, 0, 0]
[0, 0, 0]
[0, 0, 0]
[0, 0, 0]
[0, 0, 0]
[0, 0, 0]
[0, 0, 0]
[0, 0, 0]
[0, 0, 0]
[0, 0, 0]
[0, 0, 0]
[0, 0, 0]
[0, 0, 0]
[0, 0, 0]
[0, 0, 0]
[0, 0, 0]
[0, 0, 0]
[0, 0, 0]
[0, 0, 0]
[0, 0, 0]
[0, 0, 0]
[0, 0, 0]
[0, 0, 0]
[0, 0, 0]
[0, 0, 0]
[0, 0, 0]
[0, 0, 0]
[0, 0, 0]
[0, 0, 0]
[0, 0, 0]
[0, 0, 0]
[0, 0, 0]
[0, 0, 0]
[0, 0, 0]
[0, 0, 0]
[0, 0, 0]
[0, 0, 0]
[0, 0, 0]
[0, 0, 0]
[0, 0, 0]
[0, 0, 0]
[0, 0, 0]
[0, 0, 0]
[0, 0, 0]
[0, 0, 0]
[0, 0, 0]
[0, 0, 0]
[0, 0, 0]
[0, 0, 0]
[0, 0, 0]
[0, 0, 0]
[0, 0, 0]
[0, 0, 0]
[0, 0, 0]
[0, 0, 0]
[0, 0, 0]
[0, 0, 0]
[0, 0, 0]
[0, 0, 0]
[0, 0, 0]
[0, 0, 0]
[0, 0, 0]
[0, 0, 0]
[0, 0, 0]
[0, 0, 0]
[0, 0, 0]
[0, 0, 0]
[0, 0, 0]
[0, 0, 0]
[0, 0, 0]
[0, 0, 0]
[0, 0, 0]
[0, 0, 0]
[0, 0, 0]
[0, 0, 0]
[0, 0, 0]
[0, 0, 0]
[0, 0, 0]
[0, 0, 0]
[0, 0, 0]
[0, 0, 0]
[0, 0, 0]
[0, 0, 0]
[0, 0, 0]
[0, 0, 0]
[0, 0, 0]
[0, 0, 0]
[0, 0, 0]
[0, 0, 0]
[0, 0, 0]
[0, 0, 0]
[0, 0, 0]
[0, 0, 0]
[0, 0, 0]
[0, 0, 0]
[0, 0, 0]
[0, 0, 0]
[0, 0, 0]
[0, 0, 0]
[0, 0, 0]
[0, 0, 0]
[0, 0, 0]
[0, 0, 0]
[0, 0, 0]
[0, 0, 0]
[0, 0, 0]
[0, 0, 0]
[0, 0, 0]
[0, 0, 0]
[0, 0, 0]
[0, 0, 0]
[0, 0, 0]
[0, 0, 0]
[0, 0, 0]
[0, 0, 0]
[0, 0, 0]
[0, 0, 0]
[0, 0, 0]
[0, 0, 0]
[0, 0, 0]
[0, 0, 0]
[0, 0, 0]
[0, 0, 0]
[0, 0, 0]
[0, 0, 0]
[0, 0, 0]
[0, 0, 0]
[0, 0, 0]
[0, 0, 0]
[0, 0, 0]
[0, 0, 0]
[0, 0, 0]
[0, 0, 0]
[0, 0, 0]
[0, 0, 0]
[0, 0, 0]
[0, 0, 0]
[0, 0, 0]
[0, 0, 0]
[0, 0, 0]
[0, 0, 0]
[0, 0, 0]
[0, 0, 0]
[0, 0, 0]
[0, 0, 0]
[0, 0, 0]
[0, 0, 0]
[0, 0, 0]
[0, 0, 0]
[0, 0, 0]
[0, 0, 0]
[0, 0, 0]
[0, 0, 0]
[0, 0, 0]
[0, 0, 0]
[0, 0, 0]
[0, 0, 0]
[0, 0, 0]
[0, 0, 0]
[0, 0, 0]
[0, 0, 0]
[0, 0, 0]
[0, 0, 0]
[0, 0, 0]
[0, 0, 0]
[0, 0, 0]
[0, 0, 0]
[0, 0, 0]
[0, 0, 0]
[0, 0, 0]
[0, 0, 0]
[0, 0, 0]
[0, 0, 0]
[0, 0, 0]
[0, 0, 0]
[0, 0, 0]
[0, 0, 0]
[0, 0, 0]
[0, 0, 0]
[0, 0, 0]
[0, 0, 0]
[0, 0, 0]
[0, 0, 0]
[0, 0, 0]
[0, 0, 0]
[0, 0, 0]
[0, 0, 0]
[0, 0, 0]
