452
30
[84.9092788696289, -715.9515380859375, 2030.619140625]
[87.87425994873047, -715.6778564453125, 2029.6416015625]
[90.88533020019531, -714.6666870117188, 2028.166748046875]
[91.9365463256836, -713.7941284179688, 2027.6241455078125]
[96.84812927246094, -710.8485717773438, 2023.4322509765625]
[96.8682632446289, -710.9344482421875, 2023.784423828125]
[100.95904541015625, -710.830322265625, 2023.99755859375]
[109.78005981445312, -717.5233764648438, 2031.666259765625]
[112.01256561279297, -716.9278564453125, 2029.59326171875]
[116.48861694335938, -716.2036743164062, 2030.12158203125]
[119.5208740234375, -715.19921875, 2029.6666259765625]
[123.89818572998047, -715.189697265625, 2027.752685546875]
[124.90406036376953, -714.8914184570312, 2025.322021484375]
[127.05349731445312, -715.0661010742188, 2025.746337890625]
[136.19969177246094, -715.0801391601562, 2025.0272216796875]
[136.96435546875, -716.3367919921875, 2026.754150390625]
[137.03811645507812, -717.053955078125, 2027.0631103515625]
[138.9738006591797, -714.9968872070312, 2025.4071044921875]
[139.9530029296875, -714.7797241210938, 2025.5357666015625]
[142.80947875976562, -712.90771484375, 2021.7740478515625]
[146.4668426513672, -712.6275024414062, 2021.462158203125]
[145.13702392578125, -713.0067138671875, 2017.505615234375]
[146.8739013671875, -711.8003540039062, 2017.6226806640625]
[148.78082275390625, -712.5255126953125, 2016.468017578125]
[148.55809020996094, -712.195068359375, 2017.0745849609375]
[150.5605926513672, -711.5376586914062, 2014.63818359375]
[151.4783935546875, -709.0111083984375, 2013.7977294921875]
[153.851318359375, -708.34716796875, 2008.6217041015625]
[154.47474670410156, -705.3006591796875, 2005.0079345703125]
[153.4624786376953, -705.9199829101562, 2005.2056884765625]
[153.52996826171875, -706.1448364257812, 2004.9586181640625]
[153.61561584472656, -706.1371459960938, 2005.003662109375]
[153.9317626953125, -705.8599243164062, 2005.02294921875]
[158.4048614501953, -702.9107666015625, 2001.33349609375]
[160.88198852539062, -704.5164184570312, 2002.503662109375]
[163.44354248046875, -698.2520751953125, 1997.414306640625]
[163.58541870117188, -698.2017822265625, 1997.3646240234375]
[170.9971923828125, -698.5171508789062, 2002.5987548828125]
[170.25033569335938, -688.1083374023438, 1998.1768798828125]
[172.5949249267578, -689.342529296875, 1993.5653076171875]
[177.52853393554688, -687.5744018554688, 1991.703125]
[171.00083923339844, -694.8485107421875, 1984.199462890625]
[171.05960083007812, -697.4906005859375, 1979.5194091796875]
[161.7086639404297, -698.68994140625, 1972.95703125]
[157.27796936035156, -699.21337890625, 1969.7525634765625]
[148.94915771484375, -696.5092163085938, 1964.185546875]
[142.1315155029297, -697.5015869140625, 1962.94775390625]
[129.44186401367188, -693.8985595703125, 1961.33935546875]
[115.45327758789062, -696.5166625976562, 1957.3104248046875]
[102.85484313964844, -689.1681518554688, 1954.11669921875]
[86.07205963134766, -685.7383422851562, 1944.2257080078125]
[74.16240692138672, -680.9138793945312, 1943.1541748046875]
[63.245052337646484, -670.5761108398438, 1941.433349609375]
[51.54436111450195, -665.6143798828125, 1938.6162109375]
[38.27396774291992, -665.8840942382812, 1940.05859375]
[31.929410934448242, -670.022705078125, 1945.8223876953125]
[17.626371383666992, -674.7879028320312, 1943.5408935546875]
[8.965542793273926, -687.8307495117188, 1939.5733642578125]
[-0.07151998579502106, -693.5955200195312, 1929.8436279296875]
[-8.150973320007324, -705.794677734375, 1929.6717529296875]
[-11.15038013458252, -712.4879150390625, 1924.8173828125]
[-15.170971870422363, -723.4380493164062, 1920.878662109375]
[-22.187255859375, -727.1810913085938, 1924.3609619140625]
[-18.85975456237793, -725.5194091796875, 1907.1087646484375]
[-10.237934112548828, -704.0, 1894.3232421875]
[3.304818630218506, -700.11376953125, 1889.5914306640625]
[14.340837478637695, -697.404296875, 1893.0216064453125]
[28.670259475708008, -695.967529296875, 1890.0733642578125]
[55.26129150390625, -698.9108276367188, 1875.172607421875]
[61.78874206542969, -702.639404296875, 1870.841064453125]
[84.37483978271484, -692.5526733398438, 1862.8095703125]
[95.06375122070312, -687.479736328125, 1855.2354736328125]
[106.20843505859375, -693.4338989257812, 1854.177978515625]
[112.93663024902344, -697.0255737304688, 1853.792236328125]
[128.48263549804688, -709.83447265625, 1844.97412109375]
[135.55636596679688, -722.4539794921875, 1836.5360107421875]
[140.10595703125, -732.703857421875, 1832.4149169921875]
[141.73211669921875, -740.218994140625, 1830.6829833984375]
[144.7176055908203, -748.4293823242188, 1831.6458740234375]
[146.40530395507812, -734.0203857421875, 1829.4608154296875]
[144.0032501220703, -739.67529296875, 1838.4080810546875]
[144.21714782714844, -731.7491455078125, 1844.552490234375]
[146.50494384765625, -723.0349731445312, 1843.368896484375]
[147.9580841064453, -708.8301391601562, 1845.7025146484375]
[155.82093811035156, -724.0589599609375, 1866.565673828125]
[151.34169006347656, -702.7132568359375, 1863.1673583984375]
[151.71441650390625, -689.0468139648438, 1878.162109375]
[145.58042907714844, -676.9479370117188, 1869.8173828125]
[140.160400390625, -672.3636474609375, 1852.4356689453125]
[138.3699951171875, -677.6226806640625, 1844.0076904296875]
[126.58293914794922, -674.6363525390625, 1825.638671875]
[129.1306915283203, -690.7049560546875, 1831.266845703125]
[121.98075866699219, -696.9934692382812, 1819.9320068359375]
[124.8930435180664, -715.6259155273438, 1796.611572265625]
[125.99674987792969, -734.3192138671875, 1793.55029296875]
[127.41839599609375, -750.5631713867188, 1787.6915283203125]
[125.06273651123047, -752.4470825195312, 1773.43359375]
[128.8265838623047, -748.9711303710938, 1761.4949951171875]
[130.51853942871094, -737.539306640625, 1748.4996337890625]
[120.45747375488281, -718.3492431640625, 1735.3416748046875]
[124.53759765625, -690.6585693359375, 1699.412109375]
[124.8985824584961, -672.5918579101562, 1700.924560546875]
[121.4449234008789, -658.3580932617188, 1681.957763671875]
[126.57256317138672, -662.568603515625, 1685.3216552734375]
[131.7979736328125, -672.2960205078125, 1687.9517822265625]
[140.65492248535156, -682.25048828125, 1678.2998046875]
[137.25099182128906, -699.575927734375, 1680.954833984375]
[142.4010009765625, -711.7323608398438, 1681.8162841796875]
[148.26910400390625, -716.966552734375, 1685.4722900390625]
[152.8778533935547, -721.0862426757812, 1699.7652587890625]
[159.22019958496094, -715.517578125, 1712.0452880859375]
[168.239013671875, -693.9369506835938, 1722.416015625]
[178.9244384765625, -671.47705078125, 1711.42138671875]
[185.12684631347656, -652.6815795898438, 1709.18310546875]
[184.61415100097656, -664.2691650390625, 1732.2174072265625]
[188.8348388671875, -667.2819213867188, 1735.676513671875]
[200.2906951904297, -672.4895629882812, 1730.6165771484375]
[215.8147430419922, -681.0336303710938, 1744.761474609375]
[225.32769775390625, -690.7005615234375, 1749.2237548828125]
[229.153564453125, -693.5361328125, 1744.565673828125]
[234.06053161621094, -703.4218139648438, 1747.016845703125]
[244.064208984375, -710.9102172851562, 1735.2457275390625]
[241.11924743652344, -718.3236694335938, 1746.8157958984375]
[240.54354858398438, -714.5958862304688, 1746.2193603515625]
[246.755859375, -714.5428466796875, 1743.8856201171875]
[240.3478546142578, -717.2015380859375, 1745.1458740234375]
[236.5164337158203, -717.8604125976562, 1746.6812744140625]
[236.6239013671875, -712.1531372070312, 1744.8426513671875]
[243.1110382080078, -700.3711547851562, 1744.2620849609375]
[235.66055297851562, -682.2518920898438, 1726.875244140625]
[227.80308532714844, -667.4360961914062, 1734.9459228515625]
[220.12664794921875, -650.6862182617188, 1729.919921875]
[202.87205505371094, -639.739501953125, 1737.369384765625]
[191.34396362304688, -629.3237915039062, 1728.7303466796875]
[179.8057403564453, -632.9530639648438, 1724.5843505859375]
[173.2829132080078, -644.9035034179688, 1724.87841796875]
[163.4001922607422, -660.9868774414062, 1734.53564453125]
[157.0674591064453, -680.0833740234375, 1740.5264892578125]
[151.5326690673828, -698.21630859375, 1743.315673828125]
[139.20118713378906, -712.0693969726562, 1750.0164794921875]
[132.50083923339844, -716.9844360351562, 1762.4913330078125]
[126.36996459960938, -716.0849609375, 1777.8271484375]
[113.74182891845703, -710.2766723632812, 1796.9305419921875]
[104.69004821777344, -691.1485595703125, 1815.86083984375]
[88.18257141113281, -669.1993408203125, 1831.912109375]
[60.746395111083984, -642.470458984375, 1839.91015625]
[48.64840316772461, -631.4357299804688, 1845.013671875]
[33.54673385620117, -634.01171875, 1848.153076171875]
[23.277626037597656, -643.1666259765625, 1845.5140380859375]
[9.268852233886719, -653.6864013671875, 1839.878662109375]
[-2.126446008682251, -665.6759033203125, 1837.2767333984375]
[-16.605806350708008, -677.1099853515625, 1821.249267578125]
[-23.51337242126465, -681.0755615234375, 1813.5009765625]
[-32.19755935668945, -693.66455078125, 1809.0079345703125]
[-43.04369354248047, -695.3046264648438, 1781.4212646484375]
[-49.47710037231445, -702.605712890625, 1776.4022216796875]
[-58.09910202026367, -705.9356079101562, 1771.064697265625]
[-64.84921264648438, -711.0620727539062, 1764.6934814453125]
[-72.00521850585938, -710.8682861328125, 1750.9942626953125]
[-73.45872497558594, -703.1892700195312, 1746.222412109375]
[-80.26053619384766, -690.9984130859375, 1732.7537841796875]
[-79.9393081665039, -679.487060546875, 1721.2601318359375]
[-82.55967712402344, -660.0820922851562, 1706.8984375]
[-88.07469940185547, -640.5665283203125, 1687.1700439453125]
[-90.0376968383789, -623.62060546875, 1674.5909423828125]
[-91.81346893310547, -627.7528686523438, 1661.691162109375]
[-97.53483581542969, -641.0218505859375, 1650.6396484375]
[-103.24931335449219, -654.9839477539062, 1632.6502685546875]
[-110.58251190185547, -657.8278198242188, 1607.7476806640625]
[-112.37689971923828, -666.9830322265625, 1584.8045654296875]
[-126.24945068359375, -670.3777465820312, 1560.97998046875]
[-136.86141967773438, -663.7796020507812, 1544.32421875]
[-144.06236267089844, -657.5599975585938, 1536.4268798828125]
[-149.93336486816406, -631.7198486328125, 1519.59375]
[-159.13397216796875, -612.6971435546875, 1499.8155517578125]
[-161.3663330078125, -612.788818359375, 1495.622802734375]
[-171.1577606201172, -620.6143188476562, 1506.1632080078125]
[-174.83084106445312, -620.0182495117188, 1507.2498779296875]
[-176.75723266601562, -619.4550170898438, 1509.9515380859375]
[-182.46038818359375, -621.0679931640625, 1501.265625]
[-177.31849670410156, -619.7672119140625, 1500.92041015625]
[-176.57106018066406, -615.4714965820312, 1491.8551025390625]
[-181.02078247070312, -622.4805297851562, 1498.2734375]
[-182.24525451660156, -619.244384765625, 1494.7213134765625]
[-179.5818634033203, -618.0033569335938, 1495.3553466796875]
[-175.5728302001953, -618.2432250976562, 1495.7060546875]
[-172.40066528320312, -633.5906982421875, 1522.0638427734375]
[-163.37742614746094, -638.5672607421875, 1526.1973876953125]
[-154.99258422851562, -637.3281860351562, 1528.9599609375]
[-146.66749572753906, -631.4293212890625, 1529.419677734375]
[-139.84896850585938, -626.3065185546875, 1527.769775390625]
[-130.462890625, -633.3984985351562, 1542.445068359375]
[-117.43644714355469, -651.8672485351562, 1573.0474853515625]
[-107.31476593017578, -652.0164184570312, 1584.4310302734375]
[-90.02938079833984, -656.1469116210938, 1599.070068359375]
[-76.12858581542969, -656.36865234375, 1621.753173828125]
[-61.70732879638672, -647.3824462890625, 1634.4688720703125]
[-60.14252853393555, -647.6002807617188, 1646.418701171875]
[-53.37810134887695, -656.7412719726562, 1665.107421875]
[-41.84186935424805, -668.6596069335938, 1678.4820556640625]
[-28.561548233032227, -685.287841796875, 1697.019775390625]
[-23.718223571777344, -696.4860229492188, 1713.766357421875]
[-14.250828742980957, -705.501953125, 1729.27734375]
[-2.8604674339294434, -707.406982421875, 1747.208984375]
[5.727030277252197, -710.7417602539062, 1769.1500244140625]
[14.237311363220215, -710.3751831054688, 1794.2586669921875]
[15.655085563659668, -704.5453491210938, 1816.6937255859375]
[18.08538818359375, -695.6913452148438, 1839.6134033203125]
[28.451452255249023, -693.6912841796875, 1874.5694580078125]
[32.83760070800781, -682.3421630859375, 1898.5738525390625]
[42.566734313964844, -679.2630004882812, 1932.3773193359375]
[48.51475143432617, -661.8098754882812, 1953.7685546875]
[58.87470626831055, -657.6738891601562, 1974.2420654296875]
[70.33426666259766, -678.8502807617188, 1996.365478515625]
[76.41886138916016, -691.1959838867188, 2009.1807861328125]
[84.79434967041016, -716.2176513671875, 2015.8143310546875]
[97.88324737548828, -739.1865234375, 2022.85986328125]
[109.1313247680664, -754.6907958984375, 2023.4150390625]
[121.77079010009766, -772.5216064453125, 2033.5771484375]
[135.3072509765625, -774.8324584960938, 2043.923095703125]
[148.155517578125, -764.4475708007812, 2054.6064453125]
[157.30262756347656, -754.70654296875, 2064.55224609375]
[170.1282501220703, -721.6593017578125, 2072.5126953125]
[176.1782989501953, -699.0471801757812, 2072.603759765625]
[185.52476501464844, -692.4281005859375, 2089.93798828125]
[192.24066162109375, -690.1061401367188, 2107.997314453125]
[195.79763793945312, -693.3345947265625, 2116.199951171875]
[197.69163513183594, -694.191650390625, 2121.99462890625]
[192.21432495117188, -707.6119384765625, 2124.6513671875]
[190.5766143798828, -717.6066284179688, 2126.058349609375]
[186.66543579101562, -742.7813720703125, 2141.0224609375]
[183.11605834960938, -768.1666259765625, 2148.11279296875]
[178.00621032714844, -803.4797973632812, 2159.575439453125]
[169.820068359375, -831.7153930664062, 2162.053955078125]
[168.62234497070312, -845.748779296875, 2166.086669921875]
[165.26502990722656, -850.0038452148438, 2163.79736328125]
[164.98985290527344, -841.4370727539062, 2166.77099609375]
[162.0265655517578, -818.9144287109375, 2162.431640625]
[155.35153198242188, -798.2994384765625, 2160.34326171875]
[160.42295837402344, -774.3333129882812, 2162.354248046875]
[153.41900634765625, -731.4066772460938, 2151.6083984375]
[145.45077514648438, -704.5264282226562, 2133.0234375]
[142.09768676757812, -690.3165283203125, 2123.832763671875]
[140.3654022216797, -672.4937744140625, 2110.845703125]
[141.57818603515625, -648.8381958007812, 2103.359375]
[146.43614196777344, -624.4293212890625, 2090.595458984375]
[146.44921875, -594.10546875, 2083.53857421875]
[151.05357360839844, -560.7838134765625, 2074.553466796875]
[149.180419921875, -536.473388671875, 2071.357421875]
[150.7976837158203, -485.0068054199219, 2058.5478515625]
[153.05032348632812, -445.09161376953125, 2048.078125]
[152.0817413330078, -407.6398620605469, 2042.2515869140625]
[154.072021484375, -381.5803527832031, 2040.302001953125]
[154.10743713378906, -351.08734130859375, 2036.7388916015625]
[152.03121948242188, -335.5724182128906, 2040.14208984375]
[154.33702087402344, -330.77435302734375, 2042.531982421875]
[153.17481994628906, -334.6236877441406, 2044.4140625]
[152.6275634765625, -341.3218994140625, 2046.1964111328125]
[152.8426055908203, -362.45977783203125, 2048.351318359375]
[153.20596313476562, -386.2298278808594, 2056.904541015625]
[154.31393432617188, -409.0848693847656, 2054.854736328125]
[155.53895568847656, -438.6965637207031, 2058.78466796875]
[156.06370544433594, -489.4154052734375, 2068.452392578125]
[165.29925537109375, -548.0782470703125, 2076.317626953125]
[173.07435607910156, -611.1212158203125, 2084.905029296875]
[175.7963104248047, -681.3513793945312, 2091.295654296875]
[186.5256805419922, -735.6544799804688, 2085.761474609375]
[190.2892303466797, -779.0963745117188, 2075.4130859375]
[196.9282684326172, -827.5404663085938, 2068.966796875]
[205.8686981201172, -846.7128295898438, 2069.069580078125]
[210.16513061523438, -879.174560546875, 2073.048095703125]
[204.79681396484375, -890.8140869140625, 2073.10595703125]
[204.0164031982422, -889.1568603515625, 2078.227783203125]
[201.1376495361328, -864.5199584960938, 2076.397705078125]
[208.9695587158203, -848.9710693359375, 2083.571533203125]
[206.00184631347656, -792.283203125, 2070.529296875]
[207.8444366455078, -753.2029418945312, 2071.916748046875]
[211.70791625976562, -724.1751098632812, 2070.394287109375]
[212.96971130371094, -704.8010864257812, 2066.8857421875]
[209.79324340820312, -679.020751953125, 2058.1767578125]
[207.4744873046875, -658.4635009765625, 2044.93115234375]
[202.89157104492188, -652.7229614257812, 2031.4793701171875]
[197.90118408203125, -649.7928466796875, 2014.738525390625]
[186.684814453125, -650.435791015625, 1997.390625]
[179.22055053710938, -645.9362182617188, 1956.963623046875]
[173.22476196289062, -653.7092895507812, 1937.083984375]
[164.79164123535156, -663.9934692382812, 1919.8609619140625]
[159.36021423339844, -659.2396240234375, 1897.2222900390625]
[148.49636840820312, -664.6732177734375, 1883.2947998046875]
[143.5040283203125, -671.345458984375, 1868.727783203125]
[140.24130249023438, -664.2124633789062, 1845.606689453125]
[140.7951202392578, -664.222412109375, 1828.870361328125]
[137.87135314941406, -667.0528564453125, 1815.9071044921875]
[135.5092010498047, -674.415771484375, 1803.577880859375]
[136.49993896484375, -676.739501953125, 1789.3807373046875]
[128.68971252441406, -678.03173828125, 1773.406494140625]
[125.25253295898438, -672.9943237304688, 1755.1820068359375]
[127.38713836669922, -673.6823120117188, 1736.878662109375]
[126.84857940673828, -674.3550415039062, 1725.2337646484375]
[131.08932495117188, -676.8141479492188, 1703.2625732421875]
[129.24697875976562, -679.5798950195312, 1673.2850341796875]
[132.7024383544922, -672.0078735351562, 1643.4622802734375]
[135.56875610351562, -662.119140625, 1616.774658203125]
[141.90689086914062, -648.6085205078125, 1584.6888427734375]
[143.44725036621094, -642.8577880859375, 1562.438720703125]
[145.10203552246094, -628.3834228515625, 1535.8822021484375]
[145.40719604492188, -623.096923828125, 1513.625]
[152.5740509033203, -627.2154541015625, 1499.90185546875]
[153.5988311767578, -630.6854858398438, 1486.65283203125]
[154.81683349609375, -637.2435913085938, 1473.71240234375]
[157.64556884765625, -645.2832641601562, 1464.579833984375]
[153.1256103515625, -651.0427856445312, 1455.24658203125]
[155.6376495361328, -654.68505859375, 1446.537353515625]
[152.94908142089844, -663.7498779296875, 1436.0201416015625]
[151.46775817871094, -676.356201171875, 1435.2900390625]
[152.51524353027344, -682.0391845703125, 1430.62548828125]
[143.8727569580078, -681.0587768554688, 1432.33837890625]
[141.99403381347656, -675.7885131835938, 1428.9437255859375]
[140.4331512451172, -672.089111328125, 1426.5498046875]
[140.15757751464844, -670.5186157226562, 1427.8843994140625]
[144.56265258789062, -684.6001586914062, 1446.472412109375]
[139.73023986816406, -682.3141479492188, 1446.3543701171875]
[137.2393035888672, -689.1702270507812, 1463.671142578125]
[132.66908264160156, -677.8855590820312, 1455.4842529296875]
[126.39447784423828, -661.9556884765625, 1455.8023681640625]
[119.22599029541016, -663.8590087890625, 1485.782958984375]
[115.1029052734375, -661.8617553710938, 1494.6185302734375]
[105.15890502929688, -664.2935791015625, 1500.3934326171875]
[90.84920501708984, -669.8351440429688, 1500.0391845703125]
[86.33118438720703, -681.7315673828125, 1498.3402099609375]
[72.13021850585938, -704.1663818359375, 1504.5853271484375]
[58.28260040283203, -731.2749633789062, 1506.9630126953125]
[46.70925521850586, -743.5661010742188, 1508.0592041015625]
[45.34613037109375, -763.4141235351562, 1490.0628662109375]
[36.35684585571289, -765.492919921875, 1480.966552734375]
[32.9691047668457, -772.5584716796875, 1470.2279052734375]
[25.27796173095703, -775.2254638671875, 1468.508056640625]
[1.35783851146698, -755.0010375976562, 1456.19970703125]
[-16.70899772644043, -722.26708984375, 1442.17041015625]
[-40.48293685913086, -703.0764770507812, 1429.423095703125]
[-67.83940124511719, -691.892578125, 1429.1990966796875]
[-94.48400115966797, -679.8268432617188, 1430.461669921875]
[-120.7796630859375, -663.93896484375, 1430.1446533203125]
[-139.7707977294922, -654.7555541992188, 1433.4794921875]
[-154.6327667236328, -657.3141479492188, 1430.208740234375]
[-160.8178253173828, -667.9765014648438, 1443.3780517578125]
[-160.9136505126953, -666.0565795898438, 1446.3760986328125]
[-163.50662231445312, -676.5674438476562, 1454.6787109375]
[-166.49671936035156, -686.6082763671875, 1460.70703125]
[-163.806396484375, -689.4572143554688, 1461.7503662109375]
[-168.09877014160156, -690.9306640625, 1465.990966796875]
[-180.31866455078125, -701.708984375, 1486.7506103515625]
[-176.6988067626953, -702.64306640625, 1503.8797607421875]
[-178.94366455078125, -706.2839965820312, 1525.0062255859375]
[-181.40084838867188, -696.0990600585938, 1548.9345703125]
[-176.77713012695312, -690.8567504882812, 1566.4761962890625]
[-168.2231903076172, -683.0143432617188, 1589.50537109375]
[-152.90167236328125, -667.7481079101562, 1591.7044677734375]
[-148.56141662597656, -645.0247802734375, 1605.045166015625]
[-130.72238159179688, -653.4259033203125, 1629.1025390625]
[-119.9425048828125, -651.1533203125, 1637.0380859375]
[-105.8138427734375, -661.829833984375, 1656.3184814453125]
[-96.3526840209961, -678.6268920898438, 1672.74365234375]
[-85.97247314453125, -694.7119140625, 1685.4971923828125]
[-73.43175506591797, -716.6597290039062, 1695.820068359375]
[-56.95198059082031, -730.935546875, 1709.040283203125]
[-41.8375129699707, -741.2536010742188, 1718.15185546875]
[-33.18326950073242, -746.1577758789062, 1729.80078125]
[-24.47898292541504, -755.1859741210938, 1748.2708740234375]
[-11.6953763961792, -754.2046508789062, 1758.7705078125]
[7.354361057281494, -746.042724609375, 1773.84326171875]
[24.266735076904297, -736.0875854492188, 1789.4949951171875]
[38.11555099487305, -717.8650512695312, 1803.4898681640625]
[60.18614196777344, -700.6549682617188, 1821.3089599609375]
[81.63248443603516, -680.7431030273438, 1836.25390625]
[104.39749145507812, -671.5597534179688, 1861.6708984375]
[124.8608169555664, -664.7635498046875, 1880.9598388671875]
[140.0392303466797, -674.83349609375, 1898.656494140625]
[153.65576171875, -686.3994750976562, 1916.67529296875]
[170.82533264160156, -696.6187744140625, 1925.704345703125]
[179.69692993164062, -709.048095703125, 1940.8726806640625]
[184.73910522460938, -706.7238159179688, 1937.0361328125]
[193.0142364501953, -726.204833984375, 1952.628173828125]
[192.71282958984375, -724.2272338867188, 1952.6728515625]
[193.51608276367188, -726.5957641601562, 1962.6678466796875]
[199.3392333984375, -730.4929809570312, 1976.70458984375]
[199.0950927734375, -726.2584838867188, 1983.0616455078125]
[200.86862182617188, -721.8212890625, 1994.6475830078125]
[199.3377685546875, -721.8596801757812, 2008.20703125]
[203.72837829589844, -728.3016967773438, 2025.7515869140625]
[204.3865203857422, -727.4856567382812, 2043.8900146484375]
[195.96890258789062, -722.1746826171875, 2058.9326171875]
[190.91183471679688, -716.9617919921875, 2075.561767578125]
[183.87925720214844, -711.3406372070312, 2095.07958984375]
[172.8218536376953, -706.0872192382812, 2113.50390625]
[160.71060180664062, -694.1492309570312, 2126.33251953125]
[159.88998413085938, -688.15625, 2137.263427734375]
[152.5753173828125, -680.4864501953125, 2142.973876953125]
[153.32492065429688, -686.9785766601562, 2144.78662109375]
[155.84640502929688, -693.6781005859375, 2149.336669921875]
[161.4064178466797, -712.4971313476562, 2151.311767578125]
[162.5238494873047, -718.8018798828125, 2152.14111328125]
[168.49827575683594, -726.2825317382812, 2156.507080078125]
[172.8165283203125, -730.57177734375, 2156.748046875]
[181.21432495117188, -729.3959350585938, 2161.378173828125]
[190.1091766357422, -733.2109375, 2168.723876953125]
[197.65655517578125, -729.9207153320312, 2170.867431640625]
[206.8802032470703, -729.15576171875, 2176.90185546875]
[215.63983154296875, -720.8642578125, 2186.17822265625]
[227.77874755859375, -710.5560913085938, 2196.3330078125]
[241.0531005859375, -690.7404174804688, 2203.219482421875]
[250.36070251464844, -669.9774169921875, 2212.0654296875]
[259.7171630859375, -660.2180786132812, 2221.283447265625]
[269.6112976074219, -662.3446044921875, 2229.058349609375]
[275.9839172363281, -662.1065063476562, 2234.076416015625]
[277.0025329589844, -673.4749145507812, 2240.611572265625]
[283.8899841308594, -683.3966064453125, 2242.716796875]
[287.2648010253906, -692.7636108398438, 2238.536865234375]
[290.2856140136719, -704.2827758789062, 2233.51806640625]
[284.12109375, -710.3079223632812, 2227.8408203125]
[280.8757629394531, -708.8577880859375, 2213.17041015625]
[275.9482727050781, -707.4237060546875, 2204.588134765625]
[269.6191711425781, -697.0123291015625, 2193.138427734375]
[259.9801330566406, -686.4874877929688, 2180.785888671875]
[248.83433532714844, -674.950927734375, 2162.829345703125]
[238.65370178222656, -667.2763671875, 2148.031494140625]
[224.8716278076172, -661.760498046875, 2130.85205078125]
[211.889404296875, -658.232421875, 2108.993408203125]
[199.49893188476562, -648.0813598632812, 2091.048828125]
[192.54656982421875, -639.7440185546875, 2072.66650390625]
[179.95675659179688, -631.1987915039062, 2059.349609375]
[171.44607543945312, -624.1708374023438, 2046.598876953125]
[162.6772918701172, -619.70947265625, 2031.390625]
[156.0877685546875, -619.1782836914062, 2019.886962890625]
[150.2233428955078, -620.707763671875, 2010.904296875]
[140.12120056152344, -623.96630859375, 1999.5732421875]
[128.2687225341797, -633.0941772460938, 1982.34814453125]
[123.88971710205078, -635.1602783203125, 1967.1173095703125]
[114.281494140625, -643.5189208984375, 1947.8482666015625]
[104.10655975341797, -651.74072265625, 1933.2359619140625]
[92.00115966796875, -656.8756103515625, 1919.3438720703125]
[83.92572021484375, -661.0789184570312, 1903.15283203125]
[73.78714752197266, -658.5460815429688, 1886.931884765625]
[65.38932037353516, -658.6384887695312, 1872.469482421875]
[54.898529052734375, -649.48095703125, 1857.9722900390625]
[43.186397552490234, -639.0375366210938, 1838.58984375]
[34.43248748779297, -639.3782958984375, 1825.2642822265625]
[26.618146896362305, -636.3106689453125, 1812.9417724609375]
[24.801374435424805, -639.3421630859375, 1805.385986328125]
[17.536325454711914, -638.8003540039062, 1776.6575927734375]
[12.623661994934082, -637.3565063476562, 1752.0447998046875]
[8.949344635009766, -642.7634887695312, 1731.18359375]
[0,0,0]
[0,0,0]
[0,0,0]
[0,0,0]
[0,0,0]
[0,0,0]
[0,0,0]
[0,0,0]
[0,0,0]
[0,0,0]
[0,0,0]
[0,0,0]
[0,0,0]
[0,0,0]
[0,0,0]
[0,0,0]
[0,0,0]
[0,0,0]
[0,0,0]
[0,0,0]
[0,0,0]
[0,0,0]
[0,0,0]
[0,0,0]
[0,0,0]
[0,0,0]
[0,0,0]
[0,0,0]
[0,0,0]
[0,0,0]
[0,0,0]
[0,0,0]
[0,0,0]
[0,0,0]
[0,0,0]
[0,0,0]
[0,0,0]
[0,0,0]
[0,0,0]
[0,0,0]
[0,0,0]
[0,0,0]
[0,0,0]
[0,0,0]
[0,0,0]
[0,0,0]
[0,0,0]
[0,0,0]
[0,0,0]
[0,0,0]
[0,0,0]
[0,0,0]
[0,0,0]
[0,0,0]
[0,0,0]
[0,0,0]
[0,0,0]
[0,0,0]
[0,0,0]
[0,0,0]
[0,0,0]
[0,0,0]
[0,0,0]
[0,0,0]
[0,0,0]
[0,0,0]
[0,0,0]
[0,0,0]
[0,0,0]
[0,0,0]
[0,0,0]
[0,0,0]
[0,0,0]
[0,0,0]
[0,0,0]
[0,0,0]
[0,0,0]
[0,0,0]
[0,0,0]
[0,0,0]
[0,0,0]
[0,0,0]
[0,0,0]
[0,0,0]
[0,0,0]
[0,0,0]
[0,0,0]
[0,0,0]
[0,0,0]
[0,0,0]
[0,0,0]
[0,0,0]
[0,0,0]
[0,0,0]
[0,0,0]
[0,0,0]
[0,0,0]
[0,0,0]
[0,0,0]
[0,0,0]
[0,0,0]
[0,0,0]
[0,0,0]
[0,0,0]
[0,0,0]
[0,0,0]
[0,0,0]
[0,0,0]
[0,0,0]
[0,0,0]
[0,0,0]
[0,0,0]
[0,0,0]
[0,0,0]
[0,0,0]
[0,0,0]
[0,0,0]
[0,0,0]
[0,0,0]
[0,0,0]
[0,0,0]
[0,0,0]
[0,0,0]
[0,0,0]
[0,0,0]
[0,0,0]
[0,0,0]
[0,0,0]
[0,0,0]
[0,0,0]
[0,0,0]
[0,0,0]
[0,0,0]
[0,0,0]
[0,0,0]
[0,0,0]
[0,0,0]
[0,0,0]
[0,0,0]
[0,0,0]
[0,0,0]
[0,0,0]
[0,0,0]
[0,0,0]
[0,0,0]
[0,0,0]
[0,0,0]
[0,0,0]
[0,0,0]
[0,0,0]
[0,0,0]
[0,0,0]
[0,0,0]
[0,0,0]
[0,0,0]
[0,0,0]
[0,0,0]
[0,0,0]
[0,0,0]
[0,0,0]
[0,0,0]
[0,0,0]
[0,0,0]
[0,0,0]
[0,0,0]
[0,0,0]
[0,0,0]
[0,0,0]
[0,0,0]
[0,0,0]
[0,0,0]
[0,0,0]
[0,0,0]
[0,0,0]
[0,0,0]
[0,0,0]
[0,0,0]
[0,0,0]
[0,0,0]
[0,0,0]
[0,0,0]
[0,0,0]
[0,0,0]
[0,0,0]
[0,0,0]
[0,0,0]
[0,0,0]
[0,0,0]
[0,0,0]
[0,0,0]
[0,0,0]
[0,0,0]
[0,0,0]
[0,0,0]
[0,0,0]
[0,0,0]
[0,0,0]
[0,0,0]
[0,0,0]
[0,0,0]
[0,0,0]
[0,0,0]
[0,0,0]
[0,0,0]
[0,0,0]
[0,0,0]
[0,0,0]
[0,0,0]
[0,0,0]
[0,0,0]
[0,0,0]
[0,0,0]
[0,0,0]
[0,0,0]
[0,0,0]
[0,0,0]
[0,0,0]
[0,0,0]
[0,0,0]
[0,0,0]
[0,0,0]
[0,0,0]
[0,0,0]
[0,0,0]
[0,0,0]
[0,0,0]
[0,0,0]
[0,0,0]
[0,0,0]
[0,0,0]
[0,0,0]
[0,0,0]
[0,0,0]
[0,0,0]
[0,0,0]
[0,0,0]
[0,0,0]
[0,0,0]
[0,0,0]
[0,0,0]
[0,0,0]
[0,0,0]
[0,0,0]
[0,0,0]
[0,0,0]
[0,0,0]
[0,0,0]
[0,0,0]
[0,0,0]
[0,0,0]
[0,0,0]
[0,0,0]
[0,0,0]
[0,0,0]
[0,0,0]
[0,0,0]
[0,0,0]
[0,0,0]
[0,0,0]
[0,0,0]
[0,0,0]
[0,0,0]
[0,0,0]
[0,0,0]
[0,0,0]
[0,0,0]
[0,0,0]
[0,0,0]
[0,0,0]
[0,0,0]
[0,0,0]
[0,0,0]
[0,0,0]
[0,0,0]
[0,0,0]
[0,0,0]
[0,0,0]
[0,0,0]
[0,0,0]
[0,0,0]
[0,0,0]
[0,0,0]
[0,0,0]
[0,0,0]
[0,0,0]
[0,0,0]
[0,0,0]
[0,0,0]
[0,0,0]
[0,0,0]
[0,0,0]
[0,0,0]
[0,0,0]
[0,0,0]
[0,0,0]
[0,0,0]
[0,0,0]
[0,0,0]
[0,0,0]
[0,0,0]
[0,0,0]
[0,0,0]
[0,0,0]
[0,0,0]
[0,0,0]
[0,0,0]
[0,0,0]
[0,0,0]
[0,0,0]
[0,0,0]
[0,0,0]
[0,0,0]
[0,0,0]
[0,0,0]
[0,0,0]
[0,0,0]
[0,0,0]
[0,0,0]
[0,0,0]
[0,0,0]
[0,0,0]
[0,0,0]
[0,0,0]
[0,0,0]
[0,0,0]
[0,0,0]
[0,0,0]
[0,0,0]
[0,0,0]
[0,0,0]
[0,0,0]
[0,0,0]
[0,0,0]
[0,0,0]
[0,0,0]
[0,0,0]
[0,0,0]
[0,0,0]
[0,0,0]
[0,0,0]
[0,0,0]
[0,0,0]
[0,0,0]
[0,0,0]
[0,0,0]
[0,0,0]
[0,0,0]
[0,0,0]
[0,0,0]
[0,0,0]
[0,0,0]
[0,0,0]
[0,0,0]
[0,0,0]
[0,0,0]
[0,0,0]
[0,0,0]
[0,0,0]
[0,0,0]
[0,0,0]
[0,0,0]
[0,0,0]
[0,0,0]
[0,0,0]
[0,0,0]
[0,0,0]
[0,0,0]
[0,0,0]
[0,0,0]
[0,0,0]
[0,0,0]
[0,0,0]
[0,0,0]
[0,0,0]
[0,0,0]
[0,0,0]
[0,0,0]
[0,0,0]
[0,0,0]
[0,0,0]
[0,0,0]
[0,0,0]
[0,0,0]
[0,0,0]
[0,0,0]
[0,0,0]
[0,0,0]
[0,0,0]
[0,0,0]
[0,0,0]
[0,0,0]
[0,0,0]
[0,0,0]
[0,0,0]
[0,0,0]
[0,0,0]
[0,0,0]
[0,0,0]
[0,0,0]
[0,0,0]
[0,0,0]
[0,0,0]
[0,0,0]
[0,0,0]
[0,0,0]
[0,0,0]
[0,0,0]
[0,0,0]
[0,0,0]
[0,0,0]
[0,0,0]
[0,0,0]
[0,0,0]
[0,0,0]
[0,0,0]
[0,0,0]
[0,0,0]
[0,0,0]
[0,0,0]
[0,0,0]
[0,0,0]
[0,0,0]
[0,0,0]
[0,0,0]
[0,0,0]
[0,0,0]
[0,0,0]
[0,0,0]
[0,0,0]
[0,0,0]
[0,0,0]
[0,0,0]
[0,0,0]
[0,0,0]
[0,0,0]
[0,0,0]
[0,0,0]
[0,0,0]
[0,0,0]
[0,0,0]
[0,0,0]
[0,0,0]
[0,0,0]
[0,0,0]
[0,0,0]
[0,0,0]
[0,0,0]
[0,0,0]
[0,0,0]
[0,0,0]
[0,0,0]
[0,0,0]
