452
30
[84.90927887, 1515.95153809, 1030.61914062]
[87.87425995, 1515.67785645, 1029.64160156]
[90.8853302, 1514.66668701, 1028.16674805]
[91.93654633, 1513.79412842, 1027.62414551]
[96.84812927, 1510.84857178, 1023.43225098]
[96.86826324, 1510.93444824, 1023.78442383]
[100.95904541, 1510.83032227, 1023.99755859]
[109.78005981, 1517.52337646, 1031.66625977]
[112.01256561, 1516.92785645, 1029.59326172]
[116.48861694, 1516.20367432, 1030.12158203]
[119.52087402, 1515.19921875, 1029.66662598]
[123.89818573, 1515.18969727, 1027.75268555]
[124.90406036, 1514.89141846, 1025.32202148]
[127.05349731, 1515.06610107, 1025.74633789]
[136.19969177, 1515.08013916, 1025.02722168]
[136.96435547, 1516.33679199, 1026.75415039]
[137.03811646, 1517.05395508, 1027.06311035]
[138.97380066, 1514.99688721, 1025.40710449]
[139.95300293, 1514.77972412, 1025.5357666]
[142.80947876, 1512.90771484, 1021.77404785]
[146.46684265, 1512.62750244, 1021.4621582]
[145.13702393, 1513.00671387, 1017.50561523]
[146.87390137, 1511.800354, 1017.62268066]
[148.78082275, 1512.5255127, 1016.46801758]
[148.55809021, 1512.19506836, 1017.07458496]
[150.56059265, 1511.53765869, 1014.63818359]
[151.47839355, 1509.0111084, 1013.79772949]
[153.85131836, 1508.34716797, 1008.6217041]
[154.4747467, 1505.30065918, 1005.00793457]
[153.46247864, 1505.91998291, 1005.20568848]
[153.52996826, 1506.14483643, 1004.95861816]
[153.61561584, 1506.137146, 1005.00366211]
[153.9317627, 1505.85992432, 1005.02294922]
[158.40486145, 1502.9107666, 1001.33349609]
[160.88198853, 1504.51641846, 1002.50366211]
[163.44354248, 1498.2520752, 997.41430664]
[163.5854187, 1498.20178223, 997.36462402]
[170.99719238, 1498.51715088, 1002.59875488]
[170.25033569, 1488.1083374, 998.17687988]
[172.59492493, 1489.3425293, 993.56530762]
[177.52853394, 1487.57440186, 991.703125]
[171.00083923, 1494.84851074, 984.19946289]
[171.05960083, 1497.49060059, 979.51940918]
[161.70866394, 1498.68994141, 972.95703125]
[157.27796936, 1499.21337891, 969.75256348]
[148.94915771, 1496.50921631, 964.18554688]
[142.1315155, 1497.50158691, 962.94775391]
[129.44186401, 1493.89855957, 961.33935547]
[115.45327759, 1496.5166626, 957.3104248]
[102.85484314, 1489.16815186, 954.11669922]
[86.07205963, 1485.73834229, 944.22570801]
[74.16240692, 1480.91387939, 943.1541748]
[63.24505234, 1470.57611084, 941.43334961]
[51.54436111, 1465.61437988, 938.61621094]
[38.27396774, 1465.88409424, 940.05859375]
[31.92941093, 1470.02270508, 945.8223877]
[17.62637138, 1474.78790283, 943.54089355]
[8.96554279, 1487.83074951, 939.57336426]
[-7.15199858e-02, 1.49359552e+03, 9.29843628e+02]
[-8.15097332, 1505.79467773, 929.67175293]
[-11.15038013, 1512.48791504, 924.81738281]
[-15.17097187, 1523.43804932, 920.87866211]
[-22.18725586, 1527.18109131, 924.36096191]
[-18.85975456, 1525.51940918, 907.10876465]
[-10.23793411, 1504., 894.32324219]
[3.30481863, 1500.11376953, 889.59143066]
[14.34083748, 1497.40429688, 893.02160645]
[28.67025948, 1495.9675293, 890.07336426]
[55.2612915, 1498.91082764, 875.17260742]
[61.78874207, 1502.6394043, 870.84106445]
[84.37483978, 1492.55267334, 862.80957031]
[95.06375122, 1487.47973633, 855.23547363]
[106.20843506, 1493.43389893, 854.17797852]
[112.93663025, 1497.02557373, 853.79223633]
[128.4826355, 1509.83447266, 844.97412109]
[135.55636597, 1522.45397949, 836.53601074]
[140.10595703, 1532.70385742, 832.41491699]
[141.7321167, 1540.21899414, 830.6829834]
[144.71760559, 1548.42938232, 831.64587402]
[146.40530396, 1534.02038574, 829.46081543]
[144.00325012, 1539.67529297, 838.40808105]
[144.21714783, 1531.74914551, 844.55249023]
[146.50494385, 1523.03497314, 843.36889648]
[147.95808411, 1508.83013916, 845.70251465]
[155.82093811, 1524.05895996, 866.56567383]
[151.34169006, 1502.71325684, 863.1673584]
[151.7144165, 1489.04681396, 878.16210938]
[145.58042908, 1476.94793701, 869.81738281]
[140.16040039, 1472.36364746, 852.43566895]
[138.36999512, 1477.62268066, 844.00769043]
[126.58293915, 1474.63635254, 825.63867188]
[129.13069153, 1490.70495605, 831.2668457]
[121.98075867, 1496.99346924, 819.93200684]
[124.89304352, 1515.62591553, 796.61157227]
[125.99674988, 1534.31921387, 793.55029297]
[127.418396, 1550.56317139, 787.69152832]
[125.06273651, 1552.44708252, 773.43359375]
[128.82658386, 1548.97113037, 761.49499512]
[130.51853943, 1537.53930664, 748.49963379]
[120.45747375, 1518.34924316, 735.3416748]
[124.53759766, 1490.65856934, 699.41210938]
[124.89858246, 1472.59185791, 700.92456055]
[121.4449234, 1458.35809326, 681.95776367]
[126.57256317, 1462.56860352, 685.32165527]
[131.79797363, 1472.29602051, 687.95178223]
[140.65492249, 1482.25048828, 678.29980469]
[137.25099182, 1499.57592773, 680.95483398]
[142.40100098, 1511.73236084, 681.81628418]
[148.269104, 1516.96655273, 685.47229004]
[152.87785339, 1521.08624268, 699.76525879]
[159.22019958, 1515.51757812, 712.04528809]
[168.23901367, 1493.93695068, 722.41601562]
[178.92443848, 1471.47705078, 711.42138672]
[185.12684631, 1452.68157959, 709.18310547]
[184.614151, 1464.26916504, 732.21740723]
[188.83483887, 1467.28192139, 735.67651367]
[200.29069519, 1472.48956299, 730.61657715]
[215.81474304, 1481.03363037, 744.76147461]
[225.32769775, 1490.70056152, 749.22375488]
[229.15356445, 1493.53613281, 744.56567383]
[234.06053162, 1503.42181396, 747.0168457]
[244.06420898, 1510.91021729, 735.24572754]
[241.11924744, 1518.32366943, 746.8157959]
[240.54354858, 1514.59588623, 746.21936035]
[246.75585938, 1514.54284668, 743.88562012]
[240.34785461, 1517.20153809, 745.14587402]
[236.51643372, 1517.8604126, 746.68127441]
[236.62390137, 1512.15313721, 744.84265137]
[243.11103821, 1500.37115479, 744.26208496]
[235.66055298, 1482.25189209, 726.87524414]
[227.80308533, 1467.43609619, 734.94592285]
[220.12664795, 1450.68621826, 729.91992188]
[202.87205505, 1439.73950195, 737.36938477]
[191.34396362, 1429.3237915, 728.73034668]
[179.80574036, 1432.95306396, 724.58435059]
[173.28291321, 1444.90350342, 724.87841797]
[163.40019226, 1460.98687744, 734.53564453]
[157.06745911, 1480.08337402, 740.52648926]
[151.53266907, 1498.21630859, 743.31567383]
[139.20118713, 1512.06939697, 750.01647949]
[132.50083923, 1516.98443604, 762.49133301]
[126.3699646, 1516.08496094, 777.82714844]
[113.74182892, 1510.27667236, 796.93054199]
[104.69004822, 1491.14855957, 815.86083984]
[88.18257141, 1469.19934082, 831.91210938]
[60.74639511, 1442.47045898, 839.91015625]
[48.64840317, 1431.43572998, 845.01367188]
[33.54673386, 1434.01171875, 848.15307617]
[23.27762604, 1443.16662598, 845.51403809]
[9.26885223, 1453.68640137, 839.87866211]
[-2.12644601, 1465.67590332, 837.2767334]
[-16.60580635, 1477.10998535, 821.24926758]
[-23.51337242, 1481.07556152, 813.50097656]
[-32.19755936, 1493.66455078, 809.00793457]
[-43.04369354, 1495.30462646, 781.42126465]
[-49.47710037, 1502.60571289, 776.40222168]
[-58.09910202, 1505.93560791, 771.06469727]
[-64.84921265, 1511.06207275, 764.69348145]
[-72.00521851, 1510.86828613, 750.9942627]
[-73.45872498, 1503.18927002, 746.22241211]
[-80.26053619, 1490.99841309, 732.75378418]
[-79.93930817, 1479.48706055, 721.26013184]
[-82.55967712, 1460.08209229, 706.8984375]
[-88.0746994, 1440.56652832, 687.17004395]
[-90.03769684, 1423.62060547, 674.59094238]
[-91.81346893, 1427.75286865, 661.69116211]
[-97.53483582, 1441.02185059, 650.63964844]
[-103.24931335, 1454.98394775, 632.65026855]
[-110.5825119, 1457.82781982, 607.74768066]
[-112.37689972, 1466.98303223, 584.80456543]
[-126.24945068, 1470.37774658, 560.97998047]
[-136.86141968, 1463.77960205, 544.32421875]
[-144.06236267, 1457.55999756, 536.42687988]
[-149.93336487, 1431.71984863, 519.59375]
[-159.13397217, 1412.69714355, 499.81555176]
[-161.36633301, 1412.78881836, 495.62280273]
[-171.15776062, 1420.61431885, 506.16320801]
[-174.83084106, 1420.01824951, 507.24987793]
[-176.75723267, 1419.45501709, 509.95153809]
[-182.46038818, 1421.06799316, 501.265625]
[-177.3184967, 1419.76721191, 500.92041016]
[-176.57106018, 1415.47149658, 491.85510254]
[-181.02078247, 1422.48052979, 498.2734375]
[-182.24525452, 1419.24438477, 494.72131348]
[-179.5818634, 1418.00335693, 495.35534668]
[-175.5728302, 1418.2432251, 495.70605469]
[-172.40066528, 1433.59069824, 522.06384277]
[-163.37742615, 1438.56726074, 526.1973877]
[-154.99258423, 1437.32818604, 528.95996094]
[-146.66749573, 1431.42932129, 529.41967773]
[-139.84896851, 1426.30651855, 527.76977539]
[-130.46289062, 1433.39849854, 542.44506836]
[-117.43644714, 1451.86724854, 573.04748535]
[-107.31476593, 1452.01641846, 584.43103027]
[-90.0293808, 1456.14691162, 599.07006836]
[-76.12858582, 1456.36865234, 621.75317383]
[-61.7073288, 1447.38244629, 634.46887207]
[-60.14252853, 1447.60028076, 646.41870117]
[-53.37810135, 1456.74127197, 665.10742188]
[-41.84186935, 1468.65960693, 678.48205566]
[-28.56154823, 1485.2878418, 697.01977539]
[-23.71822357, 1496.48602295, 713.76635742]
[-14.25082874, 1505.50195312, 729.27734375]
[-2.86046743, 1507.40698242, 747.20898438]
[5.72703028, 1510.74176025, 769.15002441]
[14.23731136, 1510.37518311, 794.25866699]
[15.65508556, 1504.54534912, 816.69372559]
[18.08538818, 1495.69134521, 839.61340332]
[28.45145226, 1493.69128418, 874.56945801]
[32.83760071, 1482.34216309, 898.57385254]
[42.56673431, 1479.26300049, 932.37731934]
[48.51475143, 1461.80987549, 953.76855469]
[58.87470627, 1457.67388916, 974.24206543]
[70.33426666, 1478.85028076, 996.36547852]
[76.41886139, 1491.19598389, 1009.18078613]
[84.79434967, 1516.21765137, 1015.81433105]
[97.88324738, 1539.18652344, 1022.85986328]
[109.13132477, 1554.6907959, 1023.41503906]
[121.7707901, 1572.52160645, 1033.57714844]
[135.30725098, 1574.8324585, 1043.9230957]
[148.15551758, 1564.4475708, 1054.60644531]
[157.30262756, 1554.70654297, 1064.55224609]
[170.12825012, 1521.65930176, 1072.51269531]
[176.17829895, 1499.04718018, 1072.60375977]
[185.52476501, 1492.42810059, 1089.93798828]
[192.24066162, 1490.10614014, 1107.99731445]
[195.79763794, 1493.33459473, 1116.19995117]
[197.69163513, 1494.19165039, 1121.99462891]
[192.21432495, 1507.61193848, 1124.65136719]
[190.57661438, 1517.60662842, 1126.05834961]
[186.66543579, 1542.78137207, 1141.02246094]
[183.11605835, 1568.16662598, 1148.11279297]
[178.00621033, 1603.47979736, 1159.57543945]
[169.82006836, 1631.71539307, 1162.05395508]
[168.62234497, 1645.7487793, 1166.08666992]
[165.26502991, 1650.00384521, 1163.79736328]
[164.98985291, 1641.43707275, 1166.77099609]
[162.02656555, 1618.91442871, 1162.43164062]
[155.35153198, 1598.29943848, 1160.34326172]
[160.42295837, 1574.33331299, 1162.35424805]
[153.41900635, 1531.40667725, 1151.60839844]
[145.45077515, 1504.52642822, 1133.0234375]
[142.09768677, 1490.31652832, 1123.83276367]
[140.36540222, 1472.49377441, 1110.84570312]
[141.57818604, 1448.8381958, 1103.359375]
[146.43614197, 1424.42932129, 1090.59545898]
[146.44921875, 1394.10546875, 1083.53857422]
[151.05357361, 1360.78381348, 1074.5534668]
[149.18041992, 1336.47338867, 1071.35742188]
[150.79768372, 1285.00680542, 1058.54785156]
[153.05032349, 1245.09161377, 1048.078125]
[152.08174133, 1207.63986206, 1042.25158691]
[154.07202148, 1181.58035278, 1040.30200195]
[154.10743713, 1151.08734131, 1036.7388916]
[152.03121948, 1135.57241821, 1040.14208984]
[154.33702087, 1130.77435303, 1042.53198242]
[153.17481995, 1134.62368774, 1044.4140625]
[152.62756348, 1141.32189941, 1046.19641113]
[152.84260559, 1162.45977783, 1048.35131836]
[153.20596313, 1186.22982788, 1056.90454102]
[154.31393433, 1209.08486938, 1054.85473633]
[155.53895569, 1238.69656372, 1058.78466797]
[156.06370544, 1289.41540527, 1068.45239258]
[165.29925537, 1348.07824707, 1076.31762695]
[173.07435608, 1411.12121582, 1084.9050293]
[175.79631042, 1481.35137939, 1091.2956543]
[186.52568054, 1535.65447998, 1085.76147461]
[190.28923035, 1579.09637451, 1075.41308594]
[196.92826843, 1627.54046631, 1068.96679688]
[205.86869812, 1646.71282959, 1069.06958008]
[210.16513062, 1679.17456055, 1073.0480957]
[204.79681396, 1690.81408691, 1073.10595703]
[204.0164032, 1689.15686035, 1078.2277832]
[201.13764954, 1664.5199585, 1076.39770508]
[208.96955872, 1648.97106934, 1083.5715332]
[206.00184631, 1592.28320312, 1070.52929688]
[207.84443665, 1553.20294189, 1071.91674805]
[211.70791626, 1524.17510986, 1070.39428711]
[212.9697113, 1504.80108643, 1066.88574219]
[209.79324341, 1479.02075195, 1058.17675781]
[207.4744873, 1458.46350098, 1044.93115234]
[202.89157104, 1452.72296143, 1031.47937012]
[197.90118408, 1449.79284668, 1014.73852539]
[186.68481445, 1450.43579102, 997.390625]
[179.22055054, 1445.93621826, 956.96362305]
[173.22476196, 1453.70928955, 937.08398438]
[164.79164124, 1463.99346924, 919.86096191]
[159.36021423, 1459.23962402, 897.22229004]
[148.49636841, 1464.67321777, 883.2947998]
[143.50402832, 1471.34545898, 868.7277832]
[140.24130249, 1464.21246338, 845.60668945]
[140.79512024, 1464.22241211, 828.87036133]
[137.87135315, 1467.05285645, 815.90710449]
[135.50920105, 1474.41577148, 803.57788086]
[136.49993896, 1476.73950195, 789.3807373]
[128.68971252, 1478.03173828, 773.40649414]
[125.25253296, 1472.99432373, 755.18200684]
[127.38713837, 1473.68231201, 736.87866211]
[126.84857941, 1474.3550415, 725.23376465]
[131.08932495, 1476.81414795, 703.26257324]
[129.24697876, 1479.57989502, 673.28503418]
[132.70243835, 1472.00787354, 643.46228027]
[135.5687561, 1462.11914062, 616.7746582]
[141.90689087, 1448.60852051, 584.68884277]
[143.44725037, 1442.85778809, 562.4387207]
[145.10203552, 1428.38342285, 535.88220215]
[145.40719604, 1423.09692383, 513.625]
[152.5740509, 1427.2154541, 499.90185547]
[153.59883118, 1430.68548584, 486.65283203]
[154.8168335, 1437.24359131, 473.71240234]
[157.64556885, 1445.28326416, 464.57983398]
[153.12561035, 1451.04278564, 455.24658203]
[155.63764954, 1454.68505859, 446.53735352]
[152.94908142, 1463.74987793, 436.0201416]
[151.46775818, 1476.35620117, 435.29003906]
[152.51524353, 1482.03918457, 430.62548828]
[143.87275696, 1481.05877686, 432.33837891]
[141.99403381, 1475.78851318, 428.94372559]
[140.43315125, 1472.08911133, 426.54980469]
[140.15757751, 1470.51861572, 427.88439941]
[144.56265259, 1484.60015869, 446.47241211]
[139.73023987, 1482.31414795, 446.35437012]
[137.23930359, 1489.17022705, 463.67114258]
[132.66908264, 1477.88555908, 455.48425293]
[126.39447784, 1461.95568848, 455.80236816]
[119.2259903, 1463.85900879, 485.78295898]
[115.10290527, 1461.86175537, 494.61853027]
[105.15890503, 1464.2935791, 500.39343262]
[90.84920502, 1469.83514404, 500.03918457]
[86.33118439, 1481.73156738, 498.34020996]
[72.13021851, 1504.16638184, 504.58532715]
[58.2826004, 1531.27496338, 506.9630127]
[46.70925522, 1543.56610107, 508.0592041]
[45.34613037, 1563.41412354, 490.06286621]
[36.35684586, 1565.49291992, 480.96655273]
[32.96910477, 1572.55847168, 470.22790527]
[25.27796173, 1575.22546387, 468.50805664]
[1.35783851e+00, 1.55500104e+03, 4.56199707e+02]
[-16.70899773, 1522.26708984, 442.17041016]
[-40.48293686, 1503.07647705, 429.4230957]
[-67.83940125, 1491.89257812, 429.19909668]
[-94.48400116, 1479.82684326, 430.46166992]
[-120.77966309, 1463.93896484, 430.14465332]
[-139.77079773, 1454.7555542, 433.47949219]
[-154.63276672, 1457.31414795, 430.20874023]
[-160.81782532, 1467.97650146, 443.37805176]
[-160.91365051, 1466.05657959, 446.37609863]
[-163.50662231, 1476.56744385, 454.67871094]
[-166.49671936, 1486.60827637, 460.70703125]
[-163.80639648, 1489.45721436, 461.75036621]
[-168.09877014, 1490.93066406, 465.9909668]
[-180.31866455, 1501.70898438, 486.75061035]
[-176.69880676, 1502.64306641, 503.87976074]
[-178.94366455, 1506.28399658, 525.00622559]
[-181.40084839, 1496.09906006, 548.93457031]
[-176.77713013, 1490.85675049, 566.47619629]
[-168.22319031, 1483.01434326, 589.50537109]
[-152.90167236, 1467.74810791, 591.70446777]
[-148.56141663, 1445.02478027, 605.04516602]
[-130.72238159, 1453.42590332, 629.10253906]
[-119.94250488, 1451.15332031, 637.03808594]
[-105.81384277, 1461.82983398, 656.31848145]
[-96.35268402, 1478.62689209, 672.74365234]
[-85.97247314, 1494.71191406, 685.49719238]
[-73.43175507, 1516.659729, 695.82006836]
[-56.95198059, 1530.93554688, 709.0402832]
[-41.83751297, 1541.25360107, 718.15185547]
[-33.1832695, 1546.15777588, 729.80078125]
[-24.47898293, 1555.18597412, 748.27087402]
[-11.6953764, 1554.20465088, 758.77050781]
[7.35436106, 1546.04272461, 773.84326172]
[24.26673508, 1536.08758545, 789.49499512]
[38.11555099, 1517.86505127, 803.48986816]
[60.18614197, 1500.65496826, 821.30895996]
[81.63248444, 1480.74310303, 836.25390625]
[104.39749146, 1471.55975342, 861.67089844]
[124.86081696, 1464.7635498, 880.95983887]
[140.03923035, 1474.83349609, 898.65649414]
[153.65576172, 1486.3994751, 916.67529297]
[170.82533264, 1496.61877441, 925.7043457]
[179.69692993, 1509.0480957, 940.87268066]
[184.73910522, 1506.72381592, 937.03613281]
[193.01423645, 1526.20483398, 952.62817383]
[192.71282959, 1524.22723389, 952.67285156]
[193.51608276, 1526.59576416, 962.66784668]
[199.3392334, 1530.49298096, 976.70458984]
[199.09509277, 1526.25848389, 983.06164551]
[200.86862183, 1521.82128906, 994.64758301]
[199.33776855, 1521.85968018, 1008.20703125]
[203.7283783, 1528.30169678, 1025.75158691]
[204.38652039, 1527.48565674, 1043.89001465]
[195.96890259, 1522.17468262, 1058.93261719]
[190.91183472, 1516.96179199, 1075.56176758]
[183.8792572, 1511.34063721, 1095.07958984]
[172.82185364, 1506.08721924, 1113.50390625]
[160.71060181, 1494.14923096, 1126.33251953]
[159.88998413, 1488.15625, 1137.26342773]
[152.57531738, 1480.4864502, 1142.97387695]
[153.32492065, 1486.97857666, 1144.78662109]
[155.84640503, 1493.67810059, 1149.33666992]
[161.40641785, 1512.49713135, 1151.31176758]
[162.52384949, 1518.80187988, 1152.14111328]
[168.49827576, 1526.28253174, 1156.50708008]
[172.81652832, 1530.57177734, 1156.74804688]
[181.21432495, 1529.39593506, 1161.37817383]
[190.10917664, 1533.2109375, 1168.72387695]
[197.65655518, 1529.92071533, 1170.86743164]
[206.88020325, 1529.15576172, 1176.90185547]
[215.63983154, 1520.86425781, 1186.17822266]
[227.77874756, 1510.55609131, 1196.33300781]
[241.05310059, 1490.74041748, 1203.21948242]
[250.36070251, 1469.97741699, 1212.06542969]
[259.71716309, 1460.21807861, 1221.28344727]
[269.61129761, 1462.34460449, 1229.05834961]
[275.98391724, 1462.10650635, 1234.07641602]
[277.00253296, 1473.47491455, 1240.61157227]
[283.88998413, 1483.39660645, 1242.71679688]
[287.26480103, 1492.76361084, 1238.53686523]
[290.28561401, 1504.28277588, 1233.51806641]
[284.12109375, 1510.30792236, 1227.84082031]
[280.87576294, 1508.85778809, 1213.17041016]
[275.94827271, 1507.42370605, 1204.58813477]
[269.61917114, 1497.0123291, 1193.13842773]
[259.98013306, 1486.48748779, 1180.78588867]
[248.83433533, 1474.95092773, 1162.8293457]
[238.65370178, 1467.27636719, 1148.03149414]
[224.87162781, 1461.76049805, 1130.85205078]
[211.8894043, 1458.23242188, 1108.9934082]
[199.49893188, 1448.08135986, 1091.04882812]
[192.54656982, 1439.74401855, 1072.66650391]
[179.95675659, 1431.1987915, 1059.34960938]
[171.44607544, 1424.1708374, 1046.59887695]
[162.67729187, 1419.70947266, 1031.390625]
[156.08776855, 1419.17828369, 1019.88696289]
[150.2233429, 1420.70776367, 1010.90429688]
[140.12120056, 1423.96630859, 999.57324219]
[128.26872253, 1433.09417725, 982.34814453]
[123.8897171, 1435.16027832, 967.11730957]
[114.28149414, 1443.5189209, 947.8482666]
[104.10655975, 1451.74072266, 933.23596191]
[92.00115967, 1456.87561035, 919.34387207]
[83.92572021, 1461.07891846, 903.15283203]
[73.78714752, 1458.54608154, 886.93188477]
[65.38932037, 1458.63848877, 872.46948242]
[54.89852905, 1449.48095703, 857.97229004]
[43.18639755, 1439.03753662, 838.58984375]
[34.43248749, 1439.3782959, 825.26428223]
[26.6181469, 1436.31066895, 812.94177246]
[24.80137444, 1439.34216309, 805.38598633]
[17.53632545, 1438.800354, 776.65759277]
[12.62366199, 1437.35650635, 752.0447998]
[8.94934464, 1442.76348877, 731.18359375]
[0, 0, 0]
[0, 0, 0]
[0, 0, 0]
[0, 0, 0]
[0, 0, 0]
[0, 0, 0]
[0, 0, 0]
[0, 0, 0]
[0, 0, 0]
[0, 0, 0]
[0, 0, 0]
[0, 0, 0]
[0, 0, 0]
[0, 0, 0]
[0, 0, 0]
[0, 0, 0]
[0, 0, 0]
[0, 0, 0]
[0, 0, 0]
[0, 0, 0]
[0, 0, 0]
[0, 0, 0]
[0, 0, 0]
[0, 0, 0]
[0, 0, 0]
[0, 0, 0]
[0, 0, 0]
[0, 0, 0]
[0, 0, 0]
[0, 0, 0]
[0, 0, 0]
[0, 0, 0]
[0, 0, 0]
[0, 0, 0]
[0, 0, 0]
[0, 0, 0]
[0, 0, 0]
[0, 0, 0]
[0, 0, 0]
[0, 0, 0]
[0, 0, 0]
[0, 0, 0]
[0, 0, 0]
[0, 0, 0]
[0, 0, 0]
[0, 0, 0]
[0, 0, 0]
[0, 0, 0]
[0, 0, 0]
[0, 0, 0]
[0, 0, 0]
[0, 0, 0]
[0, 0, 0]
[0, 0, 0]
[0, 0, 0]
[0, 0, 0]
[0, 0, 0]
[0, 0, 0]
[0, 0, 0]
[0, 0, 0]
[0, 0, 0]
[0, 0, 0]
[0, 0, 0]
[0, 0, 0]
[0, 0, 0]
[0, 0, 0]
[0, 0, 0]
[0, 0, 0]
[0, 0, 0]
[0, 0, 0]
[0, 0, 0]
[0, 0, 0]
[0, 0, 0]
[0, 0, 0]
[0, 0, 0]
[0, 0, 0]
[0, 0, 0]
[0, 0, 0]
[0, 0, 0]
[0, 0, 0]
[0, 0, 0]
[0, 0, 0]
[0, 0, 0]
[0, 0, 0]
[0, 0, 0]
[0, 0, 0]
[0, 0, 0]
[0, 0, 0]
[0, 0, 0]
[0, 0, 0]
[0, 0, 0]
[0, 0, 0]
[0, 0, 0]
[0, 0, 0]
[0, 0, 0]
[0, 0, 0]
[0, 0, 0]
[0, 0, 0]
[0, 0, 0]
[0, 0, 0]
[0, 0, 0]
[0, 0, 0]
[0, 0, 0]
[0, 0, 0]
[0, 0, 0]
[0, 0, 0]
[0, 0, 0]
[0, 0, 0]
[0, 0, 0]
[0, 0, 0]
[0, 0, 0]
[0, 0, 0]
[0, 0, 0]
[0, 0, 0]
[0, 0, 0]
[0, 0, 0]
[0, 0, 0]
[0, 0, 0]
[0, 0, 0]
[0, 0, 0]
[0, 0, 0]
[0, 0, 0]
[0, 0, 0]
[0, 0, 0]
[0, 0, 0]
[0, 0, 0]
[0, 0, 0]
[0, 0, 0]
[0, 0, 0]
[0, 0, 0]
[0, 0, 0]
[0, 0, 0]
[0, 0, 0]
[0, 0, 0]
[0, 0, 0]
[0, 0, 0]
[0, 0, 0]
[0, 0, 0]
[0, 0, 0]
[0, 0, 0]
[0, 0, 0]
[0, 0, 0]
[0, 0, 0]
[0, 0, 0]
[0, 0, 0]
[0, 0, 0]
[0, 0, 0]
[0, 0, 0]
[0, 0, 0]
[0, 0, 0]
[0, 0, 0]
[0, 0, 0]
[0, 0, 0]
[0, 0, 0]
[0, 0, 0]
[0, 0, 0]
[0, 0, 0]
[0, 0, 0]
[0, 0, 0]
[0, 0, 0]
[0, 0, 0]
[0, 0, 0]
[0, 0, 0]
[0, 0, 0]
[0, 0, 0]
[0, 0, 0]
[0, 0, 0]
[0, 0, 0]
[0, 0, 0]
[0, 0, 0]
[0, 0, 0]
[0, 0, 0]
[0, 0, 0]
[0, 0, 0]
[0, 0, 0]
[0, 0, 0]
[0, 0, 0]
[0, 0, 0]
[0, 0, 0]
[0, 0, 0]
[0, 0, 0]
[0, 0, 0]
[0, 0, 0]
[0, 0, 0]
[0, 0, 0]
[0, 0, 0]
[0, 0, 0]
[0, 0, 0]
[0, 0, 0]
[0, 0, 0]
[0, 0, 0]
[0, 0, 0]
[0, 0, 0]
[0, 0, 0]
[0, 0, 0]
[0, 0, 0]
[0, 0, 0]
[0, 0, 0]
[0, 0, 0]
[0, 0, 0]
[0, 0, 0]
[0, 0, 0]
[0, 0, 0]
[0, 0, 0]
[0, 0, 0]
[0, 0, 0]
[0, 0, 0]
[0, 0, 0]
[0, 0, 0]
[0, 0, 0]
[0, 0, 0]
[0, 0, 0]
[0, 0, 0]
[0, 0, 0]
[0, 0, 0]
[0, 0, 0]
[0, 0, 0]
[0, 0, 0]
[0, 0, 0]
[0, 0, 0]
[0, 0, 0]
[0, 0, 0]
[0, 0, 0]
[0, 0, 0]
[0, 0, 0]
[0, 0, 0]
[0, 0, 0]
[0, 0, 0]
[0, 0, 0]
[0, 0, 0]
[0, 0, 0]
[0, 0, 0]
[0, 0, 0]
[0, 0, 0]
[0, 0, 0]
[0, 0, 0]
[0, 0, 0]
[0, 0, 0]
[0, 0, 0]
[0, 0, 0]
[0, 0, 0]
[0, 0, 0]
[0, 0, 0]
[0, 0, 0]
[0, 0, 0]
[0, 0, 0]
[0, 0, 0]
[0, 0, 0]
[0, 0, 0]
[0, 0, 0]
[0, 0, 0]
[0, 0, 0]
[0, 0, 0]
[0, 0, 0]
[0, 0, 0]
[0, 0, 0]
[0, 0, 0]
[0, 0, 0]
[0, 0, 0]
[0, 0, 0]
[0, 0, 0]
[0, 0, 0]
[0, 0, 0]
[0, 0, 0]
[0, 0, 0]
[0, 0, 0]
[0, 0, 0]
[0, 0, 0]
[0, 0, 0]
[0, 0, 0]
[0, 0, 0]
[0, 0, 0]
[0, 0, 0]
[0, 0, 0]
[0, 0, 0]
[0, 0, 0]
[0, 0, 0]
[0, 0, 0]
[0, 0, 0]
[0, 0, 0]
[0, 0, 0]
[0, 0, 0]
[0, 0, 0]
[0, 0, 0]
[0, 0, 0]
[0, 0, 0]
[0, 0, 0]
[0, 0, 0]
[0, 0, 0]
[0, 0, 0]
[0, 0, 0]
[0, 0, 0]
[0, 0, 0]
[0, 0, 0]
[0, 0, 0]
[0, 0, 0]
[0, 0, 0]
[0, 0, 0]
[0, 0, 0]
[0, 0, 0]
[0, 0, 0]
[0, 0, 0]
[0, 0, 0]
[0, 0, 0]
[0, 0, 0]
[0, 0, 0]
[0, 0, 0]
[0, 0, 0]
[0, 0, 0]
[0, 0, 0]
[0, 0, 0]
[0, 0, 0]
[0, 0, 0]
[0, 0, 0]
[0, 0, 0]
[0, 0, 0]
[0, 0, 0]
[0, 0, 0]
[0, 0, 0]
[0, 0, 0]
[0, 0, 0]
[0, 0, 0]
[0, 0, 0]
[0, 0, 0]
[0, 0, 0]
[0, 0, 0]
[0, 0, 0]
[0, 0, 0]
[0, 0, 0]
[0, 0, 0]
[0, 0, 0]
[0, 0, 0]
[0, 0, 0]
[0, 0, 0]
[0, 0, 0]
[0, 0, 0]
[0, 0, 0]
[0, 0, 0]
[0, 0, 0]
[0, 0, 0]
[0, 0, 0]
[0, 0, 0]
[0, 0, 0]
[0, 0, 0]
[0, 0, 0]
[0, 0, 0]
[0, 0, 0]
[0, 0, 0]
[0, 0, 0]
[0, 0, 0]
[0, 0, 0]
[0, 0, 0]
[0, 0, 0]
[0, 0, 0]
[0, 0, 0]
[0, 0, 0]
[0, 0, 0]
[0, 0, 0]
[0, 0, 0]
[0, 0, 0]
[0, 0, 0]
[0, 0, 0]
[0, 0, 0]
[0, 0, 0]
[0, 0, 0]
[0, 0, 0]
[0, 0, 0]
[0, 0, 0]
[0, 0, 0]
[0, 0, 0]
[0, 0, 0]
[0, 0, 0]
[0, 0, 0]
[0, 0, 0]
[0, 0, 0]
[0, 0, 0]
[0, 0, 0]
[0, 0, 0]
[0, 0, 0]
[0, 0, 0]
[0, 0, 0]
[0, 0, 0]
[0, 0, 0]
[0, 0, 0]
[0, 0, 0]
[0, 0, 0]
[0, 0, 0]
[0, 0, 0]
[0, 0, 0]
[0, 0, 0]
[0, 0, 0]
[0, 0, 0]
[0, 0, 0]
[0, 0, 0]
[0, 0, 0]
[0, 0, 0]
[0, 0, 0]
[0, 0, 0]
[0, 0, 0]
[0, 0, 0]
[0, 0, 0]
[0, 0, 0]
[0, 0, 0]
[0, 0, 0]
[0, 0, 0]
[0, 0, 0]
[0, 0, 0]
[0, 0, 0]
[0, 0, 0]
[0, 0, 0]
[0, 0, 0]
[0, 0, 0]
[0, 0, 0]
[0, 0, 0]
[0, 0, 0]
[0, 0, 0]
[0, 0, 0]
[0, 0, 0]
[0, 0, 0]
[0, 0, 0]
[0, 0, 0]
[0, 0, 0]
[0, 0, 0]
[0, 0, 0]
[0, 0, 0]
[0, 0, 0]
[0, 0, 0]
[0, 0, 0]
[0, 0, 0]
[0, 0, 0]
[0, 0, 0]
[0, 0, 0]
[0, 0, 0]
[0, 0, 0]
[0, 0, 0]
[0, 0, 0]
[0, 0, 0]
[0, 0, 0]
[0, 0, 0]
[0, 0, 0]
[0, 0, 0]
[0, 0, 0]
[0, 0, 0]
[0, 0, 0]
[0, 0, 0]
[0, 0, 0]
[0, 0, 0]
[0, 0, 0]
[0, 0, 0]
[0, 0, 0]
[0, 0, 0]
[0, 0, 0]
