452
30
[231.59584045410156, -695.0013427734375, 2045.0775146484375]
[235.02194213867188, -694.0099487304688, 2043.9276123046875]
[238.29991149902344, -693.9408569335938, 2041.37060546875]
[239.40130615234375, -692.438720703125, 2039.2530517578125]
[244.43789672851562, -689.7706298828125, 2035.7080078125]
[244.79867553710938, -690.3211059570312, 2032.3426513671875]
[248.93240356445312, -689.5407104492188, 2030.3292236328125]
[258.6747131347656, -695.2637329101562, 2035.1307373046875]
[260.95074462890625, -695.3745727539062, 2032.5498046875]
[265.3706359863281, -695.245849609375, 2031.5892333984375]
[268.2961730957031, -693.9752807617188, 2029.1573486328125]
[272.9197998046875, -694.0756225585938, 2028.2430419921875]
[273.8489685058594, -693.6829223632812, 2024.1083984375]
[276.0376281738281, -693.2506713867188, 2024.3602294921875]
[285.29443359375, -692.6075439453125, 2022.572265625]
[285.86468505859375, -692.5286865234375, 2020.7762451171875]
[286.1620788574219, -694.173583984375, 2019.855712890625]
[287.91278076171875, -693.6398315429688, 2015.981689453125]
[288.8550720214844, -693.5150756835938, 2015.5341796875]
[291.74603271484375, -696.1542358398438, 2009.96044921875]
[295.892822265625, -698.499267578125, 2012.3875732421875]
[294.1256103515625, -696.41015625, 2010.1451416015625]
[295.700439453125, -696.5388793945312, 2007.901611328125]
[297.8418273925781, -696.055908203125, 2008.7110595703125]
[297.5416259765625, -695.1997680664062, 2008.0614013671875]
[299.8419189453125, -695.85595703125, 2007.4267578125]
[300.08892822265625, -691.0680541992188, 2006.18310546875]
[302.63427734375, -690.6544799804688, 2004.9755859375]
[303.00146484375, -687.486328125, 2003.3316650390625]
[301.8121643066406, -685.4019165039062, 2000.8089599609375]
[301.81365966796875, -685.14208984375, 1999.796630859375]
[301.8711242675781, -684.9861450195312, 1999.6934814453125]
[302.0948181152344, -684.2839965820312, 1999.446044921875]
[306.0534362792969, -675.8262329101562, 2000.73095703125]
[307.923095703125, -671.3636474609375, 2003.1263427734375]
[309.2138671875, -663.4859008789062, 1998.2109375]
[309.3476867675781, -663.4103393554688, 1998.14453125]
[313.6380310058594, -650.9044189453125, 1998.027587890625]
[312.80859375, -644.3320922851562, 1993.519775390625]
[315.0198059082031, -643.5718383789062, 1989.448486328125]
[318.6049499511719, -639.7429809570312, 1991.058349609375]
[310.5500793457031, -639.7406005859375, 1985.093017578125]
[309.9511413574219, -641.5184936523438, 1987.7872314453125]
[300.7657470703125, -644.911865234375, 1983.177978515625]
[297.47308349609375, -649.9286499023438, 1985.1009521484375]
[288.11932373046875, -649.4732055664062, 1989.5369873046875]
[279.3361511230469, -650.2210083007812, 1999.8978271484375]
[262.8133239746094, -640.4552612304688, 2002.3258056640625]
[245.8389434814453, -644.8050537109375, 2011.0299072265625]
[229.21546936035156, -639.999755859375, 2016.3812255859375]
[206.4486083984375, -632.5413818359375, 2014.342529296875]
[191.7072296142578, -636.0584106445312, 2022.61279296875]
[173.3612060546875, -623.70556640625, 2030.5533447265625]
[159.43557739257812, -620.560791015625, 2029.4945068359375]
[140.93377685546875, -621.910888671875, 2036.3619384765625]
[137.19110107421875, -632.3851928710938, 2042.48046875]
[120.66830444335938, -643.2710571289062, 2043.915283203125]
[114.8377456665039, -656.9039306640625, 2038.3193359375]
[117.80931091308594, -658.7278442382812, 2010.5361328125]
[113.56935119628906, -679.3176879882812, 2009.8211669921875]
[114.06121063232422, -684.8855590820312, 2000.3731689453125]
[114.22554779052734, -706.794677734375, 1994.2451171875]
[110.23600769042969, -713.0342407226562, 1994.5439453125]
[114.50020599365234, -718.1883544921875, 1975.9573974609375]
[124.84663391113281, -695.645263671875, 1953.9959716796875]
[142.51036071777344, -694.7702026367188, 1937.1949462890625]
[157.97962951660156, -698.133544921875, 1926.99072265625]
[174.4822540283203, -693.1427001953125, 1911.5384521484375]
[203.7525177001953, -699.4140625, 1881.925537109375]
[210.81884765625, -699.9236450195312, 1856.6767578125]
[231.46498107910156, -703.2138061523438, 1833.4298095703125]
[237.54010009765625, -703.3097534179688, 1811.61962890625]
[242.9536895751953, -708.2596435546875, 1792.97607421875]
[246.79891967773438, -711.3333740234375, 1785.23681640625]
[249.6077423095703, -717.8018798828125, 1753.45361328125]
[249.91983032226562, -723.7356567382812, 1736.869873046875]
[248.77011108398438, -732.531494140625, 1725.55419921875]
[233.71405029296875, -742.6937255859375, 1710.1824951171875]
[221.58135986328125, -758.5269165039062, 1700.6689453125]
[214.96246337890625, -745.98779296875, 1695.91162109375]
[212.70066833496094, -757.5247802734375, 1704.5950927734375]
[195.79701232910156, -733.7652587890625, 1704.39404296875]
[204.07215881347656, -727.5613403320312, 1705.6597900390625]
[207.51890563964844, -731.9998168945312, 1712.166748046875]
[206.4921417236328, -733.21435546875, 1720.9649658203125]
[198.27699279785156, -709.1210327148438, 1718.74267578125]
[190.23263549804688, -689.7005615234375, 1731.4722900390625]
[172.10755920410156, -681.0043334960938, 1722.7113037109375]
[161.97840881347656, -663.1491088867188, 1705.530517578125]
[165.08164978027344, -663.4130859375, 1697.5843505859375]
[172.09535217285156, -663.735595703125, 1684.9293212890625]
[175.3253631591797, -682.5721435546875, 1688.5125732421875]
[170.89483642578125, -687.76416015625, 1676.9605712890625]
[180.68280029296875, -710.1859130859375, 1655.882080078125]
[172.74246215820312, -728.8922119140625, 1648.693359375]
[159.87786865234375, -746.3675537109375, 1637.6317138671875]
[147.8457489013672, -752.2112426757812, 1622.4014892578125]
[129.9113311767578, -743.5855102539062, 1609.3262939453125]
[106.031005859375, -726.4258422851562, 1600.23388671875]
[69.19677734375, -702.6636352539062, 1594.270263671875]
[48.44173049926758, -669.033935546875, 1572.71826171875]
[46.51969528198242, -649.0530395507812, 1576.5401611328125]
[29.264278411865234, -621.8570556640625, 1569.4874267578125]
[20.542837142944336, -624.4923095703125, 1585.922607421875]
[13.180643081665039, -636.2916259765625, 1602.168212890625]
[5.893275260925293, -653.7103271484375, 1616.4500732421875]
[-6.443977355957031, -675.6607055664062, 1636.7120361328125]
[-7.140353202819824, -687.8512573242188, 1655.6923828125]
[-1.5126913785934448, -693.2146606445312, 1660.9156494140625]
[2.4467854499816895, -695.1133422851562, 1673.8511962890625]
[8.461356163024902, -691.7366943359375, 1689.6693115234375]
[19.363000869750977, -672.5908813476562, 1699.605712890625]
[31.908109664916992, -651.8416137695312, 1686.27783203125]
[39.747474670410156, -641.9884033203125, 1681.3795166015625]
[45.70616912841797, -650.0196533203125, 1676.43798828125]
[51.31636428833008, -650.709716796875, 1675.60205078125]
[70.99012756347656, -658.58349609375, 1653.33056640625]
[106.20736694335938, -670.4389038085938, 1642.418701171875]
[119.24893188476562, -687.420654296875, 1642.362060546875]
[126.01023864746094, -693.6414184570312, 1635.11865234375]
[134.0681915283203, -706.6204833984375, 1633.9932861328125]
[143.40919494628906, -712.176025390625, 1622.4644775390625]
[152.09275817871094, -719.4600830078125, 1624.1875]
[169.12600708007812, -710.1428833007812, 1613.6500244140625]
[184.3515167236328, -706.5835571289062, 1606.979248046875]
[200.12205505371094, -707.9935302734375, 1599.6290283203125]
[240.5808868408203, -684.125732421875, 1598.91943359375]
[264.9521789550781, -671.988037109375, 1600.8302001953125]
[286.44793701171875, -656.9906616210938, 1604.0345458984375]
[310.7060546875, -640.4263916015625, 1605.00341796875]
[310.3522644042969, -624.5164184570312, 1617.516845703125]
[315.6830139160156, -615.0957641601562, 1624.072265625]
[310.3812255859375, -600.2589111328125, 1643.04296875]
[309.95751953125, -591.0375366210938, 1650.3712158203125]
[303.75189208984375, -586.0185546875, 1660.990234375]
[299.0137023925781, -588.6807861328125, 1671.3929443359375]
[294.19036865234375, -609.943359375, 1682.3255615234375]
[290.8281555175781, -623.949462890625, 1695.67138671875]
[288.20440673828125, -638.8008422851562, 1705.4871826171875]
[275.67633056640625, -648.11181640625, 1721.2406005859375]
[270.9774475097656, -655.6719360351562, 1740.3712158203125]
[267.1788330078125, -658.0053100585938, 1767.890869140625]
[253.39794921875, -650.3795776367188, 1791.8826904296875]
[240.96978759765625, -625.8279418945312, 1821.4678955078125]
[222.8033905029297, -606.6334228515625, 1844.9632568359375]
[197.59109497070312, -588.1531372070312, 1861.7996826171875]
[179.17727661132812, -562.3711547851562, 1862.986572265625]
[165.17987060546875, -565.7277221679688, 1870.6180419921875]
[153.89743041992188, -576.8328857421875, 1877.8389892578125]
[142.81900024414062, -599.201904296875, 1883.287353515625]
[126.8434066772461, -611.0275268554688, 1894.0081787109375]
[111.86505889892578, -631.3051147460938, 1885.529052734375]
[105.09001922607422, -644.2337646484375, 1880.9700927734375]
[92.89916229248047, -653.2042846679688, 1883.9954833984375]
[82.1532211303711, -670.5737915039062, 1856.980712890625]
[77.644287109375, -677.4071655273438, 1851.177490234375]
[73.38511657714844, -688.6779174804688, 1842.320068359375]
[67.3897705078125, -692.276611328125, 1835.263916015625]
[60.7587776184082, -690.5364990234375, 1818.8914794921875]
[51.991336822509766, -673.0616455078125, 1825.20166015625]
[48.42228317260742, -655.4789428710938, 1801.96826171875]
[48.1307373046875, -642.0811767578125, 1790.5484619140625]
[47.077476501464844, -638.9964599609375, 1778.7213134765625]
[40.99507522583008, -619.611572265625, 1757.7940673828125]
[38.82788848876953, -580.6897583007812, 1733.3651123046875]
[32.509891510009766, -574.3818969726562, 1722.6927490234375]
[31.655162811279297, -591.8056030273438, 1708.1815185546875]
[36.784889221191406, -608.27978515625, 1658.0146484375]
[31.980104446411133, -614.5198364257812, 1613.072265625]
[31.113683700561523, -631.2924194335938, 1573.25732421875]
[18.294408798217773, -643.635986328125, 1570.5213623046875]
[6.457269191741943, -640.2096557617188, 1561.11669921875]
[-0.856548547744751, -634.90673828125, 1555.3204345703125]
[-10.149046897888184, -610.1551513671875, 1549.1533203125]
[-23.915931701660156, -592.1295166015625, 1538.301513671875]
[-26.885391235351562, -591.2899780273438, 1537.1668701171875]
[-37.27730941772461, -589.573974609375, 1549.56103515625]
[-45.86933517456055, -581.6361694335938, 1558.4361572265625]
[-49.323856353759766, -576.3137817382812, 1561.33203125]
[-49.20943069458008, -577.671142578125, 1533.744873046875]
[-44.1876335144043, -571.5528564453125, 1529.0706787109375]
[-43.87959671020508, -569.4071044921875, 1523.2823486328125]
[-45.78281784057617, -572.3792114257812, 1516.9716796875]
[-50.345436096191406, -577.0621337890625, 1533.62841796875]
[-51.65203094482422, -568.0939331054688, 1535.7679443359375]
[-50.36112594604492, -572.5004272460938, 1542.3363037109375]
[-44.647560119628906, -593.3906860351562, 1578.04345703125]
[-34.343421936035156, -604.5730590820312, 1581.81005859375]
[-22.75629425048828, -612.9251708984375, 1580.2430419921875]
[-12.636795997619629, -618.7770385742188, 1579.305419921875]
[-5.234986305236816, -617.4880981445312, 1575.72607421875]
[7.4370503425598145, -629.4009399414062, 1587.24560546875]
[25.057292938232422, -642.417724609375, 1613.2401123046875]
[35.2124137878418, -639.6737060546875, 1617.833251953125]
[53.203067779541016, -648.5015869140625, 1622.5513916015625]
[68.6668472290039, -642.03662109375, 1628.45556640625]
[82.59476470947266, -632.4057006835938, 1644.371826171875]
[83.75379180908203, -631.2481079101562, 1647.1932373046875]
[91.59593200683594, -645.8609008789062, 1656.77490234375]
[102.78614044189453, -656.047119140625, 1669.546142578125]
[116.91348266601562, -668.1566162109375, 1683.609619140625]
[123.2511215209961, -683.5308227539062, 1701.384033203125]
[133.96893310546875, -694.5195922851562, 1718.855224609375]
[146.07594299316406, -690.850341796875, 1741.796875]
[155.4459686279297, -693.5966796875, 1769.1285400390625]
[163.5482177734375, -691.1511840820312, 1798.8759765625]
[163.6305694580078, -692.0108032226562, 1834.4539794921875]
[165.5330352783203, -682.8898315429688, 1857.581787109375]
[174.56771850585938, -681.6213989257812, 1898.6832275390625]
[176.93296813964844, -674.0635986328125, 1926.8377685546875]
[186.9625701904297, -660.5468139648438, 1957.8031005859375]
[191.5935821533203, -645.2718505859375, 1980.3060302734375]
[201.17430114746094, -630.4325561523438, 1999.7958984375]
[216.4635009765625, -655.6220092773438, 2020.154052734375]
[222.33773803710938, -665.9038696289062, 2035.6112060546875]
[231.09942626953125, -690.0697631835938, 2050.098388671875]
[244.53851318359375, -709.7067260742188, 2056.15576171875]
[256.26837158203125, -733.8179931640625, 2052.640869140625]
[269.8274230957031, -742.4383544921875, 2058.706298828125]
[282.94293212890625, -738.1920166015625, 2065.457275390625]
[295.81805419921875, -727.310791015625, 2070.9970703125]
[306.1468505859375, -720.655029296875, 2077.58740234375]
[315.3939208984375, -685.0521850585938, 2087.178466796875]
[320.1988525390625, -669.8645629882812, 2086.4150390625]
[327.9767761230469, -654.5841674804688, 2095.0908203125]
[332.2232360839844, -648.3338623046875, 2103.80908203125]
[333.28009033203125, -647.455322265625, 2094.263916015625]
[334.08544921875, -658.8704223632812, 2082.140625]
[330.40069580078125, -687.620361328125, 2082.105712890625]
[324.4815368652344, -696.9164428710938, 2069.269775390625]
[324.63232421875, -748.6347045898438, 2086.8203125]
[320.736572265625, -789.8959350585938, 2095.3837890625]
[316.12957763671875, -823.5284423828125, 2101.983642578125]
[296.56243896484375, -864.173828125, 2084.64111328125]
[295.3606872558594, -873.6836547851562, 2083.28125]
[299.4225769042969, -876.6072387695312, 2092.624755859375]
[303.8705139160156, -888.534912109375, 2116.7568359375]
[307.7460632324219, -843.75927734375, 2119.42529296875]
[307.0987548828125, -812.314453125, 2134.53759765625]
[312.8795166015625, -793.6914672851562, 2164.95556640625]
[303.22015380859375, -760.5792846679688, 2160.64599609375]
[291.0101013183594, -736.5210571289062, 2151.15283203125]
[290.3686218261719, -709.8466796875, 2132.400390625]
[288.2624816894531, -683.4004516601562, 2115.650146484375]
[289.8595275878906, -660.348876953125, 2108.484375]
[293.8753662109375, -626.3504638671875, 2101.0537109375]
[290.5792541503906, -582.4933471679688, 2105.82861328125]
[295.0221252441406, -560.3510131835938, 2099.794677734375]
[291.1335144042969, -538.6786499023438, 2089.167236328125]
[289.9950256347656, -486.545166015625, 2073.338623046875]
[291.012451171875, -448.8135681152344, 2066.401611328125]
[289.63726806640625, -410.6705017089844, 2056.28369140625]
[291.0875549316406, -384.1178894042969, 2051.559326171875]
[292.361328125, -332.0891418457031, 2050.711181640625]
[288.9254150390625, -306.4798278808594, 2047.2467041015625]
[290.5267333984375, -297.8130187988281, 2039.186279296875]
[288.2710266113281, -294.33697509765625, 2033.6375732421875]
[285.3958740234375, -297.2978820800781, 2029.4404296875]
[283.62158203125, -310.3620910644531, 2024.82958984375]
[280.8011474609375, -329.314208984375, 2024.9779052734375]
[282.193115234375, -346.53497314453125, 2030.067626953125]
[279.5410461425781, -367.3293762207031, 2037.239990234375]
[289.6899719238281, -428.28125, 2051.33642578125]
[301.2123107910156, -485.2033386230469, 2057.86474609375]
[319.0953674316406, -577.9296264648438, 2059.15966796875]
[327.2265930175781, -661.2335205078125, 2067.744873046875]
[337.1286315917969, -702.7887573242188, 2070.47119140625]
[340.0137939453125, -751.7810668945312, 2066.26708984375]
[346.9338684082031, -799.2803955078125, 2050.979736328125]
[356.28424072265625, -814.1550903320312, 2052.51708984375]
[361.3866271972656, -852.24462890625, 2055.02392578125]
[356.43536376953125, -865.9273681640625, 2054.91845703125]
[355.4972229003906, -862.5558471679688, 2058.985595703125]
[351.35772705078125, -839.6531372070312, 2057.2041015625]
[358.3988037109375, -823.13525390625, 2065.0302734375]
[354.4389343261719, -783.286376953125, 2067.16552734375]
[355.112060546875, -750.550048828125, 2069.872314453125]
[357.5673828125, -724.6344604492188, 2076.959228515625]
[358.3758239746094, -698.3422241210938, 2080.034423828125]
[354.34527587890625, -668.2398681640625, 2073.111328125]
[349.8460998535156, -637.6026611328125, 2064.695068359375]
[346.83929443359375, -632.687255859375, 2052.34521484375]
[343.9420471191406, -639.49365234375, 2042.3040771484375]
[333.031005859375, -640.5128784179688, 2028.694091796875]
[322.5867614746094, -604.7759399414062, 1955.8289794921875]
[313.8634338378906, -605.5291748046875, 1951.0535888671875]
[309.8061218261719, -628.7349853515625, 1940.2100830078125]
[304.63104248046875, -629.994384765625, 1922.034423828125]
[286.9445495605469, -624.296875, 1922.2955322265625]
[280.85888671875, -624.0198974609375, 1897.898193359375]
[277.7567138671875, -620.08984375, 1869.2955322265625]
[280.07098388671875, -622.575927734375, 1846.43896484375]
[275.1201477050781, -618.5399169921875, 1830.9219970703125]
[274.6131896972656, -623.3945922851562, 1805.29833984375]
[272.94610595703125, -618.034423828125, 1785.7816162109375]
[265.7962341308594, -623.31591796875, 1761.8338623046875]
[263.6731872558594, -623.5674438476562, 1740.299072265625]
[265.5556335449219, -628.4815673828125, 1715.1304931640625]
[266.8601379394531, -631.8921508789062, 1699.423583984375]
[273.3943176269531, -636.1936645507812, 1675.4886474609375]
[267.9463806152344, -622.3157348632812, 1658.953857421875]
[269.8931579589844, -610.4044189453125, 1630.03515625]
[273.0589599609375, -600.6156005859375, 1609.171630859375]
[283.9085998535156, -597.49365234375, 1579.7857666015625]
[285.6713562011719, -594.8267211914062, 1552.424560546875]
[287.7382507324219, -588.9095458984375, 1529.624267578125]
[285.1168518066406, -580.5338134765625, 1499.16650390625]
[290.8324890136719, -579.3509521484375, 1481.9576416015625]
[288.86474609375, -576.10791015625, 1466.07421875]
[290.0576171875, -583.3728637695312, 1451.618896484375]
[288.3435974121094, -583.903564453125, 1436.4891357421875]
[283.4352111816406, -594.3343505859375, 1420.7022705078125]
[283.424072265625, -596.961181640625, 1404.666259765625]
[285.0970153808594, -617.3409423828125, 1391.3394775390625]
[282.3871154785156, -632.4523315429688, 1379.7630615234375]
[282.9149475097656, -640.6121215820312, 1372.68310546875]
[273.5510559082031, -652.9425048828125, 1368.267578125]
[271.5794372558594, -663.4146728515625, 1362.2313232421875]
[270.30743408203125, -664.0484619140625, 1359.689453125]
[268.603271484375, -662.4035034179688, 1358.293212890625]
[264.8995361328125, -665.9048461914062, 1359.7498779296875]
[258.9895324707031, -664.9955444335938, 1357.5811767578125]
[248.48756408691406, -670.167724609375, 1361.0072021484375]
[246.22848510742188, -652.9717407226562, 1361.906494140625]
[240.0655517578125, -642.4876708984375, 1367.6258544921875]
[218.25689697265625, -632.321533203125, 1375.364990234375]
[204.17178344726562, -626.9976196289062, 1378.19677734375]
[183.8233184814453, -622.6179809570312, 1379.0413818359375]
[159.9175567626953, -626.6678466796875, 1374.2357177734375]
[133.10549926757812, -638.3287963867188, 1361.730712890625]
[110.31945037841797, -666.0776977539062, 1362.1484375]
[80.6538314819336, -699.3984375, 1358.395751953125]
[70.23976135253906, -713.3143920898438, 1360.2423095703125]
[60.99413299560547, -729.3224487304688, 1340.5264892578125]
[45.160823822021484, -736.813720703125, 1330.7408447265625]
[21.750608444213867, -747.9010620117188, 1320.2415771484375]
[-5.589863300323486, -753.509033203125, 1321.0025634765625]
[-58.20597839355469, -731.76513671875, 1319.4984130859375]
[-81.03199768066406, -708.5350341796875, 1309.893310546875]
[-124.44689178466797, -689.3515014648438, 1307.02197265625]
[-169.71510314941406, -675.5020141601562, 1317.2109375]
[-211.69082641601562, -661.9088134765625, 1333.3531494140625]
[-246.73924255371094, -636.8585815429688, 1350.821044921875]
[-272.8648681640625, -623.010498046875, 1369.2183837890625]
[-294.33392333984375, -613.218017578125, 1392.3470458984375]
[-306.58428955078125, -637.0200805664062, 1411.328125]
[-311.08892822265625, -654.475830078125, 1433.6204833984375]
[-314.0522155761719, -663.7388305664062, 1453.97802734375]
[-316.9790344238281, -675.5162353515625, 1476.9227294921875]
[-312.0333557128906, -683.6310424804688, 1486.162353515625]
[-314.9315185546875, -683.973876953125, 1494.9642333984375]
[-321.1501159667969, -689.2456665039062, 1527.5264892578125]
[-314.40557861328125, -688.7550048828125, 1554.8675537109375]
[-301.7224426269531, -692.4307250976562, 1607.0574951171875]
[-294.3906555175781, -682.7739868164062, 1642.8447265625]
[-284.20672607421875, -680.459716796875, 1666.855224609375]
[-268.3697509765625, -676.2365112304688, 1699.4649658203125]
[-254.06089782714844, -667.1235961914062, 1701.7000732421875]
[-238.3115692138672, -661.1273803710938, 1720.718994140625]
[-218.61697387695312, -659.107421875, 1749.0660400390625]
[-207.5696563720703, -644.5809326171875, 1757.87451171875]
[-161.95654296875, -636.925048828125, 1793.0496826171875]
[-101.05876922607422, -672.1290283203125, 1821.7823486328125]
[-84.66426086425781, -662.5139770507812, 1831.870849609375]
[-69.34456634521484, -685.6461791992188, 1841.5789794921875]
[-29.48149871826172, -689.8170166015625, 1849.2850341796875]
[-3.0663535594940186, -706.302734375, 1856.9666748046875]
[14.382731437683105, -722.86865234375, 1867.7803955078125]
[33.50192642211914, -738.4744262695312, 1884.00830078125]
[42.0989990234375, -743.3306884765625, 1896.5614013671875]
[84.30802154541016, -726.7835083007812, 1897.9647216796875]
[113.02969360351562, -709.0585327148438, 1905.7823486328125]
[130.69613647460938, -692.7380981445312, 1917.031494140625]
[175.46156311035156, -686.0525512695312, 1913.979248046875]
[211.5865020751953, -671.690185546875, 1904.90087890625]
[239.53997802734375, -673.1070556640625, 1920.277099609375]
[264.00238037109375, -660.7133178710938, 1928.091796875]
[283.12530517578125, -667.6349487304688, 1937.10009765625]
[300.3143615722656, -671.248046875, 1943.003173828125]
[318.2115478515625, -672.7491455078125, 1943.9552001953125]
[329.19183349609375, -687.8317260742188, 1943.901611328125]
[332.6352233886719, -696.59423828125, 1937.0587158203125]
[341.2325439453125, -709.2508544921875, 1938.6905517578125]
[340.0404968261719, -721.2181396484375, 1933.27734375]
[338.82586669921875, -720.568603515625, 1934.2906494140625]
[343.5966491699219, -719.4068603515625, 1944.3621826171875]
[341.37451171875, -706.7940673828125, 1946.7222900390625]
[344.1608581542969, -703.0665283203125, 1960.901123046875]
[345.6600341796875, -708.0375366210938, 1979.189208984375]
[348.35809326171875, -691.4385375976562, 1999.3284912109375]
[351.49627685546875, -688.4905395507812, 2034.2464599609375]
[344.10601806640625, -685.7928466796875, 2052.620361328125]
[337.53948974609375, -674.9800415039062, 2081.901123046875]
[330.441162109375, -681.3938598632812, 2115.266357421875]
[318.844970703125, -681.21630859375, 2141.367919921875]
[305.2489318847656, -673.230224609375, 2153.45556640625]
[303.3937683105469, -665.1597900390625, 2160.749755859375]
[294.4693908691406, -657.7399291992188, 2166.412109375]
[294.7187805175781, -671.4146118164062, 2174.969482421875]
[298.8981018066406, -683.1084594726562, 2175.222900390625]
[303.09100341796875, -697.923828125, 2182.614013671875]
[305.5994567871094, -707.1736450195312, 2180.708984375]
[311.9169006347656, -719.21875, 2183.3212890625]
[316.6362609863281, -724.9013061523438, 2182.7587890625]
[326.53240966796875, -720.1834106445312, 2182.72705078125]
[337.7237548828125, -729.70458984375, 2180.348388671875]
[345.4730529785156, -725.3695678710938, 2175.783203125]
[354.0237731933594, -717.6634521484375, 2174.93603515625]
[362.7075500488281, -706.7218017578125, 2171.974853515625]
[372.1662292480469, -693.0863037109375, 2170.212158203125]
[378.9234619140625, -658.2088623046875, 2166.544921875]
[377.273193359375, -618.7353515625, 2161.7197265625]
[381.70770263671875, -605.8218383789062, 2165.345947265625]
[386.2884521484375, -602.371337890625, 2166.85400390625]
[391.525634765625, -608.01611328125, 2166.76318359375]
[386.42437744140625, -609.587890625, 2167.26953125]
[384.9086608886719, -612.3801879882812, 2165.742919921875]
[386.01690673828125, -621.351806640625, 2157.186279296875]
[387.3429870605469, -629.14599609375, 2153.8525390625]
[378.4236145019531, -634.975830078125, 2143.098876953125]
[376.8920593261719, -636.2794189453125, 2127.8154296875]
[369.21380615234375, -634.5005493164062, 2115.953369140625]
[363.7532653808594, -630.442138671875, 2102.380615234375]
[348.72064208984375, -614.465576171875, 2089.196044921875]
[343.31988525390625, -604.2162475585938, 2077.5087890625]
[338.9012756347656, -600.013427734375, 2065.770751953125]
[334.5660095214844, -600.5652465820312, 2056.553955078125]
[331.73675537109375, -604.348388671875, 2044.2476806640625]
[326.3024597167969, -599.9912719726562, 2036.570556640625]
[325.2768249511719, -600.235107421875, 2026.975830078125]
[318.248046875, -597.564453125, 2025.34765625]
[312.1462097167969, -586.9398193359375, 2029.65185546875]
[303.8216552734375, -583.4220581054688, 2030.6732177734375]
[296.5148010253906, -584.470947265625, 2037.25146484375]
[288.876708984375, -589.5174560546875, 2038.54248046875]
[277.4151611328125, -590.9052734375, 2033.45654296875]
[262.1850280761719, -596.7568359375, 2028.9423828125]
[255.654541015625, -606.4363403320312, 2023.2801513671875]
[243.79061889648438, -623.0509033203125, 2013.7791748046875]
[230.14273071289062, -631.8121337890625, 2007.9373779296875]
[219.54727172851562, -632.4039306640625, 1994.904052734375]
[207.8644561767578, -641.9359741210938, 1985.0772705078125]
[180.82550048828125, -638.8267211914062, 1988.5679931640625]
[177.10516357421875, -630.2506103515625, 1968.489013671875]
[172.0145263671875, -600.9003295898438, 1938.573486328125]
[157.9581756591797, -586.4555053710938, 1917.0545654296875]
[145.98440551757812, -585.5511474609375, 1907.66943359375]
[133.63316345214844, -587.338134765625, 1901.0469970703125]
[129.86659240722656, -592.4757690429688, 1897.212646484375]
[115.86124420166016, -602.5620727539062, 1877.8946533203125]
[115.26719665527344, -582.1295776367188, 1837.6212158203125]
[108.13967895507812, -575.0765380859375, 1812.51171875]
