452
30
[231.59584045, 1495.00134277, 1045.07751465]
[235.02194214, 1494.00994873, 1043.9276123]
[238.2999115, 1493.94085693, 1041.37060547]
[239.40130615, 1492.4387207, 1039.25305176]
[244.43789673, 1489.77062988, 1035.70800781]
[244.79867554, 1490.32110596, 1032.34265137]
[248.93240356, 1489.54071045, 1030.32922363]
[258.67471313, 1495.26373291, 1035.1307373]
[260.95074463, 1495.37457275, 1032.54980469]
[265.37063599, 1495.24584961, 1031.5892334]
[268.2961731, 1493.97528076, 1029.15734863]
[272.9197998, 1494.07562256, 1028.24304199]
[273.84896851, 1493.68292236, 1024.10839844]
[276.03762817, 1493.25067139, 1024.36022949]
[285.29443359, 1492.60754395, 1022.57226562]
[285.86468506, 1492.52868652, 1020.77624512]
[286.16207886, 1494.17358398, 1019.85571289]
[287.91278076, 1493.63983154, 1015.98168945]
[288.85507202, 1493.51507568, 1015.53417969]
[291.74603271, 1496.15423584, 1009.96044922]
[295.89282227, 1498.49926758, 1012.38757324]
[294.12561035, 1496.41015625, 1010.1451416]
[295.70043945, 1496.53887939, 1007.90161133]
[297.84182739, 1496.0559082, 1008.71105957]
[297.54162598, 1495.19976807, 1008.06140137]
[299.84191895, 1495.85595703, 1007.42675781]
[300.08892822, 1491.0680542, 1006.18310547]
[302.63427734, 1490.65447998, 1004.97558594]
[303.00146484, 1487.48632812, 1003.33166504]
[301.81216431, 1485.4019165, 1000.80895996]
[301.81365967, 1485.14208984, 999.79663086]
[301.87112427, 1484.98614502, 999.69348145]
[302.09481812, 1484.28399658, 999.44604492]
[306.05343628, 1475.82623291, 1000.73095703]
[307.9230957, 1471.36364746, 1003.12634277]
[309.21386719, 1463.48590088, 998.2109375]
[309.34768677, 1463.41033936, 998.14453125]
[313.63803101, 1450.90441895, 998.02758789]
[312.80859375, 1444.33209229, 993.51977539]
[315.01980591, 1443.57183838, 989.44848633]
[318.60494995, 1439.74298096, 991.05834961]
[310.55007935, 1439.74060059, 985.09301758]
[309.95114136, 1441.51849365, 987.78723145]
[300.76574707, 1444.91186523, 983.17797852]
[297.4730835, 1449.9286499, 985.10095215]
[288.11932373, 1449.47320557, 989.5369873]
[279.33615112, 1450.2210083, 999.89782715]
[262.81332397, 1440.45526123, 1002.32580566]
[245.83894348, 1444.80505371, 1011.02990723]
[229.21546936, 1439.99975586, 1016.38122559]
[206.4486084, 1432.54138184, 1014.3425293]
[191.70722961, 1436.05841064, 1022.61279297]
[173.36120605, 1423.70556641, 1030.55334473]
[159.43557739, 1420.56079102, 1029.49450684]
[140.93377686, 1421.91088867, 1036.36193848]
[137.19110107, 1432.38519287, 1042.48046875]
[120.66830444, 1443.27105713, 1043.9152832]
[114.83774567, 1456.90393066, 1038.31933594]
[117.80931091, 1458.72784424, 1010.53613281]
[113.5693512, 1479.31768799, 1009.82116699]
[114.06121063, 1484.88555908, 1000.37316895]
[114.22554779, 1506.79467773, 994.24511719]
[110.23600769, 1513.03424072, 994.54394531]
[114.50020599, 1518.18835449, 975.95739746]
[124.84663391, 1495.64526367, 953.99597168]
[142.51036072, 1494.77020264, 937.19494629]
[157.97962952, 1498.13354492, 926.99072266]
[174.48225403, 1493.1427002, 911.53845215]
[203.7525177, 1499.4140625, 881.92553711]
[210.81884766, 1499.92364502, 856.67675781]
[231.46498108, 1503.21380615, 833.42980957]
[237.5401001, 1503.30975342, 811.61962891]
[242.95368958, 1508.25964355, 792.97607422]
[246.79891968, 1511.33337402, 785.23681641]
[249.60774231, 1517.80187988, 753.45361328]
[249.91983032, 1523.73565674, 736.86987305]
[248.77011108, 1532.53149414, 725.55419922]
[233.71405029, 1542.69372559, 710.18249512]
[221.58135986, 1558.5269165, 700.66894531]
[214.96246338, 1545.98779297, 695.91162109]
[212.70066833, 1557.52478027, 704.59509277]
[195.79701233, 1533.76525879, 704.39404297]
[204.07215881, 1527.56134033, 705.65979004]
[207.51890564, 1531.99981689, 712.16674805]
[206.49214172, 1533.21435547, 720.96496582]
[198.2769928, 1509.12103271, 718.74267578]
[190.2326355, 1489.70056152, 731.47229004]
[172.1075592, 1481.0043335, 722.71130371]
[161.97840881, 1463.14910889, 705.53051758]
[165.08164978, 1463.41308594, 697.58435059]
[172.09535217, 1463.7355957, 684.92932129]
[175.32536316, 1482.57214355, 688.51257324]
[170.89483643, 1487.76416016, 676.96057129]
[180.68280029, 1510.18591309, 655.88208008]
[172.74246216, 1528.89221191, 648.69335938]
[159.87786865, 1546.36755371, 637.63171387]
[147.8457489, 1552.21124268, 622.40148926]
[129.91133118, 1543.58551025, 609.32629395]
[106.03100586, 1526.42584229, 600.23388672]
[69.19677734, 1502.66363525, 594.27026367]
[48.4417305, 1469.03393555, 572.71826172]
[46.51969528, 1449.05303955, 576.54016113]
[29.26427841, 1421.85705566, 569.48742676]
[20.54283714, 1424.49230957, 585.92260742]
[13.18064308, 1436.29162598, 602.16821289]
[5.89327526, 1453.71032715, 616.45007324]
[-6.44397736, 1475.66070557, 636.71203613]
[-7.1403532, 1487.85125732, 655.69238281]
[-1.51269138, 1493.21466064, 660.91564941]
[2.44678545, 1495.11334229, 673.85119629]
[8.46135616, 1491.73669434, 689.66931152]
[19.36300087, 1472.59088135, 699.60571289]
[31.90810966, 1451.84161377, 686.27783203]
[39.74747467, 1441.98840332, 681.3795166]
[45.70616913, 1450.01965332, 676.43798828]
[51.31636429, 1450.7097168, 675.60205078]
[70.99012756, 1458.58349609, 653.33056641]
[106.20736694, 1470.43890381, 642.41870117]
[119.24893188, 1487.4206543, 642.36206055]
[126.01023865, 1493.64141846, 635.11865234]
[134.06819153, 1506.6204834, 633.99328613]
[143.40919495, 1512.17602539, 622.46447754]
[152.09275818, 1519.46008301, 624.1875]
[169.12600708, 1510.1428833, 613.65002441]
[184.35151672, 1506.58355713, 606.97924805]
[200.12205505, 1507.99353027, 599.62902832]
[240.58088684, 1484.12573242, 598.91943359]
[264.95217896, 1471.98803711, 600.8302002]
[286.44793701, 1456.99066162, 604.0345459]
[310.70605469, 1440.4263916, 605.00341797]
[310.3522644, 1424.51641846, 617.5168457]
[315.68301392, 1415.09576416, 624.07226562]
[310.38122559, 1400.25891113, 643.04296875]
[309.95751953, 1391.03753662, 650.37121582]
[303.75189209, 1386.01855469, 660.99023438]
[299.01370239, 1388.68078613, 671.39294434]
[294.19036865, 1409.94335938, 682.32556152]
[290.82815552, 1423.94946289, 695.67138672]
[288.20440674, 1438.80084229, 705.48718262]
[275.67633057, 1448.11181641, 721.24060059]
[270.97744751, 1455.67193604, 740.37121582]
[267.17883301, 1458.00531006, 767.89086914]
[253.39794922, 1450.37957764, 791.88269043]
[240.9697876, 1425.82794189, 821.46789551]
[222.8033905, 1406.63342285, 844.96325684]
[197.59109497, 1388.15313721, 861.79968262]
[179.17727661, 1362.37115479, 862.98657227]
[165.17987061, 1365.72772217, 870.61804199]
[153.89743042, 1376.83288574, 877.83898926]
[142.81900024, 1399.2019043, 883.28735352]
[126.84340668, 1411.02752686, 894.00817871]
[111.8650589, 1431.30511475, 885.52905273]
[105.09001923, 1444.23376465, 880.97009277]
[92.89916229, 1453.20428467, 883.9954834]
[82.15322113, 1470.5737915, 856.98071289]
[77.64428711, 1477.40716553, 851.17749023]
[73.38511658, 1488.67791748, 842.32006836]
[67.38977051, 1492.27661133, 835.26391602]
[60.75877762, 1490.53649902, 818.89147949]
[51.99133682, 1473.06164551, 825.20166016]
[48.42228317, 1455.47894287, 801.96826172]
[48.1307373, 1442.08117676, 790.54846191]
[47.0774765, 1438.99645996, 778.72131348]
[40.99507523, 1419.61157227, 757.79406738]
[38.82788849, 1380.6897583, 733.3651123]
[32.50989151, 1374.38189697, 722.69274902]
[31.65516281, 1391.80560303, 708.18151855]
[36.78488922, 1408.27978516, 658.01464844]
[31.98010445, 1414.51983643, 613.07226562]
[31.1136837, 1431.29241943, 573.25732422]
[18.2944088, 1443.63598633, 570.5213623]
[6.45726919, 1440.20965576, 561.11669922]
[-8.56548548e-01, 1.43490674e+03, 5.55320435e+02]
[-10.1490469, 1410.15515137, 549.15332031]
[-23.9159317, 1392.1295166, 538.30151367]
[-26.88539124, 1391.28997803, 537.16687012]
[-37.27730942, 1389.57397461, 549.56103516]
[-45.86933517, 1381.63616943, 558.43615723]
[-49.32385635, 1376.31378174, 561.33203125]
[-49.20943069, 1377.67114258, 533.74487305]
[-44.18763351, 1371.55285645, 529.07067871]
[-43.87959671, 1369.40710449, 523.28234863]
[-45.78281784, 1372.37921143, 516.97167969]
[-50.3454361, 1377.06213379, 533.62841797]
[-51.65203094, 1368.09393311, 535.76794434]
[-50.36112595, 1372.50042725, 542.33630371]
[-44.64756012, 1393.39068604, 578.04345703]
[-34.34342194, 1404.57305908, 581.81005859]
[-22.75629425, 1412.9251709, 580.24304199]
[-12.636796, 1418.77703857, 579.30541992]
[-5.23498631, 1417.48809814, 575.72607422]
[7.43705034, 1429.40093994, 587.24560547]
[25.05729294, 1442.41772461, 613.2401123]
[35.21241379, 1439.67370605, 617.83325195]
[53.20306778, 1448.50158691, 622.5513916]
[68.66684723, 1442.03662109, 628.45556641]
[82.59476471, 1432.40570068, 644.37182617]
[83.75379181, 1431.24810791, 647.1932373]
[91.59593201, 1445.86090088, 656.77490234]
[102.78614044, 1456.04711914, 669.54614258]
[116.91348267, 1468.15661621, 683.60961914]
[123.25112152, 1483.53082275, 701.3840332]
[133.96893311, 1494.51959229, 718.85522461]
[146.07594299, 1490.8503418, 741.796875]
[155.44596863, 1493.59667969, 769.12854004]
[163.54821777, 1491.15118408, 798.87597656]
[163.63056946, 1492.01080322, 834.45397949]
[165.53303528, 1482.88983154, 857.58178711]
[174.56771851, 1481.62139893, 898.68322754]
[176.93296814, 1474.06359863, 926.83776855]
[186.96257019, 1460.54681396, 957.80310059]
[191.59358215, 1445.27185059, 980.30603027]
[201.17430115, 1430.43255615, 999.79589844]
[216.46350098, 1455.62200928, 1020.15405273]
[222.33773804, 1465.90386963, 1035.61120605]
[231.09942627, 1490.06976318, 1050.09838867]
[244.53851318, 1509.70672607, 1056.15576172]
[256.26837158, 1533.81799316, 1052.64086914]
[269.8274231, 1542.43835449, 1058.70629883]
[282.94293213, 1538.1920166, 1065.45727539]
[295.8180542, 1527.31079102, 1070.99707031]
[306.14685059, 1520.6550293, 1077.58740234]
[315.3939209, 1485.05218506, 1087.1784668]
[320.19885254, 1469.86456299, 1086.41503906]
[327.97677612, 1454.58416748, 1095.09082031]
[332.22323608, 1448.3338623, 1103.80908203]
[333.28009033, 1447.45532227, 1094.26391602]
[334.08544922, 1458.87042236, 1082.140625]
[330.4006958, 1487.62036133, 1082.10571289]
[324.48153687, 1496.91644287, 1069.26977539]
[324.63232422, 1548.63470459, 1086.8203125]
[320.73657227, 1589.89593506, 1095.38378906]
[316.12957764, 1623.52844238, 1101.98364258]
[296.56243896, 1664.17382812, 1084.64111328]
[295.36068726, 1673.68365479, 1083.28125]
[299.4225769, 1676.60723877, 1092.62475586]
[303.87051392, 1688.53491211, 1116.75683594]
[307.74606323, 1643.75927734, 1119.42529297]
[307.09875488, 1612.31445312, 1134.53759766]
[312.8795166, 1593.69146729, 1164.95556641]
[303.22015381, 1560.57928467, 1160.64599609]
[291.01010132, 1536.52105713, 1151.15283203]
[290.36862183, 1509.84667969, 1132.40039062]
[288.26248169, 1483.40045166, 1115.65014648]
[289.85952759, 1460.34887695, 1108.484375]
[293.87536621, 1426.35046387, 1101.05371094]
[290.57925415, 1382.49334717, 1105.82861328]
[295.02212524, 1360.35101318, 1099.79467773]
[291.1335144, 1338.6786499, 1089.16723633]
[289.99502563, 1286.54516602, 1073.33862305]
[291.01245117, 1248.81356812, 1066.40161133]
[289.63726807, 1210.67050171, 1056.28369141]
[291.08755493, 1184.1178894, 1051.55932617]
[292.36132812, 1132.08914185, 1050.71118164]
[288.92541504, 1106.47982788, 1047.2467041]
[290.5267334, 1097.8130188, 1039.1862793]
[288.27102661, 1094.3369751, 1033.63757324]
[285.39587402, 1097.29788208, 1029.44042969]
[283.62158203, 1110.36209106, 1024.82958984]
[280.80114746, 1129.31420898, 1024.97790527]
[282.19311523, 1146.53497314, 1030.06762695]
[279.54104614, 1167.32937622, 1037.23999023]
[289.68997192, 1228.28125, 1051.33642578]
[301.21231079, 1285.20333862, 1057.86474609]
[319.09536743, 1377.92962646, 1059.15966797]
[327.22659302, 1461.23352051, 1067.74487305]
[337.12863159, 1502.78875732, 1070.47119141]
[340.01379395, 1551.78106689, 1066.26708984]
[346.93386841, 1599.28039551, 1050.97973633]
[356.28424072, 1614.15509033, 1052.51708984]
[361.3866272, 1652.24462891, 1055.02392578]
[356.43536377, 1665.92736816, 1054.91845703]
[355.4972229, 1662.55584717, 1058.9855957]
[351.35772705, 1639.65313721, 1057.20410156]
[358.39880371, 1623.13525391, 1065.03027344]
[354.43893433, 1583.28637695, 1067.16552734]
[355.11206055, 1550.55004883, 1069.87231445]
[357.56738281, 1524.63446045, 1076.95922852]
[358.37582397, 1498.34222412, 1080.03442383]
[354.34527588, 1468.23986816, 1073.11132812]
[349.84609985, 1437.60266113, 1064.69506836]
[346.83929443, 1432.68725586, 1052.34521484]
[343.94204712, 1439.49365234, 1042.30407715]
[333.03100586, 1440.51287842, 1028.6940918]
[322.58676147, 1404.77593994, 955.82897949]
[313.86343384, 1405.5291748, 951.05358887]
[309.80612183, 1428.73498535, 940.21008301]
[304.63104248, 1429.99438477, 922.03442383]
[286.94454956, 1424.296875, 922.29553223]
[280.85888672, 1424.01989746, 897.89819336]
[277.75671387, 1420.08984375, 869.29553223]
[280.07098389, 1422.57592773, 846.43896484]
[275.12014771, 1418.53991699, 830.92199707]
[274.6131897, 1423.39459229, 805.29833984]
[272.94610596, 1418.03442383, 785.78161621]
[265.79623413, 1423.31591797, 761.8338623]
[263.67318726, 1423.56744385, 740.29907227]
[265.55563354, 1428.48156738, 715.13049316]
[266.86013794, 1431.89215088, 699.42358398]
[273.39431763, 1436.19366455, 675.48864746]
[267.94638062, 1422.31573486, 658.95385742]
[269.89315796, 1410.40441895, 630.03515625]
[273.05895996, 1400.61560059, 609.17163086]
[283.90859985, 1397.49365234, 579.7857666]
[285.6713562, 1394.82672119, 552.42456055]
[287.73825073, 1388.9095459, 529.62426758]
[285.11685181, 1380.53381348, 499.16650391]
[290.83248901, 1379.35095215, 481.9576416]
[288.86474609, 1376.10791016, 466.07421875]
[290.05761719, 1383.37286377, 451.61889648]
[288.34359741, 1383.90356445, 436.48913574]
[283.43521118, 1394.33435059, 420.70227051]
[283.42407227, 1396.96118164, 404.66625977]
[285.09701538, 1417.34094238, 391.33947754]
[282.38711548, 1432.45233154, 379.76306152]
[282.91494751, 1440.61212158, 372.68310547]
[273.55105591, 1452.94250488, 368.26757812]
[271.57943726, 1463.41467285, 362.23132324]
[270.30743408, 1464.04846191, 359.68945312]
[268.60327148, 1462.40350342, 358.29321289]
[264.89953613, 1465.90484619, 359.74987793]
[258.98953247, 1464.99554443, 357.58117676]
[248.48756409, 1470.16772461, 361.00720215]
[246.22848511, 1452.97174072, 361.90649414]
[240.06555176, 1442.4876709, 367.62585449]
[218.25689697, 1432.3215332, 375.36499023]
[204.17178345, 1426.99761963, 378.19677734]
[183.82331848, 1422.61798096, 379.04138184]
[159.91755676, 1426.66784668, 374.23571777]
[133.10549927, 1438.32879639, 361.73071289]
[110.31945038, 1466.07769775, 362.1484375]
[80.65383148, 1499.3984375, 358.39575195]
[70.23976135, 1513.31439209, 360.24230957]
[60.994133, 1529.32244873, 340.52648926]
[45.16082382, 1536.8137207, 330.74084473]
[21.75060844, 1547.90106201, 320.24157715]
[-5.5898633, 1553.5090332, 321.00256348]
[-58.20597839, 1531.76513672, 319.49841309]
[-81.03199768, 1508.53503418, 309.89331055]
[-124.44689178, 1489.35150146, 307.02197266]
[-169.71510315, 1475.50201416, 317.2109375]
[-211.69082642, 1461.90881348, 333.35314941]
[-246.73924255, 1436.85858154, 350.82104492]
[-272.86486816, 1423.01049805, 369.21838379]
[-294.33392334, 1413.21801758, 392.3470459]
[-306.58428955, 1437.02008057, 411.328125]
[-311.08892822, 1454.47583008, 433.6204834]
[-314.05221558, 1463.73883057, 453.97802734]
[-316.97903442, 1475.51623535, 476.92272949]
[-312.03335571, 1483.63104248, 486.16235352]
[-314.93151855, 1483.97387695, 494.9642334]
[-321.15011597, 1489.2456665, 527.52648926]
[-314.40557861, 1488.75500488, 554.86755371]
[-301.72244263, 1492.4307251, 607.05749512]
[-294.39065552, 1482.77398682, 642.84472656]
[-284.20672607, 1480.4597168, 666.85522461]
[-268.36975098, 1476.23651123, 699.46496582]
[-254.06089783, 1467.12359619, 701.70007324]
[-238.31156921, 1461.12738037, 720.71899414]
[-218.61697388, 1459.10742188, 749.06604004]
[-207.56965637, 1444.58093262, 757.87451172]
[-161.95654297, 1436.92504883, 793.04968262]
[-101.05876923, 1472.12902832, 821.78234863]
[-84.66426086, 1462.51397705, 831.87084961]
[-69.34456635, 1485.6461792, 841.57897949]
[-29.48149872, 1489.8170166, 849.28503418]
[-3.06635356, 1506.30273438, 856.9666748]
[14.38273144, 1522.86865234, 867.78039551]
[33.50192642, 1538.47442627, 884.00830078]
[42.09899902, 1543.33068848, 896.56140137]
[84.30802155, 1526.7835083, 897.96472168]
[113.0296936, 1509.05853271, 905.78234863]
[130.69613647, 1492.73809814, 917.03149414]
[175.46156311, 1486.05255127, 913.97924805]
[211.58650208, 1471.69018555, 904.90087891]
[239.53997803, 1473.10705566, 920.27709961]
[264.00238037, 1460.71331787, 928.09179688]
[283.12530518, 1467.63494873, 937.10009766]
[300.31436157, 1471.24804688, 943.00317383]
[318.21154785, 1472.74914551, 943.9552002]
[329.1918335, 1487.83172607, 943.90161133]
[332.63522339, 1496.59423828, 937.05871582]
[341.23254395, 1509.25085449, 938.69055176]
[340.04049683, 1521.21813965, 933.27734375]
[338.8258667, 1520.56860352, 934.29064941]
[343.59664917, 1519.40686035, 944.36218262]
[341.37451172, 1506.79406738, 946.72229004]
[344.16085815, 1503.06652832, 960.90112305]
[345.66003418, 1508.03753662, 979.18920898]
[348.35809326, 1491.4385376, 999.32849121]
[351.49627686, 1488.49053955, 1034.24645996]
[344.10601807, 1485.79284668, 1052.62036133]
[337.53948975, 1474.9800415, 1081.90112305]
[330.44116211, 1481.39385986, 1115.26635742]
[318.8449707, 1481.21630859, 1141.36791992]
[305.24893188, 1473.23022461, 1153.45556641]
[303.39376831, 1465.15979004, 1160.74975586]
[294.46939087, 1457.7399292, 1166.41210938]
[294.71878052, 1471.41461182, 1174.96948242]
[298.89810181, 1483.10845947, 1175.22290039]
[303.09100342, 1497.92382812, 1182.61401367]
[305.59945679, 1507.17364502, 1180.70898438]
[311.91690063, 1519.21875, 1183.32128906]
[316.63626099, 1524.90130615, 1182.75878906]
[326.53240967, 1520.18341064, 1182.72705078]
[337.72375488, 1529.70458984, 1180.34838867]
[345.47305298, 1525.36956787, 1175.78320312]
[354.02377319, 1517.66345215, 1174.93603516]
[362.70755005, 1506.72180176, 1171.97485352]
[372.16622925, 1493.08630371, 1170.2121582]
[378.92346191, 1458.2088623, 1166.54492188]
[377.27319336, 1418.73535156, 1161.71972656]
[381.70770264, 1405.82183838, 1165.34594727]
[386.28845215, 1402.37133789, 1166.85400391]
[391.52563477, 1408.01611328, 1166.76318359]
[386.42437744, 1409.58789062, 1167.26953125]
[384.90866089, 1412.38018799, 1165.74291992]
[386.01690674, 1421.35180664, 1157.1862793]
[387.34298706, 1429.14599609, 1153.85253906]
[378.4236145, 1434.97583008, 1143.09887695]
[376.89205933, 1436.27941895, 1127.81542969]
[369.21380615, 1434.50054932, 1115.95336914]
[363.75326538, 1430.44213867, 1102.38061523]
[348.72064209, 1414.46557617, 1089.19604492]
[343.31988525, 1404.21624756, 1077.50878906]
[338.90127563, 1400.01342773, 1065.77075195]
[334.56600952, 1400.56524658, 1056.55395508]
[331.73675537, 1404.34838867, 1044.24768066]
[326.30245972, 1399.99127197, 1036.57055664]
[325.27682495, 1400.23510742, 1026.97583008]
[318.24804688, 1397.56445312, 1025.34765625]
[312.14620972, 1386.93981934, 1029.65185547]
[303.82165527, 1383.42205811, 1030.67321777]
[296.51480103, 1384.47094727, 1037.25146484]
[288.87670898, 1389.51745605, 1038.54248047]
[277.41516113, 1390.90527344, 1033.45654297]
[262.18502808, 1396.75683594, 1028.94238281]
[255.65454102, 1406.43634033, 1023.28015137]
[243.7906189, 1423.05090332, 1013.7791748]
[230.14273071, 1431.81213379, 1007.93737793]
[219.54727173, 1432.40393066, 994.90405273]
[207.86445618, 1441.93597412, 985.07727051]
[180.82550049, 1438.82672119, 988.56799316]
[177.10516357, 1430.25061035, 968.48901367]
[172.01452637, 1400.90032959, 938.57348633]
[157.95817566, 1386.45550537, 917.05456543]
[145.98440552, 1385.55114746, 907.66943359]
[133.63316345, 1387.33813477, 901.04699707]
[129.86659241, 1392.47576904, 897.21264648]
[115.8612442, 1402.56207275, 877.89465332]
[115.26719666, 1382.12957764, 837.62121582]
[108.13967896, 1375.07653809, 812.51171875]
[0, 0, 0]
[0, 0, 0]
[0, 0, 0]
[0, 0, 0]
[0, 0, 0]
[0, 0, 0]
[0, 0, 0]
[0, 0, 0]
[0, 0, 0]
[0, 0, 0]
[0, 0, 0]
[0, 0, 0]
[0, 0, 0]
[0, 0, 0]
[0, 0, 0]
[0, 0, 0]
[0, 0, 0]
[0, 0, 0]
[0, 0, 0]
[0, 0, 0]
[0, 0, 0]
[0, 0, 0]
[0, 0, 0]
[0, 0, 0]
[0, 0, 0]
[0, 0, 0]
[0, 0, 0]
[0, 0, 0]
[0, 0, 0]
[0, 0, 0]
[0, 0, 0]
[0, 0, 0]
[0, 0, 0]
[0, 0, 0]
[0, 0, 0]
[0, 0, 0]
[0, 0, 0]
[0, 0, 0]
[0, 0, 0]
[0, 0, 0]
[0, 0, 0]
[0, 0, 0]
[0, 0, 0]
[0, 0, 0]
[0, 0, 0]
[0, 0, 0]
[0, 0, 0]
[0, 0, 0]
[0, 0, 0]
[0, 0, 0]
[0, 0, 0]
[0, 0, 0]
[0, 0, 0]
[0, 0, 0]
[0, 0, 0]
[0, 0, 0]
[0, 0, 0]
[0, 0, 0]
[0, 0, 0]
[0, 0, 0]
[0, 0, 0]
[0, 0, 0]
[0, 0, 0]
[0, 0, 0]
[0, 0, 0]
[0, 0, 0]
[0, 0, 0]
[0, 0, 0]
[0, 0, 0]
[0, 0, 0]
[0, 0, 0]
[0, 0, 0]
[0, 0, 0]
[0, 0, 0]
[0, 0, 0]
[0, 0, 0]
[0, 0, 0]
[0, 0, 0]
[0, 0, 0]
[0, 0, 0]
[0, 0, 0]
[0, 0, 0]
[0, 0, 0]
[0, 0, 0]
[0, 0, 0]
[0, 0, 0]
[0, 0, 0]
[0, 0, 0]
[0, 0, 0]
[0, 0, 0]
[0, 0, 0]
[0, 0, 0]
[0, 0, 0]
[0, 0, 0]
[0, 0, 0]
[0, 0, 0]
[0, 0, 0]
[0, 0, 0]
[0, 0, 0]
[0, 0, 0]
[0, 0, 0]
[0, 0, 0]
[0, 0, 0]
[0, 0, 0]
[0, 0, 0]
[0, 0, 0]
[0, 0, 0]
[0, 0, 0]
[0, 0, 0]
[0, 0, 0]
[0, 0, 0]
[0, 0, 0]
[0, 0, 0]
[0, 0, 0]
[0, 0, 0]
[0, 0, 0]
[0, 0, 0]
[0, 0, 0]
[0, 0, 0]
[0, 0, 0]
[0, 0, 0]
[0, 0, 0]
[0, 0, 0]
[0, 0, 0]
[0, 0, 0]
[0, 0, 0]
[0, 0, 0]
[0, 0, 0]
[0, 0, 0]
[0, 0, 0]
[0, 0, 0]
[0, 0, 0]
[0, 0, 0]
[0, 0, 0]
[0, 0, 0]
[0, 0, 0]
[0, 0, 0]
[0, 0, 0]
[0, 0, 0]
[0, 0, 0]
[0, 0, 0]
[0, 0, 0]
[0, 0, 0]
[0, 0, 0]
[0, 0, 0]
[0, 0, 0]
[0, 0, 0]
[0, 0, 0]
[0, 0, 0]
[0, 0, 0]
[0, 0, 0]
[0, 0, 0]
[0, 0, 0]
[0, 0, 0]
[0, 0, 0]
[0, 0, 0]
[0, 0, 0]
[0, 0, 0]
[0, 0, 0]
[0, 0, 0]
[0, 0, 0]
[0, 0, 0]
[0, 0, 0]
[0, 0, 0]
[0, 0, 0]
[0, 0, 0]
[0, 0, 0]
[0, 0, 0]
[0, 0, 0]
[0, 0, 0]
[0, 0, 0]
[0, 0, 0]
[0, 0, 0]
[0, 0, 0]
[0, 0, 0]
[0, 0, 0]
[0, 0, 0]
[0, 0, 0]
[0, 0, 0]
[0, 0, 0]
[0, 0, 0]
[0, 0, 0]
[0, 0, 0]
[0, 0, 0]
[0, 0, 0]
[0, 0, 0]
[0, 0, 0]
[0, 0, 0]
[0, 0, 0]
[0, 0, 0]
[0, 0, 0]
[0, 0, 0]
[0, 0, 0]
[0, 0, 0]
[0, 0, 0]
[0, 0, 0]
[0, 0, 0]
[0, 0, 0]
[0, 0, 0]
[0, 0, 0]
[0, 0, 0]
[0, 0, 0]
[0, 0, 0]
[0, 0, 0]
[0, 0, 0]
[0, 0, 0]
[0, 0, 0]
[0, 0, 0]
[0, 0, 0]
[0, 0, 0]
[0, 0, 0]
[0, 0, 0]
[0, 0, 0]
[0, 0, 0]
[0, 0, 0]
[0, 0, 0]
[0, 0, 0]
[0, 0, 0]
[0, 0, 0]
[0, 0, 0]
[0, 0, 0]
[0, 0, 0]
[0, 0, 0]
[0, 0, 0]
[0, 0, 0]
[0, 0, 0]
[0, 0, 0]
[0, 0, 0]
[0, 0, 0]
[0, 0, 0]
[0, 0, 0]
[0, 0, 0]
[0, 0, 0]
[0, 0, 0]
[0, 0, 0]
[0, 0, 0]
[0, 0, 0]
[0, 0, 0]
[0, 0, 0]
[0, 0, 0]
[0, 0, 0]
[0, 0, 0]
[0, 0, 0]
[0, 0, 0]
[0, 0, 0]
[0, 0, 0]
[0, 0, 0]
[0, 0, 0]
[0, 0, 0]
[0, 0, 0]
[0, 0, 0]
[0, 0, 0]
[0, 0, 0]
[0, 0, 0]
[0, 0, 0]
[0, 0, 0]
[0, 0, 0]
[0, 0, 0]
[0, 0, 0]
[0, 0, 0]
[0, 0, 0]
[0, 0, 0]
[0, 0, 0]
[0, 0, 0]
[0, 0, 0]
[0, 0, 0]
[0, 0, 0]
[0, 0, 0]
[0, 0, 0]
[0, 0, 0]
[0, 0, 0]
[0, 0, 0]
[0, 0, 0]
[0, 0, 0]
[0, 0, 0]
[0, 0, 0]
[0, 0, 0]
[0, 0, 0]
[0, 0, 0]
[0, 0, 0]
[0, 0, 0]
[0, 0, 0]
[0, 0, 0]
[0, 0, 0]
[0, 0, 0]
[0, 0, 0]
[0, 0, 0]
[0, 0, 0]
[0, 0, 0]
[0, 0, 0]
[0, 0, 0]
[0, 0, 0]
[0, 0, 0]
[0, 0, 0]
[0, 0, 0]
[0, 0, 0]
[0, 0, 0]
[0, 0, 0]
[0, 0, 0]
[0, 0, 0]
[0, 0, 0]
[0, 0, 0]
[0, 0, 0]
[0, 0, 0]
[0, 0, 0]
[0, 0, 0]
[0, 0, 0]
[0, 0, 0]
[0, 0, 0]
[0, 0, 0]
[0, 0, 0]
[0, 0, 0]
[0, 0, 0]
[0, 0, 0]
[0, 0, 0]
[0, 0, 0]
[0, 0, 0]
[0, 0, 0]
[0, 0, 0]
[0, 0, 0]
[0, 0, 0]
[0, 0, 0]
[0, 0, 0]
[0, 0, 0]
[0, 0, 0]
[0, 0, 0]
[0, 0, 0]
[0, 0, 0]
[0, 0, 0]
[0, 0, 0]
[0, 0, 0]
[0, 0, 0]
[0, 0, 0]
[0, 0, 0]
[0, 0, 0]
[0, 0, 0]
[0, 0, 0]
[0, 0, 0]
[0, 0, 0]
[0, 0, 0]
[0, 0, 0]
[0, 0, 0]
[0, 0, 0]
[0, 0, 0]
[0, 0, 0]
[0, 0, 0]
[0, 0, 0]
[0, 0, 0]
[0, 0, 0]
[0, 0, 0]
[0, 0, 0]
[0, 0, 0]
[0, 0, 0]
[0, 0, 0]
[0, 0, 0]
[0, 0, 0]
[0, 0, 0]
[0, 0, 0]
[0, 0, 0]
[0, 0, 0]
[0, 0, 0]
[0, 0, 0]
[0, 0, 0]
[0, 0, 0]
[0, 0, 0]
[0, 0, 0]
[0, 0, 0]
[0, 0, 0]
[0, 0, 0]
[0, 0, 0]
[0, 0, 0]
[0, 0, 0]
[0, 0, 0]
[0, 0, 0]
[0, 0, 0]
[0, 0, 0]
[0, 0, 0]
[0, 0, 0]
[0, 0, 0]
[0, 0, 0]
[0, 0, 0]
[0, 0, 0]
[0, 0, 0]
[0, 0, 0]
[0, 0, 0]
[0, 0, 0]
[0, 0, 0]
[0, 0, 0]
[0, 0, 0]
[0, 0, 0]
[0, 0, 0]
[0, 0, 0]
[0, 0, 0]
[0, 0, 0]
[0, 0, 0]
[0, 0, 0]
[0, 0, 0]
[0, 0, 0]
[0, 0, 0]
[0, 0, 0]
[0, 0, 0]
[0, 0, 0]
[0, 0, 0]
[0, 0, 0]
[0, 0, 0]
[0, 0, 0]
[0, 0, 0]
[0, 0, 0]
[0, 0, 0]
[0, 0, 0]
[0, 0, 0]
[0, 0, 0]
[0, 0, 0]
[0, 0, 0]
[0, 0, 0]
[0, 0, 0]
[0, 0, 0]
[0, 0, 0]
[0, 0, 0]
[0, 0, 0]
[0, 0, 0]
[0, 0, 0]
[0, 0, 0]
[0, 0, 0]
[0, 0, 0]
[0, 0, 0]
[0, 0, 0]
[0, 0, 0]
[0, 0, 0]
[0, 0, 0]
[0, 0, 0]
[0, 0, 0]
[0, 0, 0]
[0, 0, 0]
[0, 0, 0]
[0, 0, 0]
[0, 0, 0]
[0, 0, 0]
[0, 0, 0]
[0, 0, 0]
[0, 0, 0]
[0, 0, 0]
[0, 0, 0]
[0, 0, 0]
[0, 0, 0]
[0, 0, 0]
[0, 0, 0]
[0, 0, 0]
[0, 0, 0]
[0, 0, 0]
[0, 0, 0]
[0, 0, 0]
