452
30
[314.72772216796875, -429.9689025878906, 2120.409912109375]
[320.9697265625, -431.3495788574219, 2127.908203125]
[322.0412292480469, -430.822998046875, 2126.3408203125]
[324.19329833984375, -429.8487854003906, 2124.85986328125]
[325.791015625, -425.73095703125, 2121.078125]
[325.73846435546875, -426.60919189453125, 2119.190185546875]
[328.52764892578125, -426.2579650878906, 2119.849853515625]
[335.5758056640625, -426.7706298828125, 2117.22705078125]
[339.8117370605469, -428.4696960449219, 2117.43505859375]
[345.3616027832031, -429.1746826171875, 2116.96240234375]
[348.7088317871094, -428.730712890625, 2116.19970703125]
[350.9306945800781, -428.18878173828125, 2116.96923828125]
[352.8887939453125, -428.4165954589844, 2113.408447265625]
[354.16253662109375, -427.2965087890625, 2113.21826171875]
[362.34295654296875, -425.39642333984375, 2109.9794921875]
[366.5218505859375, -426.1070556640625, 2108.0556640625]
[370.33587646484375, -428.3059387207031, 2106.3466796875]
[374.11444091796875, -428.72454833984375, 2101.542724609375]
[375.68212890625, -428.5937805175781, 2100.35888671875]
[378.6644592285156, -433.15826416015625, 2097.943603515625]
[378.5658264160156, -432.32305908203125, 2094.892578125]
[381.7865295410156, -431.3849792480469, 2089.26025390625]
[381.0216979980469, -430.7451171875, 2085.795166015625]
[383.01055908203125, -428.6033630371094, 2082.770263671875]
[384.8103942871094, -428.01812744140625, 2081.038818359375]
[383.42144775390625, -426.7271728515625, 2077.953369140625]
[384.8398742675781, -423.2535400390625, 2077.192626953125]
[384.1085510253906, -421.9394226074219, 2076.355224609375]
[383.5824279785156, -419.68157958984375, 2076.955322265625]
[384.3721008300781, -418.3633117675781, 2076.704345703125]
[383.6392822265625, -417.3666687011719, 2074.067138671875]
[383.31298828125, -416.9432373046875, 2073.404296875]
[382.4242248535156, -415.74932861328125, 2072.42333984375]
[381.5545349121094, -402.8373107910156, 2063.850830078125]
[383.95880126953125, -395.3854675292969, 2057.52490234375]
[387.064208984375, -389.2971496582031, 2050.022216796875]
[387.2275390625, -389.2257080078125, 2049.910400390625]
[405.17529296875, -376.45794677734375, 2027.7294921875]
[422.027099609375, -377.6523742675781, 2005.3541259765625]
[430.3545837402344, -378.2602844238281, 1987.9794921875]
[421.3114318847656, -371.02777099609375, 1978.078857421875]
[422.9459228515625, -372.4398498535156, 1991.533203125]
[419.5885925292969, -374.7309875488281, 2017.0245361328125]
[410.1191101074219, -387.3961486816406, 2055.187255859375]
[406.49871826171875, -397.04168701171875, 2072.0859375]
[389.4289245605469, -406.1094970703125, 2105.972412109375]
[371.0528259277344, -411.29559326171875, 2135.19775390625]
[340.598876953125, -417.1429748535156, 2168.16796875]
[301.4370422363281, -412.8275451660156, 2176.56201171875]
[273.3701477050781, -409.7885437011719, 2184.4345703125]
[244.0330810546875, -415.16571044921875, 2199.901611328125]
[191.14398193359375, -428.89385986328125, 2222.179443359375]
[150.12940979003906, -457.85516357421875, 2265.405029296875]
[139.39373779296875, -452.75018310546875, 2260.547119140625]
[98.97335052490234, -453.0727233886719, 2262.1923828125]
[105.09207916259766, -438.2030334472656, 2249.542236328125]
[127.61293029785156, -425.86224365234375, 2227.5546875]
[128.631103515625, -418.1709289550781, 2195.529052734375]
[159.81394958496094, -422.3876037597656, 2162.791259765625]
[207.45147705078125, -450.0901184082031, 2153.45751953125]
[229.55650329589844, -470.9520263671875, 2154.19140625]
[270.5355529785156, -509.3164367675781, 2136.680419921875]
[284.51995849609375, -522.2322998046875, 2128.35107421875]
[325.3004455566406, -560.7549438476562, 2099.053466796875]
[353.8252258300781, -578.507080078125, 2078.916748046875]
[383.5020446777344, -587.303955078125, 2043.793701171875]
[425.4086608886719, -615.4605712890625, 1982.318359375]
[449.2656555175781, -619.767333984375, 1929.2183837890625]
[484.13861083984375, -646.11669921875, 1848.58154296875]
[490.5343017578125, -658.694580078125, 1794.7635498046875]
[487.3502502441406, -684.4596557617188, 1696.787353515625]
[471.2840881347656, -700.8034057617188, 1640.5638427734375]
[453.0501403808594, -712.7745361328125, 1591.6427001953125]
[442.3631286621094, -716.8150024414062, 1568.4085693359375]
[408.3126525878906, -713.6248779296875, 1506.15185546875]
[381.3369445800781, -711.1243896484375, 1475.008056640625]
[375.9784851074219, -711.35205078125, 1460.6636962890625]
[368.42620849609375, -703.7759399414062, 1452.8133544921875]
[362.454345703125, -682.9501342773438, 1453.670654296875]
[385.2232666015625, -650.1712646484375, 1480.0908203125]
[412.042724609375, -627.1908569335938, 1534.2576904296875]
[394.470458984375, -580.5319213867188, 1561.51416015625]
[405.0813903808594, -552.9825439453125, 1594.10693359375]
[383.5310974121094, -520.7724609375, 1632.7872314453125]
[356.9164733886719, -488.9289855957031, 1638.3450927734375]
[339.6787109375, -463.3861999511719, 1641.59619140625]
[319.9151306152344, -442.21142578125, 1642.6588134765625]
[306.0055847167969, -438.10748291015625, 1641.2818603515625]
[298.087890625, -417.6656188964844, 1642.6427001953125]
[300.4537048339844, -413.74664306640625, 1643.915771484375]
[299.5155334472656, -416.1048278808594, 1616.99609375]
[316.8106994628906, -439.74725341796875, 1615.0750732421875]
[326.4505615234375, -449.2725830078125, 1609.3685302734375]
[355.9430847167969, -477.1826171875, 1628.615478515625]
[348.0171813964844, -494.7428894042969, 1614.8994140625]
[321.2952575683594, -500.9804992675781, 1594.2725830078125]
[285.5750732421875, -495.5971984863281, 1573.810302734375]
[240.78622436523438, -488.3348388671875, 1513.4312744140625]
[188.284423828125, -475.3633728027344, 1477.548583984375]
[124.43999481201172, -443.3496398925781, 1472.56640625]
[56.62255859375, -413.9913024902344, 1437.607666015625]
[3.755446434020996, -409.6891784667969, 1422.531005859375]
[-56.703731536865234, -391.3210144042969, 1416.30419921875]
[-93.93054962158203, -392.9176330566406, 1453.18408203125]
[-128.09259033203125, -407.71612548828125, 1489.398193359375]
[-144.09251403808594, -423.0441589355469, 1518.976318359375]
[-170.37045288085938, -454.9629821777344, 1531.6739501953125]
[-184.04229736328125, -474.5419006347656, 1548.672607421875]
[-199.56195068359375, -487.701904296875, 1578.826904296875]
[-212.30059814453125, -497.21759033203125, 1608.158935546875]
[-214.20870971679688, -501.6670837402344, 1633.019775390625]
[-213.1653289794922, -500.2092590332031, 1647.76708984375]
[-203.34202575683594, -483.2245788574219, 1658.0362548828125]
[-178.99069213867188, -461.3328552246094, 1638.7967529296875]
[-128.9224395751953, -423.7908020019531, 1623.3702392578125]
[-117.8318862915039, -417.1227722167969, 1630.7867431640625]
[-10.55575942993164, -399.20513916015625, 1545.661376953125]
[67.82151794433594, -415.9804992675781, 1507.39404296875]
[118.93463134765625, -436.2083740234375, 1495.2025146484375]
[154.06619262695312, -446.998291015625, 1483.7965087890625]
[171.25828552246094, -466.1374206542969, 1472.98779296875]
[183.16368103027344, -461.8846435546875, 1476.958740234375]
[204.86215209960938, -457.455078125, 1504.2471923828125]
[250.23294067382812, -450.8123779296875, 1508.8731689453125]
[273.9952087402344, -439.7434997558594, 1532.2005615234375]
[309.71868896484375, -441.1681213378906, 1551.8179931640625]
[354.1903991699219, -414.3285827636719, 1584.5379638671875]
[374.88592529296875, -399.28802490234375, 1609.688232421875]
[390.33819580078125, -382.356689453125, 1640.29931640625]
[383.4374694824219, -367.75531005859375, 1663.7117919921875]
[386.9147033691406, -351.27728271484375, 1675.458251953125]
[387.174560546875, -347.0525817871094, 1685.425537109375]
[382.77886962890625, -331.3057556152344, 1711.515869140625]
[394.2054443359375, -334.64739990234375, 1740.7283935546875]
[399.0270690917969, -340.650146484375, 1768.0897216796875]
[389.2066955566406, -345.96221923828125, 1791.9300537109375]
[369.666259765625, -353.2787780761719, 1793.109619140625]
[353.1476745605469, -358.5002746582031, 1804.331298828125]
[332.85198974609375, -360.6989440917969, 1800.3955078125]
[326.2718200683594, -366.11383056640625, 1798.047119140625]
[313.8567199707031, -365.7095031738281, 1780.5889892578125]
[293.89117431640625, -364.4619445800781, 1754.2794189453125]
[277.2792663574219, -361.0458679199219, 1746.0399169921875]
[256.6002502441406, -345.2159118652344, 1740.9879150390625]
[251.08596801757812, -339.6545104980469, 1740.5125732421875]
[233.5029754638672, -320.64581298828125, 1762.0751953125]
[215.9052734375, -294.10235595703125, 1766.11865234375]
[224.12005615234375, -291.2441711425781, 1798.1939697265625]
[213.04388427734375, -295.3809814453125, 1840.5364990234375]
[196.4605255126953, -313.6316833496094, 1902.18115234375]
[192.64691162109375, -328.7386779785156, 1930.43212890625]
[183.16171264648438, -361.6792907714844, 1970.2418212890625]
[163.16989135742188, -392.22247314453125, 2011.3692626953125]
[154.3427276611328, -407.83001708984375, 2031.05419921875]
[122.79663848876953, -462.5765075683594, 2050.057861328125]
[109.02564239501953, -479.1778564453125, 2059.444580078125]
[88.82735443115234, -504.6531066894531, 2067.2353515625]
[86.89369201660156, -500.8671875, 2054.943359375]
[60.941986083984375, -517.8815307617188, 2053.049560546875]
[65.41087341308594, -457.04888916015625, 2021.849365234375]
[66.4645767211914, -472.51092529296875, 2027.122314453125]
[76.51338195800781, -461.9176330566406, 2016.81591796875]
[82.43152618408203, -425.85809326171875, 1971.2364501953125]
[95.20851135253906, -406.6248474121094, 1942.808349609375]
[57.14688491821289, -370.196533203125, 1926.26220703125]
[47.826866149902344, -375.8487854003906, 1929.2327880859375]
[57.75398254394531, -385.3334045410156, 1909.3828125]
[72.1708984375, -363.1732482910156, 1808.0316162109375]
[78.80081939697266, -355.3222351074219, 1730.06982421875]
[84.3953628540039, -350.2975769042969, 1593.320556640625]
[93.1805419921875, -369.12921142578125, 1559.3204345703125]
[101.14423370361328, -375.3557434082031, 1533.306396484375]
[104.8794174194336, -375.2369689941406, 1519.5548095703125]
[109.89799499511719, -361.137451171875, 1509.157470703125]
[109.89065551757812, -355.2237854003906, 1500.718994140625]
[105.03318786621094, -351.5104064941406, 1507.8011474609375]
[96.9710464477539, -347.36163330078125, 1519.0792236328125]
[90.61034393310547, -341.85992431640625, 1522.03125]
[91.50762939453125, -337.8866271972656, 1532.6309814453125]
[134.8662109375, -372.4433288574219, 1497.2872314453125]
[137.392578125, -363.05743408203125, 1491.14111328125]
[123.4120864868164, -348.1791687011719, 1501.1990966796875]
[116.32212829589844, -343.98638916015625, 1492.6676025390625]
[164.6494598388672, -404.41693115234375, 1569.5433349609375]
[118.09855651855469, -350.0075378417969, 1549.654541015625]
[123.06654357910156, -363.6015625, 1570.8973388671875]
[145.02774047851562, -387.2117919921875, 1562.15673828125]
[155.9281463623047, -400.0152893066406, 1574.9423828125]
[169.03326416015625, -412.8281555175781, 1604.248779296875]
[193.46975708007812, -436.85369873046875, 1617.4156494140625]
[207.5842742919922, -450.1988220214844, 1633.372802734375]
[228.61647033691406, -461.5941162109375, 1626.526123046875]
[247.66259765625, -462.0852966308594, 1600.073486328125]
[250.92918395996094, -455.233642578125, 1607.927001953125]
[250.90158081054688, -450.3642883300781, 1598.050048828125]
[261.4893493652344, -438.171142578125, 1605.2030029296875]
[269.79156494140625, -429.6332702636719, 1590.8994140625]
[272.02313232421875, -427.491455078125, 1609.560546875]
[269.78778076171875, -428.9385986328125, 1635.9310302734375]
[269.3720703125, -431.91259765625, 1636.812744140625]
[288.67913818359375, -441.7204284667969, 1674.8936767578125]
[304.0909118652344, -462.1456298828125, 1715.6236572265625]
[314.0755310058594, -470.2488098144531, 1733.5948486328125]
[330.3792419433594, -467.5491638183594, 1727.8353271484375]
[343.2928466796875, -471.02374267578125, 1762.893798828125]
[352.7015075683594, -469.8116760253906, 1798.591552734375]
[359.4999084472656, -479.3484802246094, 1835.7945556640625]
[360.2004699707031, -472.86029052734375, 1890.052734375]
[357.8194274902344, -462.8507385253906, 1931.21435546875]
[352.1484680175781, -455.24383544921875, 1974.2708740234375]
[360.9956359863281, -444.7799072265625, 2027.0631103515625]
[357.1963195800781, -424.6969299316406, 2044.1524658203125]
[360.48699951171875, -423.8227844238281, 2112.99658203125]
[345.4761047363281, -431.072998046875, 2150.00537109375]
[337.21551513671875, -440.6665344238281, 2179.275390625]
[326.7362060546875, -444.1199035644531, 2181.622802734375]
[328.3952331542969, -473.5764465332031, 2214.185302734375]
[323.37969970703125, -526.3439331054688, 2248.017333984375]
[338.05926513671875, -532.8290405273438, 2256.356689453125]
[359.08465576171875, -524.436279296875, 2257.059326171875]
[369.0059814453125, -498.0061950683594, 2243.33642578125]
[380.0903015136719, -457.3116455078125, 2191.34228515625]
[404.2778625488281, -428.0257568359375, 2190.64404296875]
[410.647705078125, -416.5362854003906, 2181.544189453125]
[436.9525146484375, -396.25384521484375, 2146.784423828125]
[428.2339782714844, -382.6480712890625, 2101.734130859375]
[425.3541564941406, -382.0775146484375, 2056.931396484375]
[434.9195251464844, -402.45501708984375, 2017.334228515625]
[441.24920654296875, -440.0464782714844, 2004.416748046875]
[434.7373962402344, -455.5285949707031, 1968.12060546875]
[438.3938293457031, -512.2896728515625, 1970.901123046875]
[425.0570983886719, -555.6285400390625, 1964.3685302734375]
[434.059326171875, -610.738037109375, 1940.73095703125]
[417.98870849609375, -655.10107421875, 1917.5970458984375]
[432.0610656738281, -674.115478515625, 1909.9346923828125]
[475.8309326171875, -673.2669067382812, 1964.699951171875]
[484.2530212402344, -695.6322021484375, 1975.46240234375]
[546.6884765625, -681.74853515625, 2047.1248779296875]
[567.896240234375, -669.3900146484375, 2105.724365234375]
[557.9261474609375, -640.913818359375, 2095.0009765625]
[558.1561279296875, -613.691162109375, 2188.477294921875]
[523.0288696289062, -582.9578857421875, 2233.705322265625]
[482.0318603515625, -546.5902709960938, 2275.457275390625]
[456.12420654296875, -528.2750244140625, 2288.937744140625]
[416.28155517578125, -511.5076904296875, 2319.72265625]
[382.7005310058594, -474.810791015625, 2326.447509765625]
[371.8390197753906, -413.2816162109375, 2317.3779296875]
[382.42529296875, -378.4013671875, 2297.509521484375]
[381.8572692871094, -326.1677551269531, 2241.19677734375]
[394.0891418457031, -285.2415466308594, 2221.2353515625]
[422.8555603027344, -255.462890625, 2199.315185546875]
[434.8070983886719, -208.72930908203125, 2154.38330078125]
[438.1427307128906, -170.78857421875, 2110.8623046875]
[382.04132080078125, -76.23153686523438, 2050.141357421875]
[371.691162109375, -51.632225036621094, 2007.4522705078125]
[360.97198486328125, -42.72389221191406, 1981.052734375]
[349.540771484375, -43.814598083496094, 1943.1622314453125]
[345.7076721191406, -58.25299072265625, 1913.7523193359375]
[350.9735107421875, -69.07208251953125, 1909.2196044921875]
[357.7740478515625, -83.13854217529297, 1923.855224609375]
[365.8100280761719, -89.55690002441406, 1959.3790283203125]
[375.08941650390625, -106.1829605102539, 2007.2191162109375]
[393.425048828125, -162.1168212890625, 2037.8258056640625]
[398.7975158691406, -210.36485290527344, 2061.834716796875]
[414.34747314453125, -300.8289794921875, 2079.52490234375]
[422.44488525390625, -382.2503356933594, 2116.5126953125]
[423.5265197753906, -427.3774108886719, 2150.168701171875]
[417.6947937011719, -500.9609375, 2200.16064453125]
[415.365234375, -572.9359130859375, 2230.88330078125]
[423.40325927734375, -611.7335815429688, 2262.40380859375]
[431.9822998046875, -647.3367919921875, 2260.95703125]
[449.32501220703125, -669.4824829101562, 2260.48779296875]
[460.13702392578125, -663.76953125, 2257.255859375]
[488.32220458984375, -661.5238037109375, 2250.91845703125]
[504.34619140625, -642.0770874023438, 2247.068603515625]
[500.95855712890625, -602.3616943359375, 2235.926513671875]
[494.1656494140625, -568.0322875976562, 2238.509033203125]
[479.0311279296875, -526.8157348632812, 2237.516357421875]
[464.1156311035156, -486.1355285644531, 2233.652587890625]
[442.8444519042969, -453.9281921386719, 2233.07958984375]
[420.83673095703125, -407.57177734375, 2209.1865234375]
[378.8934020996094, -398.723388671875, 2209.80224609375]
[354.8299255371094, -356.7283630371094, 2095.79736328125]
[352.65350341796875, -352.9894104003906, 2060.458740234375]
[341.7101135253906, -359.461669921875, 2106.15771484375]
[328.508544921875, -360.38873291015625, 2102.7392578125]
[331.3018798828125, -358.27392578125, 2045.878173828125]
[337.00347900390625, -361.2864685058594, 2027.423583984375]
[338.87017822265625, -340.6505432128906, 1906.386474609375]
[341.9605407714844, -352.9525146484375, 1828.3271484375]
[346.8844909667969, -355.59014892578125, 1796.4947509765625]
[347.1121826171875, -361.18280029296875, 1760.9903564453125]
[342.38848876953125, -362.6644287109375, 1730.7578125]
[329.1811218261719, -363.5590515136719, 1697.8023681640625]
[323.92230224609375, -358.03045654296875, 1674.88427734375]
[322.6901550292969, -371.0726623535156, 1639.067626953125]
[317.0609130859375, -368.628662109375, 1623.1964111328125]
[321.5843505859375, -366.91156005859375, 1619.29833984375]
[320.3141174316406, -360.58306884765625, 1621.85546875]
[319.8660888671875, -350.96478271484375, 1640.726806640625]
[325.2451477050781, -336.6293640136719, 1655.724853515625]
[342.5733642578125, -334.8092346191406, 1692.9114990234375]
[343.3773498535156, -334.93865966796875, 1706.451171875]
[340.2460021972656, -336.83905029296875, 1698.492919921875]
[355.2247314453125, -347.1058654785156, 1688.0023193359375]
[344.9287414550781, -339.4635314941406, 1658.0870361328125]
[347.9950866699219, -339.07598876953125, 1634.20458984375]
[349.5911560058594, -330.4472961425781, 1607.6212158203125]
[350.3863830566406, -320.3714904785156, 1575.1671142578125]
[354.5753173828125, -318.8096923828125, 1534.4486083984375]
[357.217529296875, -318.46026611328125, 1511.70458984375]
[348.8678283691406, -327.77496337890625, 1488.49658203125]
[351.6067810058594, -331.65032958984375, 1475.2747802734375]
[347.466064453125, -346.2519836425781, 1449.5411376953125]
[358.406494140625, -360.5222473144531, 1434.989990234375]
[367.2480773925781, -371.3043518066406, 1426.1915283203125]
[381.79241943359375, -393.7559814453125, 1415.6163330078125]
[390.74200439453125, -412.5224304199219, 1415.2247314453125]
[402.2231140136719, -418.6392822265625, 1408.174560546875]
[405.6025085449219, -419.83563232421875, 1407.1629638671875]
[408.231201171875, -419.7296447753906, 1408.517578125]
[409.1853332519531, -422.2760314941406, 1404.9915771484375]
[397.280029296875, -418.3357238769531, 1398.76806640625]
[369.1641540527344, -393.9241027832031, 1393.75]
[356.7975769042969, -388.0892639160156, 1387.9005126953125]
[312.4831848144531, -355.85296630859375, 1400.109375]
[278.65753173828125, -345.4884948730469, 1384.7335205078125]
[247.28721618652344, -339.0492858886719, 1364.6663818359375]
[211.6957244873047, -342.1230773925781, 1357.340576171875]
[162.0399932861328, -349.63671875, 1333.9144287109375]
[123.83328247070312, -376.1551513671875, 1312.6614990234375]
[74.60809326171875, -411.57818603515625, 1285.78662109375]
[59.18113708496094, -432.4118347167969, 1270.180908203125]
[27.369998931884766, -449.2423095703125, 1244.380615234375]
[3.157928466796875, -465.5085144042969, 1219.7176513671875]
[-27.08771324157715, -474.3011474609375, 1222.439453125]
[-67.92871856689453, -486.92083740234375, 1212.9542236328125]
[-94.61347961425781, -470.78955078125, 1194.3018798828125]
[-143.33200073242188, -454.30548095703125, 1195.7122802734375]
[-194.84298706054688, -427.139404296875, 1210.45849609375]
[-260.9872741699219, -404.06268310546875, 1249.0648193359375]
[-314.15301513671875, -391.7676086425781, 1267.78125]
[-346.6076965332031, -369.0753173828125, 1288.6815185546875]
[-378.564453125, -355.368896484375, 1318.34033203125]
[-414.3353576660156, -348.4598388671875, 1359.837890625]
[-425.89068603515625, -370.013427734375, 1375.3519287109375]
[-438.45892333984375, -396.77252197265625, 1381.1602783203125]
[-443.428955078125, -406.0141296386719, 1407.614990234375]
[-451.59466552734375, -418.0038757324219, 1436.54638671875]
[-464.0840759277344, -436.1535339355469, 1476.486083984375]
[-476.8172607421875, -445.5262145996094, 1523.6102294921875]
[-485.1815185546875, -460.3650817871094, 1567.738037109375]
[-480.7236328125, -467.74713134765625, 1624.0994873046875]
[-477.48046875, -473.8013916015625, 1666.372802734375]
[-480.6512451171875, -475.916259765625, 1704.847900390625]
[-460.75225830078125, -470.7015686035156, 1744.4306640625]
[-439.19085693359375, -458.9198913574219, 1779.6353759765625]
[-427.40093994140625, -456.9761657714844, 1797.8568115234375]
[-380.9729309082031, -431.7484130859375, 1810.74365234375]
[-362.5348205566406, -414.2369689941406, 1794.832763671875]
[-312.0813903808594, -384.14398193359375, 1689.5421142578125]
[-250.2207794189453, -382.120361328125, 1687.013916015625]
[-158.28932189941406, -403.3822937011719, 1909.7958984375]
[-69.7304458618164, -407.39642333984375, 1968.3863525390625]
[-62.563926696777344, -445.1695556640625, 2000.244384765625]
[-44.25101852416992, -433.9847412109375, 1979.5516357421875]
[9.701427459716797, -446.1278991699219, 1976.702880859375]
[90.0509033203125, -452.98187255859375, 1923.112548828125]
[152.99072265625, -505.4563293457031, 2001.831787109375]
[174.60516357421875, -558.9100952148438, 2071.595947265625]
[164.12960815429688, -535.5661010742188, 2093.287841796875]
[179.41807556152344, -491.2670593261719, 2081.467529296875]
[140.54080200195312, -451.52349853515625, 2072.860107421875]
[204.76919555664062, -472.79547119140625, 2104.2646484375]
[276.60089111328125, -454.20123291015625, 2076.64697265625]
[327.1336364746094, -435.3247985839844, 2050.199951171875]
[359.2350769042969, -413.9575500488281, 2031.786865234375]
[387.697021484375, -407.4484558105469, 1997.0343017578125]
[400.422607421875, -401.6634826660156, 1976.5694580078125]
[407.8593444824219, -396.4596862792969, 1957.253173828125]
[417.62188720703125, -409.6099853515625, 1945.9521484375]
[428.5539245605469, -426.6446228027344, 1944.021240234375]
[434.0511779785156, -434.90179443359375, 1935.2177734375]
[432.04266357421875, -449.10003662109375, 1939.4517822265625]
[430.8182678222656, -449.30224609375, 1933.1273193359375]
[428.115234375, -446.04949951171875, 1928.0455322265625]
[439.56695556640625, -438.5050354003906, 1966.151611328125]
[448.2555847167969, -436.67498779296875, 1983.22900390625]
[445.4996337890625, -439.15313720703125, 2019.2095947265625]
[458.0922546386719, -434.2055969238281, 2086.76025390625]
[439.4212646484375, -417.932373046875, 2111.504150390625]
[435.3343505859375, -436.80023193359375, 2182.158447265625]
[431.017822265625, -436.8275451660156, 2228.950927734375]
[432.5513610839844, -437.1703186035156, 2238.03662109375]
[428.67059326171875, -448.49200439453125, 2278.011962890625]
[411.3144836425781, -451.65771484375, 2302.146240234375]
[401.62847900390625, -436.2827453613281, 2298.437744140625]
[402.96710205078125, -449.6169738769531, 2321.776123046875]
[405.7467346191406, -474.38092041015625, 2341.90966796875]
[403.6846923828125, -489.66412353515625, 2351.26806640625]
[401.452392578125, -508.3832092285156, 2366.655029296875]
[409.9500427246094, -526.1488037109375, 2371.4775390625]
[410.7115173339844, -541.6216430664062, 2379.37255859375]
[411.0932922363281, -559.4484252929688, 2391.67529296875]
[418.5603942871094, -579.251953125, 2412.08056640625]
[432.89886474609375, -555.7083129882812, 2386.855712890625]
[427.07305908203125, -542.3798828125, 2379.92578125]
[456.7840270996094, -546.2454833984375, 2378.584716796875]
[462.10076904296875, -509.1992492675781, 2354.81982421875]
[476.2325439453125, -468.18988037109375, 2312.296630859375]
[486.8489074707031, -419.3612976074219, 2272.92578125]
[468.218994140625, -356.3678283691406, 2210.358154296875]
[450.19000244140625, -334.397216796875, 2165.96044921875]
[435.6669616699219, -327.37384033203125, 2140.189208984375]
[420.7596740722656, -335.7123718261719, 2114.334716796875]
[401.01470947265625, -333.5315856933594, 2106.640380859375]
[396.8339538574219, -342.115966796875, 2088.692138671875]
[387.78387451171875, -355.218017578125, 2060.236328125]
[379.7130432128906, -372.4033508300781, 2035.359375]
[373.7564697265625, -380.5511169433594, 2014.56689453125]
[359.8805847167969, -385.9339294433594, 1992.1741943359375]
[358.7178649902344, -386.9461975097656, 1973.329833984375]
[350.01348876953125, -385.76629638671875, 1959.5528564453125]
[339.0443420410156, -371.19085693359375, 1944.6856689453125]
[335.67559814453125, -359.1745910644531, 1939.096923828125]
[336.9093933105469, -349.2333068847656, 1935.949951171875]
[331.1253662109375, -347.4286193847656, 1932.0616455078125]
[331.7159118652344, -342.0209045410156, 1937.5986328125]
[330.8045349121094, -340.7389831542969, 1924.37890625]
[336.5300598144531, -335.79827880859375, 1929.9443359375]
[338.3654479980469, -329.51959228515625, 1937.2491455078125]
[341.5289611816406, -318.2817687988281, 1944.855712890625]
[336.574951171875, -312.5656433105469, 1960.4437255859375]
[339.8866271972656, -309.7137451171875, 1993.1329345703125]
[348.3761291503906, -316.1538391113281, 2030.6031494140625]
[343.0962219238281, -320.6236267089844, 2071.507568359375]
[335.54815673828125, -334.76361083984375, 2106.6640625]
[323.4847412109375, -353.0439453125, 2127.8828125]
[300.36016845703125, -387.8312683105469, 2161.963623046875]
[276.65972900390625, -408.1806945800781, 2179.760986328125]
[254.9239959716797, -423.3921813964844, 2193.468017578125]
[229.51675415039062, -448.0391845703125, 2199.056396484375]
[183.45506286621094, -481.8614501953125, 2229.864990234375]
[145.5931854248047, -468.4112548828125, 2207.06396484375]
[157.58364868164062, -324.5116271972656, 2026.6265869140625]
[155.1810760498047, -300.7545471191406, 1947.5654296875]
[147.21795654296875, -298.06146240234375, 1914.9166259765625]
[133.03607177734375, -303.1598205566406, 1903.917724609375]
[129.06983947753906, -308.1352233886719, 1886.3338623046875]
[80.30384826660156, -324.7494201660156, 1907.7281494140625]
[60.29557418823242, -316.4239196777344, 1904.804931640625]
[45.18321228027344, -318.5547790527344, 1906.516845703125]
