452
12
[314.72772217,1229.96890259,1120.40991211]
[320.96972656,1231.34957886,1127.90820312]
[322.04122925,1230.82299805,1126.34082031]
[324.19329834,1229.8487854,1124.85986328]
[325.79101562,1225.73095703,1121.078125]
[325.73846436,1226.60919189,1119.19018555]
[328.52764893,1226.25796509,1119.84985352]
[335.57580566,1226.77062988,1117.22705078]
[339.81173706,1228.46969604,1117.43505859]
[345.36160278,1229.17468262,1116.96240234]
[348.70883179,1228.73071289,1116.19970703]
[350.93069458,1228.18878174,1116.96923828]
[352.88879395,1228.41659546,1113.40844727]
[354.16253662,1227.29650879,1113.21826172]
[362.34295654,1225.39642334,1109.97949219]
[366.52185059,1226.10705566,1108.05566406]
[370.33587646,1228.30593872,1106.34667969]
[374.11444092,1228.72454834,1101.54272461]
[375.68212891,1228.59378052,1100.35888672]
[378.66445923,1233.15826416,1097.94360352]
[378.56582642,1232.32305908,1094.89257812]
[381.78652954,1231.38497925,1089.26025391]
[381.021698,1230.74511719,1085.79516602]
[383.01055908,1228.60336304,1082.77026367]
[384.81039429,1228.01812744,1081.03881836]
[383.42144775,1226.72717285,1077.95336914]
[384.83987427,1223.25354004,1077.19262695]
[384.10855103,1221.93942261,1076.35522461]
[383.58242798,1219.68157959,1076.95532227]
[384.37210083,1218.36331177,1076.7043457]
[383.63928223,1217.3666687,1074.06713867]
[383.31298828,1216.9432373,1073.40429688]
[382.42422485,1215.74932861,1072.42333984]
[381.55453491,1202.83731079,1063.85083008]
[383.95880127,1195.38546753,1057.52490234]
[387.06420898,1189.29714966,1050.0222168]
[387.22753906,1189.22570801,1049.91040039]
[405.17529297,1176.45794678,1027.72949219]
[422.02709961,1177.65237427,1005.35412598]
[430.35458374,1178.26028442,987.97949219]
[421.31143188,1171.027771,978.07885742]
[422.94592285,1172.43984985,991.53320312]
[419.58859253,1174.73098755,1017.02453613]
[410.11911011,1187.39614868,1055.18725586]
[406.49871826,1197.04168701,1072.0859375]
[389.42892456,1206.10949707,1105.97241211]
[371.05282593,1211.29559326,1135.19775391]
[340.59887695,1217.14297485,1168.16796875]
[301.43704224,1212.82754517,1176.56201172]
[273.37014771,1209.7885437,1184.43457031]
[244.03308105,1215.16571045,1199.90161133]
[191.14398193,1228.89385986,1222.17944336]
[150.12940979,1257.85516357,1265.4050293]
[139.39373779,1252.75018311,1260.54711914]
[98.97335052,1253.07272339,1262.19238281]
[105.09207916,1238.20303345,1249.54223633]
[127.6129303,1225.86224365,1227.5546875]
[128.63110352,1218.17092896,1195.52905273]
[159.81394958,1222.38760376,1162.79125977]
[207.45147705,1250.09011841,1153.45751953]
[229.5565033,1270.95202637,1154.19140625]
[270.53555298,1309.31643677,1136.68041992]
[284.5199585,1322.2322998,1128.35107422]
[325.30044556,1360.75494385,1099.0534668]
[353.82522583,1378.50708008,1078.91674805]
[383.50204468,1387.30395508,1043.79370117]
[425.40866089,1415.46057129,982.31835938]
[449.26565552,1419.76733398,929.21838379]
[484.13861084,1446.11669922,848.58154297]
[490.53430176,1458.69458008,794.7635498]
[487.35025024,1484.45965576,696.78735352]
[471.28408813,1500.80340576,640.56384277]
[453.05014038,1512.77453613,591.6427002]
[442.36312866,1516.81500244,568.40856934]
[408.31265259,1513.62487793,506.15185547]
[381.33694458,1511.12438965,475.00805664]
[375.97848511,1511.35205078,460.66369629]
[368.4262085,1503.77593994,452.81335449]
[362.4543457,1482.95013428,453.6706543]
[385.2232666,1450.17126465,480.09082031]
[412.04272461,1427.19085693,534.25769043]
[394.47045898,1380.53192139,561.51416016]
[405.08139038,1352.98254395,594.10693359]
[383.53109741,1320.77246094,632.78723145]
[356.91647339,1288.9289856,638.34509277]
[339.67871094,1263.38619995,641.59619141]
[319.91513062,1242.21142578,642.65881348]
[306.00558472,1238.10748291,641.28186035]
[298.08789062,1217.6656189,642.6427002]
[300.45370483,1213.74664307,643.91577148]
[299.51553345,1216.10482788,616.99609375]
[316.81069946,1239.74725342,615.07507324]
[326.45056152,1249.27258301,609.36853027]
[355.94308472,1277.18261719,628.61547852]
[348.0171814,1294.7428894,614.89941406]
[321.29525757,1300.98049927,594.27258301]
[285.57507324,1295.59719849,573.81030273]
[240.78622437,1288.33483887,513.43127441]
[188.28442383,1275.3633728,477.54858398]
[124.43999481,1243.34963989,472.56640625]
[56.62255859,1213.99130249,437.60766602]
[3.75544643,1209.68917847,422.53100586]
[-56.70373154,1191.3210144,416.30419922]
[-93.93054962,1192.91763306,453.18408203]
[-128.09259033,1207.71612549,489.39819336]
[-144.09251404,1223.04415894,518.97631836]
[-170.37045288,1254.96298218,531.6739502]
[-184.04229736,1274.54190063,548.67260742]
[-199.56195068,1287.7019043,578.8269043]
[-212.30059814,1297.21759033,608.15893555]
[-214.20870972,1301.66708374,633.01977539]
[-213.16532898,1300.20925903,647.76708984]
[-203.34202576,1283.22457886,658.03625488]
[-178.99069214,1261.33285522,638.79675293]
[-128.92243958,1223.790802,623.37023926]
[-117.83188629,1217.12277222,630.78674316]
[-10.55575943,1199.20513916,545.66137695]
[67.82151794,1215.98049927,507.39404297]
[118.93463135,1236.20837402,495.20251465]
[154.06619263,1246.99829102,483.79650879]
[171.25828552,1266.13742065,472.98779297]
[183.16368103,1261.88464355,476.95874023]
[204.8621521,1257.45507812,504.24719238]
[250.23294067,1250.81237793,508.87316895]
[273.99520874,1239.74349976,532.20056152]
[309.71868896,1241.16812134,551.81799316]
[354.19039917,1214.32858276,584.53796387]
[374.88592529,1199.2880249,609.68823242]
[390.3381958,1182.35668945,640.29931641]
[383.43746948,1167.75531006,663.71179199]
[386.91470337,1151.27728271,675.45825195]
[387.17456055,1147.05258179,685.42553711]
[382.77886963,1131.30575562,711.51586914]
[394.20544434,1134.6473999,740.72839355]
[399.02706909,1140.65014648,768.08972168]
[389.20669556,1145.96221924,791.93005371]
[369.66625977,1153.27877808,793.10961914]
[353.14767456,1158.50027466,804.33129883]
[332.85198975,1160.69894409,800.39550781]
[326.27182007,1166.11383057,798.04711914]
[313.85671997,1165.70950317,780.58898926]
[293.89117432,1164.46194458,754.27941895]
[277.27926636,1161.04586792,746.03991699]
[256.60025024,1145.21591187,740.98791504]
[251.08596802,1139.6545105,740.51257324]
[233.50297546,1120.64581299,762.07519531]
[215.90527344,1094.10235596,766.11865234]
[224.12005615,1091.24417114,798.19396973]
[213.04388428,1095.38098145,840.53649902]
[196.46052551,1113.63168335,902.18115234]
[192.64691162,1128.73867798,930.43212891]
[183.16171265,1161.67929077,970.24182129]
[163.16989136,1192.22247314,1011.3692627]
[154.34272766,1207.83001709,1031.05419922]
[122.79663849,1262.57650757,1050.05786133]
[109.0256424,1279.17785645,1059.44458008]
[88.82735443,1304.65310669,1067.23535156]
[86.89369202,1300.8671875,1054.94335938]
[60.94198608,1317.88153076,1053.04956055]
[65.41087341,1257.04888916,1021.84936523]
[66.46457672,1272.51092529,1027.12231445]
[76.51338196,1261.91763306,1016.81591797]
[82.43152618,1225.85809326,971.2364502]
[95.20851135,1206.62484741,942.80834961]
[57.14688492,1170.1965332,926.26220703]
[47.82686615,1175.8487854,929.23278809]
[57.75398254,1185.33340454,909.3828125]
[72.17089844,1163.17324829,808.03161621]
[78.8008194,1155.32223511,730.06982422]
[84.39536285,1150.2975769,593.32055664]
[93.18054199,1169.12921143,559.32043457]
[101.1442337,1175.35574341,533.30639648]
[104.87941742,1175.23696899,519.55480957]
[109.897995,1161.13745117,509.1574707]
[109.89065552,1155.2237854,500.71899414]
[105.03318787,1151.51040649,507.80114746]
[96.97104645,1147.3616333,519.07922363]
[90.61034393,1141.85992432,522.03125]
[91.50762939,1137.8866272,532.63098145]
[134.86621094,1172.44332886,497.28723145]
[137.39257812,1163.05743408,491.14111328]
[123.41208649,1148.1791687,501.19909668]
[116.3221283,1143.98638916,492.66760254]
[164.64945984,1204.41693115,569.54333496]
[118.09855652,1150.00753784,549.65454102]
[123.06654358,1163.6015625,570.89733887]
[145.02774048,1187.21179199,562.15673828]
[155.92814636,1200.01528931,574.94238281]
[169.03326416,1212.82815552,604.2487793]
[193.46975708,1236.85369873,617.41564941]
[207.58427429,1250.19882202,633.37280273]
[228.61647034,1261.59411621,626.52612305]
[247.66259766,1262.08529663,600.07348633]
[250.92918396,1255.23364258,607.92700195]
[250.90158081,1250.36428833,598.05004883]
[261.48934937,1238.17114258,605.20300293]
[269.79156494,1229.63327026,590.89941406]
[272.02313232,1227.49145508,609.56054688]
[269.78778076,1228.93859863,635.93103027]
[269.37207031,1231.91259766,636.81274414]
[288.67913818,1241.72042847,674.89367676]
[304.09091187,1262.14562988,715.62365723]
[314.07553101,1270.24880981,733.59484863]
[330.37924194,1267.54916382,727.83532715]
[343.29284668,1271.02374268,762.89379883]
[352.70150757,1269.81167603,798.59155273]
[359.49990845,1279.34848022,835.79455566]
[360.20046997,1272.86029053,890.05273438]
[357.81942749,1262.85073853,931.21435547]
[352.14846802,1255.24383545,974.27087402]
[360.99563599,1244.77990723,1027.06311035]
[357.19631958,1224.69692993,1044.15246582]
[360.48699951,1223.82278442,1112.99658203]
[345.47610474,1231.07299805,1150.00537109]
[337.21551514,1240.66653442,1179.27539062]
[326.73620605,1244.11990356,1181.62280273]
[328.39523315,1273.57644653,1214.18530273]
[323.37969971,1326.34393311,1248.01733398]
[338.05926514,1332.82904053,1256.35668945]
[359.08465576,1324.4362793,1257.05932617]
[369.00598145,1298.00619507,1243.33642578]
[380.09030151,1257.31164551,1191.34228516]
[404.27786255,1228.02575684,1190.64404297]
[410.64770508,1216.5362854,1181.54418945]
[436.95251465,1196.25384521,1146.78442383]
[428.23397827,1182.64807129,1101.73413086]
[425.35415649,1182.07751465,1056.93139648]
[434.91952515,1202.45501709,1017.33422852]
[441.24920654,1240.04647827,1004.41674805]
[434.73739624,1255.52859497,968.12060547]
[438.39382935,1312.28967285,970.90112305]
[425.05709839,1355.62854004,964.36853027]
[434.05932617,1410.73803711,940.73095703]
[417.9887085,1455.10107422,917.5970459]
[432.06106567,1474.11547852,909.93469238]
[475.83093262,1473.26690674,964.69995117]
[484.25302124,1495.63220215,975.46240234]
[546.68847656,1481.74853516,1047.12487793]
[567.89624023,1469.39001465,1105.72436523]
[557.92614746,1440.91381836,1095.00097656]
[558.15612793,1413.69116211,1188.47729492]
[523.02886963,1382.95788574,1233.70532227]
[482.03186035,1346.590271,1275.45727539]
[456.12420654,1328.27502441,1288.93774414]
[416.28155518,1311.50769043,1319.72265625]
[382.70053101,1274.81079102,1326.44750977]
[371.83901978,1213.28161621,1317.37792969]
[382.42529297,1178.40136719,1297.50952148]
[381.85726929,1126.16775513,1241.19677734]
[394.08914185,1085.24154663,1221.23535156]
[422.8555603,1055.46289062,1199.31518555]
[434.80709839,1008.72930908,1154.38330078]
[438.14273071,970.78857422,1110.86230469]
[382.0413208,876.23153687,1050.14135742]
[371.69116211,851.63222504,1007.45227051]
[360.97198486,842.72389221,981.05273438]
[349.54077148,843.81459808,943.16223145]
[345.70767212,858.25299072,913.75231934]
[350.97351074,869.07208252,909.21960449]
[357.77404785,883.13854218,923.85522461]
[365.81002808,889.55690002,959.37902832]
[375.0894165,906.18296051,1007.21911621]
[393.42504883,962.11682129,1037.82580566]
[398.79751587,1010.36485291,1061.8347168]
[414.34747314,1100.82897949,1079.52490234]
[422.44488525,1182.25033569,1116.51269531]
[423.52651978,1227.37741089,1150.16870117]
[417.6947937,1300.9609375,1200.16064453]
[415.36523438,1372.93591309,1230.88330078]
[423.40325928,1411.73358154,1262.40380859]
[431.9822998,1447.33679199,1260.95703125]
[449.32501221,1469.48248291,1260.48779297]
[460.13702393,1463.76953125,1257.25585938]
[488.32220459,1461.52380371,1250.91845703]
[504.34619141,1442.0770874,1247.06860352]
[500.95855713,1402.36169434,1235.92651367]
[494.16564941,1368.0322876,1238.5090332]
[479.03112793,1326.81573486,1237.51635742]
[464.1156311,1286.13552856,1233.65258789]
[442.8444519,1253.92819214,1233.07958984]
[420.83673096,1207.57177734,1209.18652344]
[378.8934021,1198.72338867,1209.80224609]
[354.82992554,1156.72836304,1095.79736328]
[352.65350342,1152.9894104,1060.45874023]
[341.71011353,1159.46166992,1106.15771484]
[328.50854492,1160.38873291,1102.73925781]
[331.30187988,1158.27392578,1045.87817383]
[337.003479,1161.28646851,1027.42358398]
[338.87017822,1140.65054321,906.38647461]
[341.96054077,1152.95251465,828.32714844]
[346.88449097,1155.59014893,796.49475098]
[347.11218262,1161.18280029,760.99035645]
[342.38848877,1162.66442871,730.7578125]
[329.18112183,1163.55905151,697.80236816]
[323.92230225,1158.03045654,674.88427734]
[322.69015503,1171.07266235,639.06762695]
[317.06091309,1168.62866211,623.19641113]
[321.58435059,1166.91156006,619.29833984]
[320.31411743,1160.58306885,621.85546875]
[319.86608887,1150.96478271,640.72680664]
[325.24514771,1136.62936401,655.72485352]
[342.57336426,1134.80923462,692.91149902]
[343.37734985,1134.93865967,706.45117188]
[340.2460022,1136.83905029,698.49291992]
[355.22473145,1147.10586548,688.00231934]
[344.92874146,1139.46353149,658.08703613]
[347.99508667,1139.07598877,634.20458984]
[349.59115601,1130.44729614,607.62121582]
[350.38638306,1120.37149048,575.16711426]
[354.57531738,1118.80969238,534.4486084]
[357.2175293,1118.46026611,511.70458984]
[348.86782837,1127.77496338,488.49658203]
[351.60678101,1131.65032959,475.27478027]
[347.46606445,1146.25198364,449.5411377]
[358.40649414,1160.52224731,434.98999023]
[367.24807739,1171.30435181,426.19152832]
[381.79241943,1193.75598145,415.61633301]
[390.74200439,1212.52243042,415.22473145]
[402.22311401,1218.63928223,408.17456055]
[405.60250854,1219.83563232,407.16296387]
[408.23120117,1219.72964478,408.51757812]
[409.18533325,1222.27603149,404.99157715]
[397.2800293,1218.33572388,398.76806641]
[369.16415405,1193.92410278,393.75]
[356.7975769,1188.08926392,387.9005127]
[312.48318481,1155.85296631,400.109375]
[278.65753174,1145.48849487,384.73352051]
[247.28721619,1139.04928589,364.66638184]
[211.69572449,1142.12307739,357.34057617]
[162.03999329,1149.63671875,333.91442871]
[123.83328247,1176.15515137,312.66149902]
[74.60809326,1211.57818604,285.78662109]
[59.18113708,1232.41183472,270.1809082]
[27.36999893,1249.24230957,244.38061523]
[3.15792847,1265.5085144,219.71765137]
[-27.08771324,1274.30114746,222.43945312]
[-67.92871857,1286.9208374,212.95422363]
[-94.61347961,1270.78955078,194.30187988]
[-143.33200073,1254.30548096,195.71228027]
[-194.84298706,1227.1394043,210.45849609]
[-260.98727417,1204.06268311,249.06481934]
[-314.15301514,1191.76760864,267.78125]
[-346.60769653,1169.07531738,288.68151855]
[-378.56445312,1155.36889648,318.34033203]
[-414.33535767,1148.45983887,359.83789062]
[-425.89068604,1170.01342773,375.35192871]
[-438.45892334,1196.77252197,381.16027832]
[-443.42895508,1206.01412964,407.61499023]
[-451.59466553,1218.00387573,436.54638672]
[-464.08407593,1236.15353394,476.48608398]
[-476.81726074,1245.5262146,523.61022949]
[-485.18151855,1260.36508179,567.73803711]
[-480.72363281,1267.74713135,624.0994873]
[-477.48046875,1273.8013916,666.37280273]
[-480.65124512,1275.91625977,704.84790039]
[-460.7522583,1270.7015686,744.43066406]
[-439.19085693,1258.91989136,779.63537598]
[-427.40093994,1256.97616577,797.85681152]
[-380.97293091,1231.74841309,810.74365234]
[-362.53482056,1214.23696899,794.83276367]
[-312.08139038,1184.14398193,689.54211426]
[-250.22077942,1182.12036133,687.01391602]
[-158.2893219,1203.3822937,909.79589844]
[-69.73044586,1207.39642334,968.38635254]
[-62.5639267,1245.16955566,1000.24438477]
[-44.25101852,1233.98474121,979.55163574]
[9.70142746,1246.12789917,976.70288086]
[90.05090332,1252.98187256,923.11254883]
[152.99072266,1305.45632935,1001.83178711]
[174.60516357,1358.91009521,1071.59594727]
[164.12960815,1335.56610107,1093.2878418]
[179.41807556,1291.26705933,1081.4675293]
[140.540802,1251.52349854,1072.86010742]
[204.76919556,1272.79547119,1104.26464844]
[276.60089111,1254.20123291,1076.64697266]
[327.13363647,1235.32479858,1050.19995117]
[359.2350769,1213.95755005,1031.78686523]
[387.69702148,1207.44845581,997.03430176]
[400.42260742,1201.66348267,976.56945801]
[407.85934448,1196.45968628,957.25317383]
[417.62188721,1209.60998535,945.95214844]
[428.55392456,1226.6446228,944.02124023]
[434.05117798,1234.90179443,935.21777344]
[432.04266357,1249.10003662,939.45178223]
[430.81826782,1249.30224609,933.12731934]
[428.11523438,1246.04949951,928.04553223]
[439.56695557,1238.5050354,966.15161133]
[448.25558472,1236.67498779,983.22900391]
[445.49963379,1239.15313721,1019.20959473]
[458.09225464,1234.20559692,1086.76025391]
[439.42126465,1217.93237305,1111.50415039]
[435.33435059,1236.80023193,1182.15844727]
[431.01782227,1236.82754517,1228.95092773]
[432.55136108,1237.1703186,1238.03662109]
[428.67059326,1248.49200439,1278.01196289]
[411.31448364,1251.65771484,1302.14624023]
[401.628479,1236.28274536,1298.43774414]
[402.96710205,1249.61697388,1321.77612305]
[405.74673462,1274.38092041,1341.90966797]
[403.68469238,1289.66412354,1351.26806641]
[401.45239258,1308.38320923,1366.6550293]
[409.95004272,1326.14880371,1371.47753906]
[410.71151733,1341.62164307,1379.37255859]
[411.09329224,1359.44842529,1391.67529297]
[418.56039429,1379.25195312,1412.08056641]
[432.89886475,1355.70831299,1386.85571289]
[427.07305908,1342.37988281,1379.92578125]
[456.7840271,1346.2454834,1378.5847168]
[462.10076904,1309.19924927,1354.81982422]
[476.23254395,1268.18988037,1312.29663086]
[486.84890747,1219.36129761,1272.92578125]
[468.21899414,1156.36782837,1210.3581543]
[450.19000244,1134.3972168,1165.96044922]
[435.66696167,1127.37384033,1140.18920898]
[420.75967407,1135.71237183,1114.3347168]
[401.01470947,1133.53158569,1106.64038086]
[396.83395386,1142.1159668,1088.69213867]
[387.78387451,1155.21801758,1060.23632812]
[379.71304321,1172.40335083,1035.359375]
[373.75646973,1180.55111694,1014.56689453]
[359.88058472,1185.93392944,992.17419434]
[358.71786499,1186.94619751,973.32983398]
[350.01348877,1185.76629639,959.55285645]
[339.04434204,1171.19085693,944.68566895]
[335.67559814,1159.17459106,939.09692383]
[336.90939331,1149.23330688,935.94995117]
[331.12536621,1147.42861938,932.06164551]
[331.71591187,1142.02090454,937.59863281]
[330.80453491,1140.73898315,924.37890625]
[336.53005981,1135.79827881,929.94433594]
[338.365448,1129.51959229,937.24914551]
[341.52896118,1118.2817688,944.85571289]
[336.57495117,1112.56564331,960.44372559]
[339.8866272,1109.71374512,993.13293457]
[348.37612915,1116.15383911,1030.60314941]
[343.09622192,1120.62362671,1071.50756836]
[335.54815674,1134.76361084,1106.6640625]
[323.48474121,1153.04394531,1127.8828125]
[300.36016846,1187.83126831,1161.96362305]
[276.659729,1208.18069458,1179.76098633]
[254.92399597,1223.3921814,1193.46801758]
[229.51675415,1248.03918457,1199.05639648]
[183.45506287,1281.8614502,1229.86499023]
[145.59318542,1268.41125488,1207.06396484]
[157.58364868,1124.5116272,1026.62658691]
[155.18107605,1100.75454712,947.56542969]
[147.21795654,1098.0614624,914.91662598]
[133.03607178,1103.15982056,903.91772461]
[129.06983948,1108.13522339,886.3338623]
[80.30384827,1124.74942017,907.72814941]
[60.29557419,1116.42391968,904.80493164]
[45.18321228,1118.55477905,906.5168457]
[0,0,0]
[0,0,0]
[0,0,0]
[0,0,0]
[0,0,0]
[0,0,0]
[0,0,0]
[0,0,0]
[0,0,0]
[0,0,0]
[0,0,0]
[0,0,0]
[0,0,0]
[0,0,0]
[0,0,0]
[0,0,0]
[0,0,0]
[0,0,0]
[0,0,0]
[0,0,0]
[0,0,0]
[0,0,0]
[0,0,0]
[0,0,0]
[0,0,0]
[0,0,0]
[0,0,0]
[0,0,0]
[0,0,0]
[0,0,0]
[0,0,0]
[0,0,0]
[0,0,0]
[0,0,0]
[0,0,0]
[0,0,0]
[0,0,0]
[0,0,0]
[0,0,0]
[0,0,0]
[0,0,0]
[0,0,0]
[0,0,0]
[0,0,0]
[0,0,0]
[0,0,0]
[0,0,0]
[0,0,0]
[0,0,0]
[0,0,0]
[0,0,0]
[0,0,0]
[0,0,0]
[0,0,0]
[0,0,0]
[0,0,0]
[0,0,0]
[0,0,0]
[0,0,0]
[0,0,0]
[0,0,0]
[0,0,0]
[0,0,0]
[0,0,0]
[0,0,0]
[0,0,0]
[0,0,0]
[0,0,0]
[0,0,0]
[0,0,0]
[0,0,0]
[0,0,0]
[0,0,0]
[0,0,0]
[0,0,0]
[0,0,0]
[0,0,0]
[0,0,0]
[0,0,0]
[0,0,0]
[0,0,0]
[0,0,0]
[0,0,0]
[0,0,0]
[0,0,0]
[0,0,0]
[0,0,0]
[0,0,0]
[0,0,0]
[0,0,0]
[0,0,0]
[0,0,0]
[0,0,0]
[0,0,0]
[0,0,0]
[0,0,0]
[0,0,0]
[0,0,0]
[0,0,0]
[0,0,0]
[0,0,0]
[0,0,0]
[0,0,0]
[0,0,0]
[0,0,0]
[0,0,0]
[0,0,0]
[0,0,0]
[0,0,0]
[0,0,0]
[0,0,0]
[0,0,0]
[0,0,0]
[0,0,0]
[0,0,0]
[0,0,0]
[0,0,0]
[0,0,0]
[0,0,0]
[0,0,0]
[0,0,0]
[0,0,0]
[0,0,0]
[0,0,0]
[0,0,0]
[0,0,0]
[0,0,0]
[0,0,0]
[0,0,0]
[0,0,0]
[0,0,0]
[0,0,0]
[0,0,0]
[0,0,0]
[0,0,0]
[0,0,0]
[0,0,0]
[0,0,0]
[0,0,0]
[0,0,0]
[0,0,0]
[0,0,0]
[0,0,0]
[0,0,0]
[0,0,0]
[0,0,0]
[0,0,0]
[0,0,0]
[0,0,0]
[0,0,0]
[0,0,0]
[0,0,0]
[0,0,0]
[0,0,0]
[0,0,0]
[0,0,0]
[0,0,0]
[0,0,0]
[0,0,0]
[0,0,0]
[0,0,0]
[0,0,0]
[0,0,0]
[0,0,0]
[0,0,0]
[0,0,0]
[0,0,0]
[0,0,0]
[0,0,0]
[0,0,0]
[0,0,0]
[0,0,0]
[0,0,0]
[0,0,0]
[0,0,0]
[0,0,0]
[0,0,0]
[0,0,0]
[0,0,0]
[0,0,0]
[0,0,0]
[0,0,0]
[0,0,0]
[0,0,0]
[0,0,0]
[0,0,0]
[0,0,0]
[0,0,0]
[0,0,0]
[0,0,0]
[0,0,0]
[0,0,0]
[0,0,0]
[0,0,0]
[0,0,0]
[0,0,0]
[0,0,0]
[0,0,0]
[0,0,0]
[0,0,0]
[0,0,0]
[0,0,0]
[0,0,0]
[0,0,0]
[0,0,0]
[0,0,0]
[0,0,0]
[0,0,0]
[0,0,0]
[0,0,0]
[0,0,0]
[0,0,0]
[0,0,0]
[0,0,0]
[0,0,0]
[0,0,0]
[0,0,0]
[0,0,0]
[0,0,0]
[0,0,0]
[0,0,0]
[0,0,0]
[0,0,0]
[0,0,0]
[0,0,0]
[0,0,0]
[0,0,0]
[0,0,0]
[0,0,0]
[0,0,0]
[0,0,0]
[0,0,0]
[0,0,0]
[0,0,0]
[0,0,0]
[0,0,0]
[0,0,0]
[0,0,0]
[0,0,0]
[0,0,0]
[0,0,0]
[0,0,0]
[0,0,0]
[0,0,0]
[0,0,0]
[0,0,0]
[0,0,0]
[0,0,0]
[0,0,0]
[0,0,0]
[0,0,0]
[0,0,0]
[0,0,0]
[0,0,0]
[0,0,0]
[0,0,0]
[0,0,0]
[0,0,0]
[0,0,0]
[0,0,0]
[0,0,0]
[0,0,0]
[0,0,0]
[0,0,0]
[0,0,0]
[0,0,0]
[0,0,0]
[0,0,0]
[0,0,0]
[0,0,0]
[0,0,0]
[0,0,0]
[0,0,0]
[0,0,0]
[0,0,0]
[0,0,0]
[0,0,0]
[0,0,0]
[0,0,0]
[0,0,0]
[0,0,0]
[0,0,0]
[0,0,0]
[0,0,0]
[0,0,0]
[0,0,0]
[0,0,0]
[0,0,0]
[0,0,0]
[0,0,0]
[0,0,0]
[0,0,0]
[0,0,0]
[0,0,0]
[0,0,0]
[0,0,0]
[0,0,0]
[0,0,0]
[0,0,0]
[0,0,0]
[0,0,0]
[0,0,0]
[0,0,0]
[0,0,0]
[0,0,0]
[0,0,0]
[0,0,0]
[0,0,0]
[0,0,0]
[0,0,0]
[0,0,0]
[0,0,0]
[0,0,0]
[0,0,0]
[0,0,0]
[0,0,0]
[0,0,0]
[0,0,0]
[0,0,0]
[0,0,0]
[0,0,0]
[0,0,0]
[0,0,0]
[0,0,0]
[0,0,0]
[0,0,0]
[0,0,0]
[0,0,0]
[0,0,0]
[0,0,0]
[0,0,0]
[0,0,0]
[0,0,0]
[0,0,0]
[0,0,0]
[0,0,0]
[0,0,0]
[0,0,0]
[0,0,0]
[0,0,0]
[0,0,0]
[0,0,0]
[0,0,0]
[0,0,0]
[0,0,0]
[0,0,0]
[0,0,0]
[0,0,0]
[0,0,0]
[0,0,0]
[0,0,0]
[0,0,0]
[0,0,0]
[0,0,0]
[0,0,0]
[0,0,0]
[0,0,0]
[0,0,0]
[0,0,0]
[0,0,0]
[0,0,0]
[0,0,0]
[0,0,0]
[0,0,0]
[0,0,0]
[0,0,0]
[0,0,0]
[0,0,0]
[0,0,0]
[0,0,0]
[0,0,0]
[0,0,0]
[0,0,0]
[0,0,0]
[0,0,0]
[0,0,0]
[0,0,0]
[0,0,0]
[0,0,0]
[0,0,0]
[0,0,0]
[0,0,0]
[0,0,0]
[0,0,0]
[0,0,0]
[0,0,0]
[0,0,0]
[0,0,0]
[0,0,0]
[0,0,0]
[0,0,0]
[0,0,0]
[0,0,0]
[0,0,0]
[0,0,0]
[0,0,0]
[0,0,0]
[0,0,0]
[0,0,0]
[0,0,0]
[0,0,0]
[0,0,0]
[0,0,0]
[0,0,0]
[0,0,0]
[0,0,0]
[0,0,0]
[0,0,0]
[0,0,0]
[0,0,0]
[0,0,0]
[0,0,0]
[0,0,0]
[0,0,0]
[0,0,0]
[0,0,0]
[0,0,0]
[0,0,0]
[0,0,0]
[0,0,0]
[0,0,0]
[0,0,0]
[0,0,0]
[0,0,0]
[0,0,0]
[0,0,0]
[0,0,0]
[0,0,0]
[0,0,0]
[0,0,0]
[0,0,0]
[0,0,0]
[0,0,0]
[0,0,0]
[0,0,0]
[0,0,0]
[0,0,0]
[0,0,0]
[0,0,0]
[0,0,0]
[0,0,0]
[0,0,0]
[0,0,0]
[0,0,0]
[0,0,0]
[0,0,0]
[0,0,0]
[0,0,0]
[0,0,0]
[0,0,0]
[0,0,0]
[0,0,0]
