452
30
[337.3243408203125, -218.5693817138672, 2005.749755859375]
[332.0736389160156, -225.51361083984375, 2000.31591796875]
[337.444580078125, -226.6516876220703, 1996.4493408203125]
[340.0500183105469, -223.2454833984375, 1998.9058837890625]
[342.8498840332031, -215.30291748046875, 2001.342529296875]
[346.6489562988281, -214.8067169189453, 2002.4849853515625]
[349.7076110839844, -214.8288116455078, 2002.429443359375]
[359.7763977050781, -210.60714721679688, 2005.9466552734375]
[364.5747375488281, -211.4789276123047, 2008.15771484375]
[365.8277282714844, -215.633056640625, 2000.8037109375]
[367.43792724609375, -214.0574951171875, 2002.106201171875]
[370.14874267578125, -214.60336303710938, 2000.1553955078125]
[370.7164611816406, -213.96153259277344, 1998.177001953125]
[371.0693054199219, -212.72593688964844, 1997.626953125]
[376.10009765625, -208.41128540039062, 1997.7733154296875]
[380.1860046386719, -208.8203887939453, 1996.0279541015625]
[385.13330078125, -211.01675415039062, 1994.003662109375]
[388.7605285644531, -211.57949829101562, 1989.90673828125]
[390.1134033203125, -211.6559600830078, 1988.3370361328125]
[392.6685791015625, -216.20352172851562, 1987.3389892578125]
[394.5082092285156, -217.35813903808594, 1980.6334228515625]
[397.9775390625, -216.4408721923828, 1975.9554443359375]
[396.5169982910156, -216.7896728515625, 1971.116455078125]
[396.5741882324219, -215.9678955078125, 1964.5975341796875]
[395.8755798339844, -216.04177856445312, 1961.2587890625]
[395.85260009765625, -214.6532440185547, 1958.297119140625]
[394.4222412109375, -214.17039489746094, 1953.37890625]
[393.343505859375, -213.6902618408203, 1951.142578125]
[393.5198974609375, -212.05128479003906, 1951.63427734375]
[392.6631164550781, -210.01522827148438, 1951.7451171875]
[390.8533935546875, -209.0573272705078, 1948.89404296875]
[390.0494689941406, -208.931396484375, 1947.7169189453125]
[388.10638427734375, -208.07623291015625, 1946.19140625]
[380.89459228515625, -193.31019592285156, 1939.685546875]
[380.9006042480469, -183.4315185546875, 1935.5565185546875]
[376.953125, -185.76893615722656, 1917.3807373046875]
[377.0862121582031, -185.705322265625, 1917.265380859375]
[368.7193298339844, -202.98057556152344, 1859.921630859375]
[373.9943542480469, -213.35720825195312, 1834.1817626953125]
[386.34552001953125, -217.16697692871094, 1811.7132568359375]
[378.0203552246094, -221.9287567138672, 1792.8468017578125]
[374.15899658203125, -245.9747314453125, 1789.328857421875]
[371.41156005859375, -253.5684356689453, 1811.58056640625]
[351.72015380859375, -286.8982849121094, 1842.39453125]
[350.5177307128906, -301.9452819824219, 1856.270263671875]
[341.5581970214844, -321.8061828613281, 1884.3812255859375]
[341.74908447265625, -319.19036865234375, 1912.280029296875]
[345.7462463378906, -312.1234436035156, 1949.740478515625]
[328.9017333984375, -286.04425048828125, 1970.26171875]
[273.6230773925781, -296.15484619140625, 1970.685302734375]
[310.55780029296875, -301.1280212402344, 1997.1541748046875]
[262.4950256347656, -291.7884521484375, 2036.7086181640625]
[241.99574279785156, -303.20098876953125, 2103.37744140625]
[235.05470275878906, -301.32489013671875, 2100.402587890625]
[218.15818786621094, -338.9790344238281, 2088.915771484375]
[246.8101043701172, -396.1262512207031, 2060.767333984375]
[279.9614562988281, -462.5872802734375, 2047.200439453125]
[284.587158203125, -477.24176025390625, 2022.6680908203125]
[297.14404296875, -475.4615173339844, 1975.056884765625]
[297.04412841796875, -530.983154296875, 1945.6431884765625]
[313.57305908203125, -577.8120727539062, 1954.626220703125]
[331.66058349609375, -611.653076171875, 1925.102294921875]
[331.74420166015625, -636.5469360351562, 1917.7396240234375]
[307.990234375, -663.4249877929688, 1878.6083984375]
[291.83941650390625, -694.1305541992188, 1877.9632568359375]
[327.814453125, -729.0429077148438, 1859.7801513671875]
[316.81231689453125, -745.3203735351562, 1812.923583984375]
[319.41326904296875, -762.8609619140625, 1788.2762451171875]
[326.75616455078125, -773.9569091796875, 1717.9970703125]
[322.2708435058594, -794.4624633789062, 1684.0025634765625]
[320.4893493652344, -788.3988647460938, 1552.2908935546875]
[310.5174865722656, -755.9780883789062, 1466.7418212890625]
[299.1263122558594, -749.6731567382812, 1405.6075439453125]
[276.267578125, -753.9697265625, 1392.01904296875]
[236.61669921875, -768.22265625, 1337.697509765625]
[214.6538543701172, -763.06884765625, 1301.511474609375]
[214.0738983154297, -759.4214477539062, 1280.05419921875]
[195.57098388671875, -747.7609252929688, 1283.40771484375]
[191.3668670654297, -726.89453125, 1281.108154296875]
[199.79429626464844, -725.731201171875, 1340.067138671875]
[228.72763061523438, -724.9607543945312, 1402.9774169921875]
[229.38780212402344, -643.79248046875, 1395.7666015625]
[222.3896484375, -645.7108764648438, 1464.787109375]
[175.70382690429688, -637.6785888671875, 1603.921875]
[149.57528686523438, -626.8786010742188, 1666.010498046875]
[145.76638793945312, -611.1259765625, 1678.829833984375]
[132.9521026611328, -593.6114501953125, 1694.3673095703125]
[124.71257019042969, -589.2991943359375, 1697.278564453125]
[117.31285095214844, -570.0391235351562, 1691.5301513671875]
[115.64077758789062, -564.3834838867188, 1688.6490478515625]
[124.22257995605469, -566.2162475585938, 1684.995849609375]
[119.94184875488281, -571.069580078125, 1673.67724609375]
[120.78522491455078, -572.300537109375, 1663.1943359375]
[123.09481048583984, -546.90283203125, 1592.1942138671875]
[109.17240142822266, -549.6041870117188, 1583.108154296875]
[81.30706787109375, -565.4307861328125, 1575.606201171875]
[49.464046478271484, -570.6985473632812, 1568.788330078125]
[7.754981517791748, -563.5438232421875, 1546.204345703125]
[-43.200626373291016, -534.1439208984375, 1529.806884765625]
[-110.05724334716797, -508.3421936035156, 1499.76904296875]
[-167.4839324951172, -468.6438293457031, 1511.8873291015625]
[-220.06114196777344, -450.54107666015625, 1503.73974609375]
[-276.64434814453125, -433.9736328125, 1511.074951171875]
[-330.0495300292969, -413.4668884277344, 1510.15185546875]
[-371.11724853515625, -411.4326477050781, 1516.73974609375]
[-386.916015625, -409.08795166015625, 1548.350830078125]
[-410.7606506347656, -419.179931640625, 1575.77978515625]
[-422.6871643066406, -442.5179748535156, 1613.3929443359375]
[-436.82635498046875, -461.25274658203125, 1650.491943359375]
[-449.4681396484375, -489.4726867675781, 1690.65478515625]
[-447.7263488769531, -506.2292785644531, 1722.9404296875]
[-435.4491882324219, -502.993408203125, 1754.9884033203125]
[-376.96356201171875, -509.5299987792969, 1827.56298828125]
[-326.5198059082031, -489.60919189453125, 1826.9674072265625]
[-251.2875518798828, -483.66845703125, 1825.7562255859375]
[-215.61428833007812, -445.0386962890625, 1853.6434326171875]
[-98.12064361572266, -420.1780090332031, 1773.9940185546875]
[-74.46503448486328, -386.10260009765625, 1703.2376708984375]
[-30.21147918701172, -400.77264404296875, 1685.4932861328125]
[4.708096504211426, -405.7547607421875, 1672.2882080078125]
[15.54545783996582, -385.4794006347656, 1643.9332275390625]
[24.729326248168945, -365.19647216796875, 1637.294921875]
[24.786666870117188, -459.168701171875, 1671.64697265625]
[53.43316650390625, -474.59735107421875, 1651.865478515625]
[60.97410583496094, -409.9887390136719, 1648.3697509765625]
[78.40373992919922, -458.21484375, 1631.98974609375]
[126.20338439941406, -503.6891174316406, 1608.012939453125]
[146.91737365722656, -492.807373046875, 1594.2286376953125]
[172.8641357421875, -489.34942626953125, 1586.27490234375]
[195.11251831054688, -476.59161376953125, 1557.7994384765625]
[198.0009002685547, -451.1002502441406, 1559.5517578125]
[209.1796417236328, -432.2288513183594, 1551.534423828125]
[216.87893676757812, -399.20697021484375, 1550.8365478515625]
[242.747314453125, -372.05743408203125, 1559.84423828125]
[249.71466064453125, -360.33612060546875, 1583.146484375]
[253.54656982421875, -350.3842468261719, 1594.3388671875]
[236.59771728515625, -360.4871520996094, 1589.8720703125]
[221.40782165527344, -373.8965148925781, 1596.7313232421875]
[211.0142364501953, -388.6686706542969, 1584.5145263671875]
[203.34532165527344, -399.76800537109375, 1584.1910400390625]
[190.46243286132812, -400.6466369628906, 1567.9488525390625]
[175.91683959960938, -383.9664001464844, 1537.404541015625]
[173.07305908203125, -371.333251953125, 1522.681884765625]
[181.56117248535156, -352.4031066894531, 1507.4886474609375]
[200.84231567382812, -331.802734375, 1504.1365966796875]
[228.55030822753906, -307.935302734375, 1520.9573974609375]
[240.0661163330078, -300.2281799316406, 1526.04345703125]
[268.7276916503906, -265.5279846191406, 1560.361572265625]
[296.3888854980469, -263.14794921875, 1614.1265869140625]
[293.45050048828125, -231.97430419921875, 1693.253662109375]
[287.22882080078125, -230.68399047851562, 1726.57177734375]
[275.1067199707031, -236.8612060546875, 1780.99609375]
[271.8951110839844, -239.09373474121094, 1857.020263671875]
[232.96678161621094, -237.99217224121094, 1872.055908203125]
[225.81195068359375, -266.53350830078125, 1955.9552001953125]
[201.14804077148438, -272.4194030761719, 1971.7283935546875]
[165.48483276367188, -289.20208740234375, 1981.4229736328125]
[160.85391235351562, -283.78070068359375, 1968.480712890625]
[103.71459197998047, -319.6953430175781, 1916.97509765625]
[107.14260864257812, -343.3136901855469, 1808.3997802734375]
[101.78610229492188, -349.9246826171875, 1819.160400390625]
[135.85061645507812, -371.8247985839844, 1798.0458984375]
[138.8113555908203, -366.23797607421875, 1742.6397705078125]
[136.900390625, -365.1575927734375, 1708.967529296875]
[95.644775390625, -359.4192810058594, 1689.4886474609375]
[82.21961975097656, -344.50982666015625, 1692.9775390625]
[84.24311828613281, -353.0705261230469, 1670.039794921875]
[59.55336380004883, -412.3367004394531, 1570.3763427734375]
[46.092918395996094, -459.096435546875, 1514.0267333984375]
[38.91084671020508, -523.01025390625, 1432.056640625]
[51.70890426635742, -542.1473999023438, 1399.7401123046875]
[60.40302658081055, -543.262939453125, 1370.7559814453125]
[77.10616302490234, -527.1551513671875, 1339.4842529296875]
[85.86970520019531, -501.385986328125, 1322.8409423828125]
[111.08416748046875, -472.11431884765625, 1302.0263671875]
[117.77164459228516, -457.83551025390625, 1303.10546875]
[143.73721313476562, -429.1797180175781, 1305.0784912109375]
[164.9145050048828, -397.295654296875, 1307.646484375]
[177.43289184570312, -377.4466857910156, 1318.9742431640625]
[208.39956665039062, -338.7376708984375, 1278.3533935546875]
[186.3639678955078, -317.86627197265625, 1266.59375]
[172.62599182128906, -311.7372741699219, 1275.84423828125]
[161.42796325683594, -298.3356628417969, 1265.6109619140625]
[244.06211853027344, -389.0871887207031, 1350.625244140625]
[240.39340209960938, -400.9690246582031, 1358.9044189453125]
[251.2938995361328, -426.4280700683594, 1391.69482421875]
[270.3350830078125, -451.569091796875, 1373.416259765625]
[283.5673828125, -471.9397277832031, 1391.7818603515625]
[286.0899658203125, -492.0360412597656, 1418.3826904296875]
[291.23004150390625, -511.3360290527344, 1419.5340576171875]
[289.6958923339844, -521.3634643554688, 1428.05859375]
[306.2890319824219, -527.535888671875, 1414.38623046875]
[273.8233337402344, -572.3446655273438, 1387.71533203125]
[261.33465576171875, -562.3030395507812, 1395.22802734375]
[223.24456787109375, -530.3902587890625, 1377.9552001953125]
[220.28854370117188, -522.163818359375, 1388.1839599609375]
[204.73130798339844, -512.2210083007812, 1379.6881103515625]
[205.26210021972656, -483.3732604980469, 1391.3106689453125]
[201.3762664794922, -476.0115966796875, 1414.7406005859375]
[187.81304931640625, -488.8382568359375, 1422.8043212890625]
[186.20535278320312, -481.8165588378906, 1463.1219482421875]
[202.28196716308594, -481.1221618652344, 1498.873779296875]
[216.45664978027344, -486.2958984375, 1513.0311279296875]
[271.2740173339844, -530.7962036132812, 1500.4642333984375]
[291.43292236328125, -533.3762817382812, 1532.2333984375]
[318.21649169921875, -539.9332885742188, 1567.0548095703125]
[349.0692138671875, -543.50537109375, 1601.998779296875]
[384.7526550292969, -525.2557373046875, 1655.1822509765625]
[384.2334289550781, -475.8429260253906, 1691.945068359375]
[400.53546142578125, -440.63153076171875, 1741.0611572265625]
[419.5822448730469, -406.6481628417969, 1797.6641845703125]
[412.09564208984375, -337.98291015625, 1829.8388671875]
[384.18634033203125, -314.6518859863281, 1902.0538330078125]
[392.4592590332031, -299.42474365234375, 1951.049560546875]
[372.0286560058594, -279.604736328125, 1999.21923828125]
[328.7747802734375, -313.4950866699219, 1971.44580078125]
[311.4027099609375, -343.7770080566406, 2002.7923583984375]
[340.3784484863281, -340.2955017089844, 2088.385009765625]
[329.33966064453125, -338.3108825683594, 2101.9677734375]
[328.930908203125, -334.1866760253906, 2098.858154296875]
[341.53753662109375, -326.7501525878906, 2065.425048828125]
[356.71466064453125, -336.2476806640625, 1975.432861328125]
[359.34375, -324.66363525390625, 1973.986083984375]
[356.13580322265625, -338.98541259765625, 1961.6358642578125]
[346.90106201171875, -338.4818420410156, 1932.747802734375]
[330.42718505859375, -353.3349914550781, 1887.7325439453125]
[329.0624694824219, -405.9251403808594, 1840.775634765625]
[315.9656982421875, -427.4110412597656, 1813.216064453125]
[314.451171875, -491.78448486328125, 1811.2071533203125]
[337.1431884765625, -513.6041870117188, 1758.5506591796875]
[362.3489685058594, -515.7754516601562, 1742.5665283203125]
[349.7237854003906, -537.704833984375, 1735.4100341796875]
[328.1256408691406, -629.1239624023438, 1720.6153564453125]
[335.6951904296875, -606.041748046875, 1690.317626953125]
[345.0415954589844, -593.77490234375, 1690.024169921875]
[393.42791748046875, -628.2803955078125, 1732.832275390625]
[444.4340515136719, -602.96337890625, 1745.1917724609375]
[477.6400451660156, -640.65673828125, 1810.61962890625]
[538.5347900390625, -577.971435546875, 1874.06103515625]
[550.0375366210938, -579.4268798828125, 1853.4503173828125]
[605.0752563476562, -523.1572265625, 1962.3577880859375]
[596.985595703125, -438.91497802734375, 2051.72607421875]
[561.584228515625, -372.984375, 2125.119140625]
[517.31787109375, -337.37603759765625, 2155.64453125]
[477.03033447265625, -305.03271484375, 2210.2900390625]
[403.5635986328125, -265.5713806152344, 2211.097412109375]
[315.1197509765625, -208.94851684570312, 2210.708984375]
[349.1634216308594, -183.09535217285156, 2167.168212890625]
[398.4751281738281, -106.08534240722656, 2169.221923828125]
[330.54779052734375, -82.75540161132812, 2140.306396484375]
[311.11846923828125, -81.333251953125, 2108.659912109375]
[304.1622619628906, -29.89128303527832, 2118.316650390625]
[293.9364929199219, -0.5807876586914062, 2112.740234375]
[302.4218444824219, 5.481921195983887, 1853.25537109375]
[302.1033020019531, 52.149757385253906, 1817.5067138671875]
[313.4721374511719, 70.90975189208984, 1789.88330078125]
[305.01019287109375, 80.15596771240234, 1755.3570556640625]
[308.1809387207031, 78.47843933105469, 1734.4757080078125]
[326.6458435058594, 68.00144958496094, 1724.1712646484375]
[342.8498840332031, 57.48444747924805, 1739.273681640625]
[356.8509216308594, 47.59857177734375, 1769.4503173828125]
[367.4554748535156, -7.980182647705078, 1794.134765625]
[392.6435852050781, -44.09376525878906, 1828.81884765625]
[422.9389343261719, -74.28852844238281, 1859.7694091796875]
[436.5505065917969, -120.09453582763672, 1913.344970703125]
[446.77215576171875, -178.48568725585938, 1972.3670654296875]
[439.9683532714844, -223.6993865966797, 2003.845947265625]
[429.911865234375, -282.81884765625, 2084.13818359375]
[417.19061279296875, -336.0897216796875, 2152.85546875]
[408.8054504394531, -377.0027770996094, 2174.323974609375]
[407.3587341308594, -419.06329345703125, 2159.728515625]
[425.5711364746094, -445.79278564453125, 2148.996337890625]
[431.2502136230469, -439.142333984375, 2147.938720703125]
[452.2063293457031, -445.73681640625, 2132.0380859375]
[459.7568359375, -439.7320556640625, 2111.017822265625]
[458.216552734375, -421.6142272949219, 2081.82275390625]
[448.79034423828125, -409.16156005859375, 2065.818603515625]
[426.9574279785156, -385.8984680175781, 2054.351806640625]
[411.2049865722656, -372.7838439941406, 2032.2230224609375]
[394.866455078125, -371.984130859375, 2016.5582275390625]
[367.45111083984375, -374.8594665527344, 1982.0037841796875]
[362.5682067871094, -374.2525634765625, 1973.40478515625]
[393.92578125, -286.47076416015625, 1867.8521728515625]
[399.07830810546875, -244.751953125, 1847.5098876953125]
[322.1045227050781, -337.2789611816406, 1865.9639892578125]
[316.119140625, -398.1583557128906, 1863.7589111328125]
[322.0129089355469, -427.9468688964844, 1811.82763671875]
[327.2185974121094, -415.0174560546875, 1789.846435546875]
[282.1489562988281, -460.126953125, 1703.2569580078125]
[260.9781494140625, -465.6150817871094, 1631.9881591796875]
[258.6258850097656, -469.58502197265625, 1607.820556640625]
[256.85394287109375, -467.5237121582031, 1568.6719970703125]
[269.03094482421875, -452.5953063964844, 1523.6165771484375]
[276.1774597167969, -434.8150939941406, 1474.3953857421875]
[299.86029052734375, -409.365966796875, 1440.574462890625]
[308.4804382324219, -357.5185241699219, 1399.6251220703125]
[313.8123779296875, -339.01983642578125, 1385.3629150390625]
[306.9715270996094, -334.9825744628906, 1383.4068603515625]
[300.030029296875, -312.72491455078125, 1386.4786376953125]
[300.996826171875, -292.80242919921875, 1404.2027587890625]
[310.8804016113281, -284.12457275390625, 1417.290283203125]
[318.5947570800781, -276.455810546875, 1456.204833984375]
[317.8943176269531, -258.8287353515625, 1475.3023681640625]
[322.8504943847656, -233.83316040039062, 1476.8857421875]
[352.2629089355469, -187.57809448242188, 1503.2679443359375]
[348.158203125, -163.10595703125, 1494.8408203125]
[345.79046630859375, -148.44769287109375, 1491.5269775390625]
[330.7183532714844, -149.1598358154297, 1452.7762451171875]
[303.1098327636719, -133.6321563720703, 1433.69482421875]
[314.0122985839844, -182.5092315673828, 1342.4893798828125]
[280.6814270019531, -229.6334991455078, 1303.825439453125]
[258.6075744628906, -245.01031494140625, 1285.248291015625]
[245.24154663085938, -267.4643859863281, 1272.9412841796875]
[229.2887420654297, -287.2673645019531, 1250.9207763671875]
[223.2756805419922, -293.70574951171875, 1246.349853515625]
[224.45509338378906, -296.79052734375, 1246.8165283203125]
[230.3502960205078, -306.4972229003906, 1252.501708984375]
[238.35806274414062, -343.4194030761719, 1246.917724609375]
[232.99000549316406, -364.838134765625, 1250.6773681640625]
[230.1868438720703, -373.32476806640625, 1254.1317138671875]
[226.96527099609375, -384.87335205078125, 1251.1468505859375]
[221.8629608154297, -406.1501159667969, 1251.2860107421875]
[198.99781799316406, -415.5595703125, 1250.6070556640625]
[169.57505798339844, -429.6614074707031, 1261.3885498046875]
[159.33131408691406, -432.7099914550781, 1267.505859375]
[114.95077514648438, -425.9087829589844, 1271.2584228515625]
[80.13553619384766, -446.4842529296875, 1283.9752197265625]
[46.416358947753906, -456.55328369140625, 1290.697998046875]
[16.367271423339844, -473.0869140625, 1295.531494140625]
[-24.62261962890625, -504.4800720214844, 1301.8900146484375]
[-64.1241226196289, -536.266845703125, 1302.575927734375]
[-168.8439178466797, -459.3858642578125, 1309.0513916015625]
[-128.67047119140625, -591.802490234375, 1296.4664306640625]
[-157.92677307128906, -611.8173828125, 1286.835205078125]
[-182.32933044433594, -619.3012084960938, 1280.70458984375]
[-228.1800537109375, -604.8228759765625, 1283.0732421875]
[-263.7395935058594, -608.4508666992188, 1301.9149169921875]
[-288.4169921875, -564.62158203125, 1310.874267578125]
[-324.673583984375, -551.5853881835938, 1318.5933837890625]
[-352.99298095703125, -527.4656372070312, 1363.4830322265625]
[-365.736083984375, -511.7888488769531, 1445.18994140625]
[-415.189208984375, -471.8050842285156, 1480.4251708984375]
[-435.2017822265625, -386.6205139160156, 1516.9423828125]
[-468.2572021484375, -337.93377685546875, 1545.9482421875]
[-466.5166931152344, -321.9542541503906, 1598.25390625]
[-462.60406494140625, -308.9288330078125, 1612.1656494140625]
[-439.8926696777344, -328.356689453125, 1616.673583984375]
[-414.94158935546875, -330.0261535644531, 1638.93701171875]
[-385.2574157714844, -350.06396484375, 1663.725830078125]
[-357.9449462890625, -364.3870849609375, 1684.042724609375]
[-332.1727600097656, -375.6251220703125, 1706.048095703125]
[-296.4425354003906, -379.476806640625, 1689.5189208984375]
[-295.4519348144531, -401.315673828125, 1760.2305908203125]
[-298.4136047363281, -392.66925048828125, 1805.1644287109375]
[-293.7347106933594, -393.70159912109375, 1829.7208251953125]
[-276.79351806640625, -410.2506408691406, 1884.76806640625]
[-259.552978515625, -374.76275634765625, 1917.47265625]
[-237.9156494140625, -482.5007019042969, 1946.9630126953125]
[-204.40237426757812, -446.3705139160156, 1971.1148681640625]
[-184.04905700683594, -385.69708251953125, 1954.9378662109375]
[-120.17503356933594, -335.91473388671875, 1829.5771484375]
[-26.829347610473633, -323.50653076171875, 1763.205078125]
[62.129573822021484, -303.65252685546875, 1920.3599853515625]
[168.51736450195312, -400.29736328125, 1920.206298828125]
[161.37664794921875, -371.1910705566406, 1946.567138671875]
[98.96452331542969, -245.08251953125, 1934.6241455078125]
[135.31602478027344, -256.7450256347656, 1897.6241455078125]
[181.41123962402344, -439.87939453125, 1701.79296875]
[194.8377685546875, -537.982666015625, 1766.720947265625]
[218.27285766601562, -637.9147338867188, 1848.525390625]
[232.17489624023438, -613.441650390625, 1877.8211669921875]
[244.84249877929688, -585.59765625, 1869.1409912109375]
[260.5783996582031, -557.0994873046875, 1892.288818359375]
[289.0655517578125, -521.41796875, 1883.6324462890625]
[331.3361511230469, -500.14044189453125, 1848.676025390625]
[361.7269592285156, -481.69708251953125, 1818.29931640625]
[394.2897033691406, -442.887939453125, 1797.71484375]
[415.4835510253906, -429.120361328125, 1758.9581298828125]
[417.41314697265625, -409.7308654785156, 1734.29833984375]
[415.6231994628906, -395.287109375, 1713.33056640625]
[403.7676086425781, -386.5829162597656, 1702.3990478515625]
[402.1790771484375, -384.8463134765625, 1708.6343994140625]
[397.6118469238281, -383.99420166015625, 1700.3148193359375]
[382.7502746582031, -414.3344421386719, 1705.970458984375]
[357.5506591796875, -398.1350402832031, 1709.93994140625]
[329.7612609863281, -398.49127197265625, 1713.7489013671875]
[343.3316955566406, -352.5804443359375, 1763.37451171875]
[375.1388854980469, -330.3019104003906, 1779.97265625]
[372.805908203125, -317.4328918457031, 1821.776123046875]
[377.54534912109375, -325.1200866699219, 1881.5970458984375]
[379.4210510253906, -325.87677001953125, 1889.8233642578125]
[405.8453369140625, -303.0948791503906, 1975.736572265625]
[392.30511474609375, -297.4151306152344, 2027.93603515625]
[410.0613708496094, -335.18121337890625, 2016.5162353515625]
[412.0065612792969, -338.0581970214844, 2060.459228515625]
[406.81170654296875, -300.4531555175781, 2114.529052734375]
[374.7917175292969, -266.41290283203125, 2132.67138671875]
[356.3855285644531, -270.5141906738281, 2174.93798828125]
[362.69677734375, -295.2923583984375, 2194.47265625]
[356.6450500488281, -325.18878173828125, 2187.9814453125]
[361.11529541015625, -337.8288269042969, 2207.69873046875]
[357.71484375, -354.2806396484375, 2216.1572265625]
[342.05645751953125, -366.3013000488281, 2235.430419921875]
[354.71002197265625, -377.6539001464844, 2249.947998046875]
[361.33990478515625, -396.574951171875, 2269.3642578125]
[369.35400390625, -472.32977294921875, 2170.617919921875]
[372.6101989746094, -511.93792724609375, 2148.100830078125]
[393.456787109375, -516.5276489257812, 2149.544189453125]
[388.4753112792969, -531.38427734375, 2126.607177734375]
[389.9984436035156, -505.254150390625, 2091.68505859375]
[371.64239501953125, -498.8247375488281, 2081.15185546875]
[333.4720153808594, -447.1894836425781, 2038.372802734375]
[326.97613525390625, -451.39349365234375, 2003.69189453125]
[309.33074951171875, -449.2979736328125, 1983.1402587890625]
[292.9467468261719, -452.3354797363281, 1956.7437744140625]
[274.4955749511719, -445.15228271484375, 1939.4388427734375]
[258.15771484375, -427.4437561035156, 1917.740478515625]
[249.49481201171875, -409.8895263671875, 1874.753173828125]
[237.04379272460938, -389.7683410644531, 1846.3883056640625]
[229.3197479248047, -366.669677734375, 1824.3089599609375]
[225.1079864501953, -332.32781982421875, 1801.7103271484375]
[224.1508026123047, -308.3138427734375, 1790.8857421875]
[224.34075927734375, -290.9525146484375, 1780.968994140625]
[212.5279083251953, -263.3497619628906, 1774.8878173828125]
[212.5542755126953, -246.12159729003906, 1772.078369140625]
[221.86676025390625, -214.6195068359375, 1778.39990234375]
[221.75872802734375, -207.18577575683594, 1775.7415771484375]
[213.38941955566406, -205.91172790527344, 1782.80224609375]
[207.86473083496094, -197.7717742919922, 1780.594970703125]
[208.37744140625, -199.9767608642578, 1784.6507568359375]
[202.64019775390625, -208.0733184814453, 1784.9517822265625]
[200.6302490234375, -216.3062744140625, 1782.786865234375]
[205.8411407470703, -221.253662109375, 1785.8560791015625]
[223.46511840820312, -222.2142791748047, 1806.94677734375]
[241.8088836669922, -229.47598266601562, 1840.0521240234375]
[244.06761169433594, -214.76187133789062, 1885.7486572265625]
[298.41656494140625, -213.3850555419922, 1905.94482421875]
[327.86541748046875, -218.06033325195312, 1933.1021728515625]
[358.87005615234375, -224.94149780273438, 1998.434814453125]
[348.6059875488281, -230.7298583984375, 2035.239990234375]
[334.26690673828125, -228.462890625, 2070.43408203125]
[320.1766052246094, -242.86099243164062, 2105.50830078125]
[287.2712097167969, -271.1131591796875, 2173.440185546875]
[217.3623046875, -238.49803161621094, 2171.92822265625]
[196.81480407714844, -87.3719482421875, 1986.0458984375]
[197.52996826171875, -67.86878204345703, 1901.393310546875]
[181.25328063964844, -62.91034698486328, 1872.4228515625]
[166.0158233642578, -70.91936492919922, 1860.6585693359375]
[201.46287536621094, -103.3402099609375, 1787.05810546875]
[148.14549255371094, -112.06163787841797, 1829.962158203125]
[124.92301177978516, -108.69367218017578, 1816.9822998046875]
[117.94808959960938, -120.66522216796875, 1802.0341796875]
