452
30
[337.32434082, 1018.56938171, 1005.74975586]
[332.07363892, 1025.51361084, 1000.31591797]
[337.44458008, 1026.65168762, 996.44934082]
[340.05001831, 1023.2454834, 998.90588379]
[342.84988403, 1015.30291748, 1001.3425293]
[346.6489563, 1014.80671692, 1002.48498535]
[349.70761108, 1014.82881165, 1002.42944336]
[359.77639771, 1010.60714722, 1005.94665527]
[364.57473755, 1011.47892761, 1008.15771484]
[365.82772827, 1015.63305664, 1000.80371094]
[367.43792725, 1014.05749512, 1002.10620117]
[370.14874268, 1014.60336304, 1000.15539551]
[370.71646118, 1013.96153259, 998.17700195]
[371.06930542, 1012.72593689, 997.62695312]
[376.10009766, 1008.4112854, 997.77331543]
[380.18600464, 1008.82038879, 996.0279541]
[385.13330078, 1011.01675415, 994.00366211]
[388.76052856, 1011.57949829, 989.90673828]
[390.11340332, 1011.65596008, 988.33703613]
[392.6685791, 1016.20352173, 987.33898926]
[394.50820923, 1017.35813904, 980.63342285]
[397.97753906, 1016.44087219, 975.95544434]
[396.51699829, 1016.78967285, 971.11645508]
[396.57418823, 1015.96789551, 964.59753418]
[395.87557983, 1016.04177856, 961.25878906]
[395.8526001, 1014.65324402, 958.29711914]
[394.42224121, 1014.1703949, 953.37890625]
[393.34350586, 1013.69026184, 951.14257812]
[393.51989746, 1012.05128479, 951.63427734]
[392.66311646, 1010.01522827, 951.74511719]
[390.85339355, 1009.05732727, 948.89404297]
[390.04946899, 1008.93139648, 947.71691895]
[388.10638428, 1008.07623291, 946.19140625]
[380.89459229, 993.31019592, 939.68554688]
[380.90060425, 983.43151855, 935.55651855]
[376.953125, 985.76893616, 917.3807373]
[377.08621216, 985.70532227, 917.26538086]
[368.71932983, 1002.98057556, 859.92163086]
[373.99435425, 1013.35720825, 834.1817627]
[386.34552002, 1017.16697693, 811.71325684]
[378.02035522, 1021.92875671, 792.84680176]
[374.15899658, 1045.97473145, 789.32885742]
[371.41156006, 1053.56843567, 811.58056641]
[351.72015381, 1086.89828491, 842.39453125]
[350.51773071, 1101.94528198, 856.27026367]
[341.55819702, 1121.80618286, 884.38122559]
[341.74908447, 1119.19036865, 912.2800293]
[345.74624634, 1112.1234436, 949.74047852]
[328.9017334, 1086.04425049, 970.26171875]
[273.62307739, 1096.15484619, 970.68530273]
[310.55780029, 1101.12802124, 997.1541748]
[262.49502563, 1091.78845215, 1036.70861816]
[241.9957428, 1103.20098877, 1103.37744141]
[235.05470276, 1101.32489014, 1100.40258789]
[218.15818787, 1138.97903442, 1088.91577148]
[246.81010437, 1196.12625122, 1060.76733398]
[279.9614563, 1262.58728027, 1047.20043945]
[284.5871582, 1277.24176025, 1022.66809082]
[297.14404297, 1275.46151733, 975.05688477]
[297.04412842, 1330.9831543, 945.64318848]
[313.57305908, 1377.81207275, 954.6262207]
[331.6605835, 1411.65307617, 925.10229492]
[331.74420166, 1436.54693604, 917.73962402]
[307.99023438, 1463.42498779, 878.60839844]
[291.8394165, 1494.1305542, 877.96325684]
[327.81445312, 1529.04290771, 859.78015137]
[316.81231689, 1545.32037354, 812.92358398]
[319.41326904, 1562.86096191, 788.27624512]
[326.75616455, 1573.95690918, 717.99707031]
[322.27084351, 1594.46246338, 684.00256348]
[320.48934937, 1588.39886475, 552.29089355]
[310.51748657, 1555.97808838, 466.74182129]
[299.12631226, 1549.67315674, 405.60754395]
[276.26757812, 1553.96972656, 392.01904297]
[236.61669922, 1568.22265625, 337.69750977]
[214.65385437, 1563.06884766, 301.51147461]
[214.07389832, 1559.42144775, 280.05419922]
[195.57098389, 1547.76092529, 283.40771484]
[191.36686707, 1526.89453125, 281.1081543]
[199.79429626, 1525.73120117, 340.06713867]
[228.72763062, 1524.96075439, 402.97741699]
[229.38780212, 1443.79248047, 395.76660156]
[222.38964844, 1445.71087646, 464.78710938]
[175.7038269, 1437.67858887, 603.921875]
[149.57528687, 1426.87860107, 666.01049805]
[145.76638794, 1411.12597656, 678.82983398]
[132.95210266, 1393.6114502, 694.36730957]
[124.71257019, 1389.29919434, 697.27856445]
[117.31285095, 1370.03912354, 691.53015137]
[115.64077759, 1364.38348389, 688.64904785]
[124.22257996, 1366.21624756, 684.99584961]
[119.94184875, 1371.06958008, 673.67724609]
[120.78522491, 1372.30053711, 663.19433594]
[123.09481049, 1346.90283203, 592.19421387]
[109.17240143, 1349.60418701, 583.1081543]
[81.30706787, 1365.43078613, 575.60620117]
[49.46404648, 1370.69854736, 568.78833008]
[7.75498152, 1363.54382324, 546.2043457]
[-43.20062637, 1334.1439209, 529.80688477]
[-110.05724335, 1308.3421936, 499.76904297]
[-167.4839325, 1268.64382935, 511.8873291]
[-220.06114197, 1250.54107666, 503.73974609]
[-276.64434814, 1233.97363281, 511.07495117]
[-330.04953003, 1213.46688843, 510.15185547]
[-371.11724854, 1211.43264771, 516.73974609]
[-386.91601562, 1209.08795166, 548.35083008]
[-410.76065063, 1219.17993164, 575.77978516]
[-422.68716431, 1242.51797485, 613.39294434]
[-436.82635498, 1261.25274658, 650.49194336]
[-449.46813965, 1289.47268677, 690.65478516]
[-447.72634888, 1306.22927856, 722.94042969]
[-435.44918823, 1302.9934082, 754.98840332]
[-376.96356201, 1309.52999878, 827.56298828]
[-326.51980591, 1289.60919189, 826.96740723]
[-251.28755188, 1283.66845703, 825.75622559]
[-215.61428833, 1245.03869629, 853.64343262]
[-98.12064362, 1220.17800903, 773.99401855]
[-74.46503448, 1186.1026001, 703.2376709]
[-30.21147919, 1200.77264404, 685.49328613]
[4.7080965, 1205.75476074, 672.28820801]
[15.54545784, 1185.47940063, 643.93322754]
[24.72932625, 1165.19647217, 637.29492188]
[24.78666687, 1259.16870117, 671.64697266]
[53.4331665, 1274.59735107, 651.86547852]
[60.97410583, 1209.98873901, 648.36975098]
[78.40373993, 1258.21484375, 631.98974609]
[126.2033844, 1303.68911743, 608.01293945]
[146.91737366, 1292.80737305, 594.2286377]
[172.86413574, 1289.34942627, 586.27490234]
[195.11251831, 1276.59161377, 557.79943848]
[198.00090027, 1251.10025024, 559.55175781]
[209.17964172, 1232.22885132, 551.53442383]
[216.87893677, 1199.20697021, 550.83654785]
[242.74731445, 1172.05743408, 559.84423828]
[249.71466064, 1160.33612061, 583.14648438]
[253.54656982, 1150.38424683, 594.33886719]
[236.59771729, 1160.4871521, 589.87207031]
[221.40782166, 1173.89651489, 596.73132324]
[211.01423645, 1188.66867065, 584.51452637]
[203.34532166, 1199.76800537, 584.19104004]
[190.46243286, 1200.64663696, 567.94885254]
[175.9168396, 1183.96640015, 537.40454102]
[173.07305908, 1171.33325195, 522.68188477]
[181.56117249, 1152.40310669, 507.48864746]
[200.84231567, 1131.80273438, 504.13659668]
[228.55030823, 1107.93530273, 520.95739746]
[240.06611633, 1100.22817993, 526.04345703]
[268.72769165, 1065.52798462, 560.36157227]
[296.3888855, 1063.14794922, 614.12658691]
[293.45050049, 1031.9743042, 693.25366211]
[287.2288208, 1030.68399048, 726.57177734]
[275.10671997, 1036.86120605, 780.99609375]
[271.89511108, 1039.09373474, 857.02026367]
[232.96678162, 1037.99217224, 872.0559082]
[225.81195068, 1066.5335083, 955.9552002]
[201.14804077, 1072.41940308, 971.72839355]
[165.48483276, 1089.2020874, 981.42297363]
[160.85391235, 1083.78070068, 968.48071289]
[103.71459198, 1119.69534302, 916.97509766]
[107.14260864, 1143.31369019, 808.39978027]
[101.78610229, 1149.92468262, 819.16040039]
[135.85061646, 1171.82479858, 798.04589844]
[138.81135559, 1166.23797607, 742.63977051]
[136.90039062, 1165.15759277, 708.9675293]
[95.64477539, 1159.41928101, 689.48864746]
[82.21961975, 1144.50982666, 692.97753906]
[84.24311829, 1153.07052612, 670.03979492]
[59.5533638, 1212.33670044, 570.37634277]
[46.0929184, 1259.09643555, 514.0267334]
[38.91084671, 1323.01025391, 432.05664062]
[51.70890427, 1342.1473999, 399.7401123]
[60.40302658, 1343.26293945, 370.75598145]
[77.10616302, 1327.15515137, 339.48425293]
[85.8697052, 1301.38598633, 322.84094238]
[111.08416748, 1272.11431885, 302.02636719]
[117.77164459, 1257.83551025, 303.10546875]
[143.73721313, 1229.17971802, 305.07849121]
[164.914505, 1197.2956543, 307.64648438]
[177.43289185, 1177.44668579, 318.97424316]
[208.39956665, 1138.7376709, 278.35339355]
[186.3639679, 1117.86627197, 266.59375]
[172.62599182, 1111.73727417, 275.84423828]
[161.42796326, 1098.33566284, 265.61096191]
[244.06211853, 1189.08718872, 350.62524414]
[240.3934021, 1200.96902466, 358.90441895]
[251.29389954, 1226.42807007, 391.69482422]
[270.33508301, 1251.5690918, 373.41625977]
[283.56738281, 1271.93972778, 391.78186035]
[286.08996582, 1292.03604126, 418.38269043]
[291.2300415, 1311.33602905, 419.53405762]
[289.69589233, 1321.36346436, 428.05859375]
[306.28903198, 1327.53588867, 414.38623047]
[273.82333374, 1372.34466553, 387.71533203]
[261.33465576, 1362.30303955, 395.22802734]
[223.24456787, 1330.39025879, 377.9552002]
[220.2885437, 1322.16381836, 388.18395996]
[204.73130798, 1312.2210083, 379.68811035]
[205.26210022, 1283.3732605, 391.31066895]
[201.37626648, 1276.01159668, 414.74060059]
[187.81304932, 1288.83825684, 422.80432129]
[186.20535278, 1281.81655884, 463.12194824]
[202.28196716, 1281.12216187, 498.8737793]
[216.45664978, 1286.29589844, 513.03112793]
[271.27401733, 1330.79620361, 500.4642334]
[291.43292236, 1333.37628174, 532.23339844]
[318.2164917, 1339.93328857, 567.05480957]
[349.06921387, 1343.50537109, 601.9987793]
[384.75265503, 1325.2557373, 655.18225098]
[384.23342896, 1275.84292603, 691.94506836]
[400.53546143, 1240.63153076, 741.06115723]
[419.58224487, 1206.64816284, 797.66418457]
[412.09564209, 1137.98291016, 829.83886719]
[384.18634033, 1114.65188599, 902.05383301]
[392.45925903, 1099.42474365, 951.04956055]
[372.02865601, 1079.60473633, 999.21923828]
[328.77478027, 1113.49508667, 971.44580078]
[311.40270996, 1143.77700806, 1002.7923584]
[340.37844849, 1140.29550171, 1088.38500977]
[329.33966064, 1138.31088257, 1101.96777344]
[328.9309082, 1134.18667603, 1098.8581543]
[341.53753662, 1126.75015259, 1065.42504883]
[356.71466064, 1136.24768066, 975.43286133]
[359.34375, 1124.66363525, 973.98608398]
[356.13580322, 1138.9854126, 961.63586426]
[346.90106201, 1138.48184204, 932.74780273]
[330.42718506, 1153.33499146, 887.73254395]
[329.06246948, 1205.92514038, 840.77563477]
[315.96569824, 1227.41104126, 813.21606445]
[314.45117188, 1291.78448486, 811.20715332]
[337.14318848, 1313.60418701, 758.55065918]
[362.34896851, 1315.77545166, 742.56652832]
[349.7237854, 1337.70483398, 735.41003418]
[328.12564087, 1429.1239624, 720.61535645]
[335.69519043, 1406.04174805, 690.31762695]
[345.04159546, 1393.77490234, 690.02416992]
[393.42791748, 1428.28039551, 732.83227539]
[444.43405151, 1402.96337891, 745.19177246]
[477.64004517, 1440.65673828, 810.61962891]
[538.53479004, 1377.97143555, 874.06103516]
[550.03753662, 1379.42687988, 853.45031738]
[605.07525635, 1323.15722656, 962.35778809]
[596.9855957, 1238.91497803, 1051.72607422]
[561.58422852, 1172.984375, 1125.11914062]
[517.31787109, 1137.3760376, 1155.64453125]
[477.03033447, 1105.03271484, 1210.29003906]
[403.56359863, 1065.57138062, 1211.09741211]
[315.11975098, 1008.94851685, 1210.70898438]
[349.16342163, 983.09535217, 1167.16821289]
[398.47512817, 906.08534241, 1169.22192383]
[330.54779053, 882.75540161, 1140.30639648]
[311.11846924, 881.33325195, 1108.65991211]
[304.16226196, 829.89128304, 1118.31665039]
[293.93649292, 800.58078766, 1112.74023438]
[302.42184448, 794.5180788, 853.25537109]
[302.103302, 747.85024261, 817.50671387]
[313.47213745, 729.09024811, 789.88330078]
[305.01019287, 719.84403229, 755.35705566]
[308.18093872, 721.52156067, 734.47570801]
[326.64584351, 731.99855042, 724.17126465]
[342.84988403, 742.51555252, 739.27368164]
[356.85092163, 752.40142822, 769.45031738]
[367.45547485, 807.98018265, 794.13476562]
[392.64358521, 844.09376526, 828.81884766]
[422.93893433, 874.28852844, 859.76940918]
[436.55050659, 920.09453583, 913.3449707]
[446.77215576, 978.48568726, 972.36706543]
[439.96835327, 1023.6993866, 1003.84594727]
[429.91186523, 1082.81884766, 1084.13818359]
[417.19061279, 1136.08972168, 1152.85546875]
[408.80545044, 1177.0027771, 1174.32397461]
[407.35873413, 1219.06329346, 1159.72851562]
[425.57113647, 1245.79278564, 1148.99633789]
[431.25021362, 1239.14233398, 1147.9387207]
[452.20632935, 1245.73681641, 1132.03808594]
[459.75683594, 1239.73205566, 1111.01782227]
[458.21655273, 1221.61422729, 1081.82275391]
[448.79034424, 1209.16156006, 1065.81860352]
[426.95742798, 1185.89846802, 1054.35180664]
[411.20498657, 1172.78384399, 1032.22302246]
[394.86645508, 1171.98413086, 1016.55822754]
[367.45111084, 1174.85946655, 982.00378418]
[362.56820679, 1174.25256348, 973.40478516]
[393.92578125, 1086.47076416, 867.85217285]
[399.07830811, 1044.75195312, 847.5098877]
[322.10452271, 1137.27896118, 865.96398926]
[316.11914062, 1198.15835571, 863.75891113]
[322.01290894, 1227.9468689, 811.82763672]
[327.21859741, 1215.01745605, 789.84643555]
[282.1489563, 1260.12695312, 703.25695801]
[260.97814941, 1265.61508179, 631.98815918]
[258.62588501, 1269.58502197, 607.82055664]
[256.85394287, 1267.52371216, 568.67199707]
[269.03094482, 1252.5953064, 523.61657715]
[276.17745972, 1234.81509399, 474.39538574]
[299.86029053, 1209.3659668, 440.57446289]
[308.48043823, 1157.51852417, 399.62512207]
[313.81237793, 1139.01983643, 385.36291504]
[306.9715271, 1134.98257446, 383.40686035]
[300.0300293, 1112.72491455, 386.4786377]
[300.99682617, 1092.8024292, 404.20275879]
[310.88040161, 1084.12457275, 417.2902832]
[318.59475708, 1076.45581055, 456.20483398]
[317.89431763, 1058.82873535, 475.30236816]
[322.85049438, 1033.8331604, 476.88574219]
[352.26290894, 987.57809448, 503.26794434]
[348.15820312, 963.10595703, 494.84082031]
[345.79046631, 948.44769287, 491.52697754]
[330.71835327, 949.15983582, 452.77624512]
[303.10983276, 933.63215637, 433.69482422]
[314.01229858, 982.50923157, 342.48937988]
[280.681427, 1029.63349915, 303.82543945]
[258.60757446, 1045.01031494, 285.24829102]
[245.24154663, 1067.46438599, 272.94128418]
[229.28874207, 1087.2673645, 250.92077637]
[223.27568054, 1093.70574951, 246.34985352]
[224.45509338, 1096.79052734, 246.81652832]
[230.35029602, 1106.4972229, 252.50170898]
[238.35806274, 1143.41940308, 246.91772461]
[232.99000549, 1164.83813477, 250.67736816]
[230.18684387, 1173.32476807, 254.13171387]
[226.965271, 1184.87335205, 251.14685059]
[221.86296082, 1206.15011597, 251.28601074]
[198.99781799, 1215.55957031, 250.60705566]
[169.57505798, 1229.66140747, 261.3885498]
[159.33131409, 1232.70999146, 267.50585938]
[114.95077515, 1225.90878296, 271.25842285]
[80.13553619, 1246.48425293, 283.97521973]
[46.41635895, 1256.55328369, 290.69799805]
[16.36727142, 1273.08691406, 295.53149414]
[-24.62261963, 1304.48007202, 301.89001465]
[-64.12412262, 1336.2668457, 302.57592773]
[-168.84391785, 1259.38586426, 309.0513916]
[-128.67047119, 1391.80249023, 296.46643066]
[-157.92677307, 1411.81738281, 286.83520508]
[-182.32933044, 1419.3012085, 280.70458984]
[-228.18005371, 1404.82287598, 283.07324219]
[-263.73959351, 1408.4508667, 301.91491699]
[-288.41699219, 1364.62158203, 310.87426758]
[-324.67358398, 1351.58538818, 318.59338379]
[-352.99298096, 1327.46563721, 363.48303223]
[-365.73608398, 1311.78884888, 445.18994141]
[-415.18920898, 1271.80508423, 480.4251709]
[-435.20178223, 1186.62051392, 516.94238281]
[-468.25720215, 1137.93377686, 545.94824219]
[-466.51669312, 1121.95425415, 598.25390625]
[-462.60406494, 1108.92883301, 612.16564941]
[-439.89266968, 1128.35668945, 616.67358398]
[-414.94158936, 1130.02615356, 638.93701172]
[-385.25741577, 1150.06396484, 663.72583008]
[-357.94494629, 1164.38708496, 684.04272461]
[-332.17276001, 1175.62512207, 706.0480957]
[-296.4425354, 1179.47680664, 689.5189209]
[-295.45193481, 1201.31567383, 760.23059082]
[-298.41360474, 1192.66925049, 805.16442871]
[-293.73471069, 1193.70159912, 829.7208252]
[-276.79351807, 1210.25064087, 884.76806641]
[-259.55297852, 1174.76275635, 917.47265625]
[-237.91564941, 1282.5007019, 946.9630127]
[-204.40237427, 1246.37051392, 971.11486816]
[-184.04905701, 1185.69708252, 954.93786621]
[-120.17503357, 1135.91473389, 829.57714844]
[-26.82934761, 1123.50653076, 763.20507812]
[62.12957382, 1103.65252686, 920.35998535]
[168.5173645, 1200.29736328, 920.20629883]
[161.37664795, 1171.19107056, 946.56713867]
[98.96452332, 1045.08251953, 934.62414551]
[135.31602478, 1056.74502563, 897.62414551]
[181.41123962, 1239.87939453, 701.79296875]
[194.83776855, 1337.98266602, 766.72094727]
[218.27285767, 1437.91473389, 848.52539062]
[232.17489624, 1413.44165039, 877.82116699]
[244.84249878, 1385.59765625, 869.14099121]
[260.57839966, 1357.0994873, 892.28881836]
[289.06555176, 1321.41796875, 883.63244629]
[331.33615112, 1300.14044189, 848.67602539]
[361.72695923, 1281.69708252, 818.29931641]
[394.28970337, 1242.88793945, 797.71484375]
[415.48355103, 1229.12036133, 758.95812988]
[417.41314697, 1209.73086548, 734.29833984]
[415.62319946, 1195.28710938, 713.33056641]
[403.76760864, 1186.58291626, 702.39904785]
[402.17907715, 1184.84631348, 708.63439941]
[397.61184692, 1183.99420166, 700.31481934]
[382.75027466, 1214.33444214, 705.97045898]
[357.55065918, 1198.13504028, 709.93994141]
[329.76126099, 1198.49127197, 713.74890137]
[343.33169556, 1152.58044434, 763.37451172]
[375.1388855, 1130.3019104, 779.97265625]
[372.8059082, 1117.43289185, 821.77612305]
[377.54534912, 1125.12008667, 881.5970459]
[379.42105103, 1125.87677002, 889.82336426]
[405.84533691, 1103.09487915, 975.73657227]
[392.30511475, 1097.41513062, 1027.93603516]
[410.06137085, 1135.18121338, 1016.51623535]
[412.00656128, 1138.05819702, 1060.45922852]
[406.81170654, 1100.45315552, 1114.52905273]
[374.79171753, 1066.41290283, 1132.67138672]
[356.38552856, 1070.51419067, 1174.93798828]
[362.69677734, 1095.2923584, 1194.47265625]
[356.64505005, 1125.18878174, 1187.98144531]
[361.11529541, 1137.8288269, 1207.69873047]
[357.71484375, 1154.28063965, 1216.15722656]
[342.05645752, 1166.30130005, 1235.43041992]
[354.71002197, 1177.65390015, 1249.94799805]
[361.33990479, 1196.57495117, 1269.36425781]
[369.35400391, 1272.32977295, 1170.61791992]
[372.61019897, 1311.93792725, 1148.10083008]
[393.45678711, 1316.52764893, 1149.54418945]
[388.47531128, 1331.38427734, 1126.60717773]
[389.9984436, 1305.25415039, 1091.68505859]
[371.64239502, 1298.82473755, 1081.15185547]
[333.47201538, 1247.18948364, 1038.37280273]
[326.97613525, 1251.39349365, 1003.69189453]
[309.33074951, 1249.29797363, 983.14025879]
[292.94674683, 1252.33547974, 956.74377441]
[274.49557495, 1245.15228271, 939.43884277]
[258.15771484, 1227.4437561, 917.74047852]
[249.49481201, 1209.88952637, 874.75317383]
[237.04379272, 1189.76834106, 846.38830566]
[229.31974792, 1166.66967773, 824.30895996]
[225.10798645, 1132.32781982, 801.71032715]
[224.15080261, 1108.31384277, 790.88574219]
[224.34075928, 1090.95251465, 780.96899414]
[212.52790833, 1063.34976196, 774.88781738]
[212.55427551, 1046.12159729, 772.07836914]
[221.86676025, 1014.61950684, 778.39990234]
[221.75872803, 1007.18577576, 775.74157715]
[213.38941956, 1005.91172791, 782.80224609]
[207.86473083, 997.77177429, 780.5949707]
[208.37744141, 999.97676086, 784.65075684]
[202.64019775, 1008.07331848, 784.95178223]
[200.63024902, 1016.30627441, 782.78686523]
[205.84114075, 1021.25366211, 785.8560791]
[223.46511841, 1022.21427917, 806.94677734]
[241.80888367, 1029.47598267, 840.05212402]
[244.06761169, 1014.76187134, 885.74865723]
[298.41656494, 1013.38505554, 905.94482422]
[327.86541748, 1018.06033325, 933.10217285]
[358.87005615, 1024.9414978, 998.43481445]
[348.60598755, 1030.7298584, 1035.23999023]
[334.26690674, 1028.46289062, 1070.43408203]
[320.17660522, 1042.86099243, 1105.50830078]
[287.27120972, 1071.11315918, 1173.44018555]
[217.36230469, 1038.49803162, 1171.92822266]
[196.81480408, 887.37194824, 986.04589844]
[197.52996826, 867.86878204, 901.39331055]
[181.25328064, 862.91034698, 872.42285156]
[166.01582336, 870.91936493, 860.65856934]
[201.46287537, 903.34020996, 787.05810547]
[148.14549255, 912.06163788, 829.9621582]
[124.92301178, 908.69367218, 816.9822998]
[117.9480896, 920.66522217, 802.03417969]
[0, 0, 0]
[0, 0, 0]
[0, 0, 0]
[0, 0, 0]
[0, 0, 0]
[0, 0, 0]
[0, 0, 0]
[0, 0, 0]
[0, 0, 0]
[0, 0, 0]
[0, 0, 0]
[0, 0, 0]
[0, 0, 0]
[0, 0, 0]
[0, 0, 0]
[0, 0, 0]
[0, 0, 0]
[0, 0, 0]
[0, 0, 0]
[0, 0, 0]
[0, 0, 0]
[0, 0, 0]
[0, 0, 0]
[0, 0, 0]
[0, 0, 0]
[0, 0, 0]
[0, 0, 0]
[0, 0, 0]
[0, 0, 0]
[0, 0, 0]
[0, 0, 0]
[0, 0, 0]
[0, 0, 0]
[0, 0, 0]
[0, 0, 0]
[0, 0, 0]
[0, 0, 0]
[0, 0, 0]
[0, 0, 0]
[0, 0, 0]
[0, 0, 0]
[0, 0, 0]
[0, 0, 0]
[0, 0, 0]
[0, 0, 0]
[0, 0, 0]
[0, 0, 0]
[0, 0, 0]
[0, 0, 0]
[0, 0, 0]
[0, 0, 0]
[0, 0, 0]
[0, 0, 0]
[0, 0, 0]
[0, 0, 0]
[0, 0, 0]
[0, 0, 0]
[0, 0, 0]
[0, 0, 0]
[0, 0, 0]
[0, 0, 0]
[0, 0, 0]
[0, 0, 0]
[0, 0, 0]
[0, 0, 0]
[0, 0, 0]
[0, 0, 0]
[0, 0, 0]
[0, 0, 0]
[0, 0, 0]
[0, 0, 0]
[0, 0, 0]
[0, 0, 0]
[0, 0, 0]
[0, 0, 0]
[0, 0, 0]
[0, 0, 0]
[0, 0, 0]
[0, 0, 0]
[0, 0, 0]
[0, 0, 0]
[0, 0, 0]
[0, 0, 0]
[0, 0, 0]
[0, 0, 0]
[0, 0, 0]
[0, 0, 0]
[0, 0, 0]
[0, 0, 0]
[0, 0, 0]
[0, 0, 0]
[0, 0, 0]
[0, 0, 0]
[0, 0, 0]
[0, 0, 0]
[0, 0, 0]
[0, 0, 0]
[0, 0, 0]
[0, 0, 0]
[0, 0, 0]
[0, 0, 0]
[0, 0, 0]
[0, 0, 0]
[0, 0, 0]
[0, 0, 0]
[0, 0, 0]
[0, 0, 0]
[0, 0, 0]
[0, 0, 0]
[0, 0, 0]
[0, 0, 0]
[0, 0, 0]
[0, 0, 0]
[0, 0, 0]
[0, 0, 0]
[0, 0, 0]
[0, 0, 0]
[0, 0, 0]
[0, 0, 0]
[0, 0, 0]
[0, 0, 0]
[0, 0, 0]
[0, 0, 0]
[0, 0, 0]
[0, 0, 0]
[0, 0, 0]
[0, 0, 0]
[0, 0, 0]
[0, 0, 0]
[0, 0, 0]
[0, 0, 0]
[0, 0, 0]
[0, 0, 0]
[0, 0, 0]
[0, 0, 0]
[0, 0, 0]
[0, 0, 0]
[0, 0, 0]
[0, 0, 0]
[0, 0, 0]
[0, 0, 0]
[0, 0, 0]
[0, 0, 0]
[0, 0, 0]
[0, 0, 0]
[0, 0, 0]
[0, 0, 0]
[0, 0, 0]
[0, 0, 0]
[0, 0, 0]
[0, 0, 0]
[0, 0, 0]
[0, 0, 0]
[0, 0, 0]
[0, 0, 0]
[0, 0, 0]
[0, 0, 0]
[0, 0, 0]
[0, 0, 0]
[0, 0, 0]
[0, 0, 0]
[0, 0, 0]
[0, 0, 0]
[0, 0, 0]
[0, 0, 0]
[0, 0, 0]
[0, 0, 0]
[0, 0, 0]
[0, 0, 0]
[0, 0, 0]
[0, 0, 0]
[0, 0, 0]
[0, 0, 0]
[0, 0, 0]
[0, 0, 0]
[0, 0, 0]
[0, 0, 0]
[0, 0, 0]
[0, 0, 0]
[0, 0, 0]
[0, 0, 0]
[0, 0, 0]
[0, 0, 0]
[0, 0, 0]
[0, 0, 0]
[0, 0, 0]
[0, 0, 0]
[0, 0, 0]
[0, 0, 0]
[0, 0, 0]
[0, 0, 0]
[0, 0, 0]
[0, 0, 0]
[0, 0, 0]
[0, 0, 0]
[0, 0, 0]
[0, 0, 0]
[0, 0, 0]
[0, 0, 0]
[0, 0, 0]
[0, 0, 0]
[0, 0, 0]
[0, 0, 0]
[0, 0, 0]
[0, 0, 0]
[0, 0, 0]
[0, 0, 0]
[0, 0, 0]
[0, 0, 0]
[0, 0, 0]
[0, 0, 0]
[0, 0, 0]
[0, 0, 0]
[0, 0, 0]
[0, 0, 0]
[0, 0, 0]
[0, 0, 0]
[0, 0, 0]
[0, 0, 0]
[0, 0, 0]
[0, 0, 0]
[0, 0, 0]
[0, 0, 0]
[0, 0, 0]
[0, 0, 0]
[0, 0, 0]
[0, 0, 0]
[0, 0, 0]
[0, 0, 0]
[0, 0, 0]
[0, 0, 0]
[0, 0, 0]
[0, 0, 0]
[0, 0, 0]
[0, 0, 0]
[0, 0, 0]
[0, 0, 0]
[0, 0, 0]
[0, 0, 0]
[0, 0, 0]
[0, 0, 0]
[0, 0, 0]
[0, 0, 0]
[0, 0, 0]
[0, 0, 0]
[0, 0, 0]
[0, 0, 0]
[0, 0, 0]
[0, 0, 0]
[0, 0, 0]
[0, 0, 0]
[0, 0, 0]
[0, 0, 0]
[0, 0, 0]
[0, 0, 0]
[0, 0, 0]
[0, 0, 0]
[0, 0, 0]
[0, 0, 0]
[0, 0, 0]
[0, 0, 0]
[0, 0, 0]
[0, 0, 0]
[0, 0, 0]
[0, 0, 0]
[0, 0, 0]
[0, 0, 0]
[0, 0, 0]
[0, 0, 0]
[0, 0, 0]
[0, 0, 0]
[0, 0, 0]
[0, 0, 0]
[0, 0, 0]
[0, 0, 0]
[0, 0, 0]
[0, 0, 0]
[0, 0, 0]
[0, 0, 0]
[0, 0, 0]
[0, 0, 0]
[0, 0, 0]
[0, 0, 0]
[0, 0, 0]
[0, 0, 0]
[0, 0, 0]
[0, 0, 0]
[0, 0, 0]
[0, 0, 0]
[0, 0, 0]
[0, 0, 0]
[0, 0, 0]
[0, 0, 0]
[0, 0, 0]
[0, 0, 0]
[0, 0, 0]
[0, 0, 0]
[0, 0, 0]
[0, 0, 0]
[0, 0, 0]
[0, 0, 0]
[0, 0, 0]
[0, 0, 0]
[0, 0, 0]
[0, 0, 0]
[0, 0, 0]
[0, 0, 0]
[0, 0, 0]
[0, 0, 0]
[0, 0, 0]
[0, 0, 0]
[0, 0, 0]
[0, 0, 0]
[0, 0, 0]
[0, 0, 0]
[0, 0, 0]
[0, 0, 0]
[0, 0, 0]
[0, 0, 0]
[0, 0, 0]
[0, 0, 0]
[0, 0, 0]
[0, 0, 0]
[0, 0, 0]
[0, 0, 0]
[0, 0, 0]
[0, 0, 0]
[0, 0, 0]
[0, 0, 0]
[0, 0, 0]
[0, 0, 0]
[0, 0, 0]
[0, 0, 0]
[0, 0, 0]
[0, 0, 0]
[0, 0, 0]
[0, 0, 0]
[0, 0, 0]
[0, 0, 0]
[0, 0, 0]
[0, 0, 0]
[0, 0, 0]
[0, 0, 0]
[0, 0, 0]
[0, 0, 0]
[0, 0, 0]
[0, 0, 0]
[0, 0, 0]
[0, 0, 0]
[0, 0, 0]
[0, 0, 0]
[0, 0, 0]
[0, 0, 0]
[0, 0, 0]
[0, 0, 0]
[0, 0, 0]
[0, 0, 0]
[0, 0, 0]
[0, 0, 0]
[0, 0, 0]
[0, 0, 0]
[0, 0, 0]
[0, 0, 0]
[0, 0, 0]
[0, 0, 0]
[0, 0, 0]
[0, 0, 0]
[0, 0, 0]
[0, 0, 0]
[0, 0, 0]
[0, 0, 0]
[0, 0, 0]
[0, 0, 0]
[0, 0, 0]
[0, 0, 0]
[0, 0, 0]
[0, 0, 0]
[0, 0, 0]
[0, 0, 0]
[0, 0, 0]
[0, 0, 0]
[0, 0, 0]
[0, 0, 0]
[0, 0, 0]
[0, 0, 0]
[0, 0, 0]
[0, 0, 0]
[0, 0, 0]
[0, 0, 0]
[0, 0, 0]
[0, 0, 0]
[0, 0, 0]
[0, 0, 0]
[0, 0, 0]
[0, 0, 0]
[0, 0, 0]
[0, 0, 0]
[0, 0, 0]
[0, 0, 0]
[0, 0, 0]
[0, 0, 0]
[0, 0, 0]
[0, 0, 0]
[0, 0, 0]
[0, 0, 0]
[0, 0, 0]
[0, 0, 0]
[0, 0, 0]
[0, 0, 0]
[0, 0, 0]
[0, 0, 0]
[0, 0, 0]
[0, 0, 0]
[0, 0, 0]
[0, 0, 0]
[0, 0, 0]
[0, 0, 0]
[0, 0, 0]
[0, 0, 0]
[0, 0, 0]
[0, 0, 0]
[0, 0, 0]
[0, 0, 0]
[0, 0, 0]
[0, 0, 0]
[0, 0, 0]
[0, 0, 0]
[0, 0, 0]
[0, 0, 0]
[0, 0, 0]
[0, 0, 0]
[0, 0, 0]
[0, 0, 0]
[0, 0, 0]
[0, 0, 0]
[0, 0, 0]
[0, 0, 0]
[0, 0, 0]
[0, 0, 0]
[0, 0, 0]
[0, 0, 0]
[0, 0, 0]
[0, 0, 0]
[0, 0, 0]
[0, 0, 0]
[0, 0, 0]
[0, 0, 0]
[0, 0, 0]
[0, 0, 0]
[0, 0, 0]
[0, 0, 0]
[0, 0, 0]
