452
30
[314.249267578125, -123.21627044677734, 2026.5438232421875]
[327.3944396972656, -132.70907592773438, 2038.98876953125]
[345.3641357421875, -160.21641540527344, 2071.668212890625]
[343.99041748046875, -157.54127502441406, 2075.0810546875]
[346.60321044921875, -152.15805053710938, 2079.77880859375]
[356.9559326171875, -153.51840209960938, 2081.8125]
[361.4068298339844, -153.15797424316406, 2081.288818359375]
[362.21038818359375, -149.5890655517578, 2086.942626953125]
[368.8838806152344, -151.56488037109375, 2089.83740234375]
[375.01641845703125, -153.60836791992188, 2080.341552734375]
[370.7619934082031, -152.00338745117188, 2082.017578125]
[375.2589416503906, -152.056640625, 2079.782958984375]
[376.5748291015625, -152.17601013183594, 2078.29541015625]
[376.5647888183594, -150.6725616455078, 2077.67236328125]
[381.0843811035156, -147.65357971191406, 2079.02490234375]
[386.99615478515625, -148.24636840820312, 2077.377685546875]
[393.8252868652344, -150.50729370117188, 2075.33251953125]
[397.215087890625, -151.14332580566406, 2071.076171875]
[399.5332946777344, -151.15855407714844, 2069.34375]
[407.10205078125, -156.87599182128906, 2068.131591796875]
[402.238037109375, -155.55316162109375, 2060.5048828125]
[404.17974853515625, -154.8465118408203, 2055.887451171875]
[407.8958435058594, -155.36117553710938, 2050.461181640625]
[407.4562683105469, -152.99905395507812, 2043.01025390625]
[405.6237487792969, -152.24546813964844, 2039.195556640625]
[404.5352783203125, -150.8868865966797, 2036.4327392578125]
[398.25616455078125, -148.54859924316406, 2030.010009765625]
[398.8293762207031, -147.95098876953125, 2027.565185546875]
[392.4844055175781, -145.9674530029297, 2027.7044677734375]
[385.4884948730469, -144.02880859375, 2027.770263671875]
[384.4718322753906, -142.94198608398438, 2024.9013671875]
[383.3407897949219, -142.6163330078125, 2023.52001953125]
[380.887939453125, -141.58709716796875, 2021.7760009765625]
[375.00543212890625, -128.03846740722656, 2016.6888427734375]
[379.6131896972656, -119.1296157836914, 2014.1236572265625]
[383.4862060546875, -117.69889831542969, 1991.636962890625]
[383.8038635253906, -117.65496063232422, 1991.521240234375]
[396.4125061035156, -120.2789077758789, 1911.5313720703125]
[386.51776123046875, -128.6048583984375, 1886.7254638671875]
[390.2610168457031, -131.59307861328125, 1864.85498046875]
[367.7173767089844, -134.9013671875, 1841.7232666015625]
[366.0779113769531, -152.75070190429688, 1827.517578125]
[322.1312255859375, -173.583740234375, 1848.72119140625]
[290.2618103027344, -213.65184020996094, 1873.88037109375]
[275.1241455078125, -241.53775024414062, 1884.4451904296875]
[278.3831787109375, -247.0270233154297, 1906.7554931640625]
[269.8041687011719, -250.61672973632812, 1929.5157470703125]
[261.99560546875, -256.4677429199219, 1953.9285888671875]
[257.6326904296875, -214.4486541748047, 1975.8536376953125]
[218.8022918701172, -215.5994415283203, 1946.060791015625]
[236.28147888183594, -241.85365295410156, 1964.607421875]
[203.29183959960938, -259.2886047363281, 1962.6434326171875]
[195.1299591064453, -284.671142578125, 2016.4136962890625]
[224.11172485351562, -320.44378662109375, 2003.115234375]
[224.18798828125, -362.13311767578125, 1992.50537109375]
[234.46238708496094, -409.93292236328125, 1962.9599609375]
[252.23448181152344, -451.36663818359375, 1952.6220703125]
[262.7776794433594, -494.32586669921875, 1926.8729248046875]
[275.66455078125, -530.8738403320312, 1895.815185546875]
[284.0467224121094, -586.7565307617188, 1863.937744140625]
[268.9981689453125, -621.2339477539062, 1876.0306396484375]
[285.21453857421875, -658.4908447265625, 1848.8516845703125]
[278.6492614746094, -681.8264770507812, 1844.165283203125]
[242.44955444335938, -701.68896484375, 1811.63720703125]
[243.02908325195312, -721.243896484375, 1795.4434814453125]
[259.34088134765625, -759.1016845703125, 1794.65234375]
[251.333740234375, -764.7891845703125, 1740.681396484375]
[249.8102264404297, -763.6309204101562, 1717.463134765625]
[252.84600830078125, -758.2316284179688, 1652.303955078125]
[252.64199829101562, -775.5792236328125, 1613.5244140625]
[263.1632995605469, -787.76708984375, 1468.783935546875]
[262.28668212890625, -774.0946044921875, 1379.9482421875]
[254.43167114257812, -730.71826171875, 1316.5740966796875]
[233.60137939453125, -733.1016235351562, 1302.0186767578125]
[232.2397003173828, -734.1885986328125, 1241.2154541015625]
[237.84622192382812, -730.5427856445312, 1207.4556884765625]
[243.58978271484375, -727.3086547851562, 1187.120849609375]
[253.97634887695312, -736.1702880859375, 1200.4339599609375]
[249.55587768554688, -722.826171875, 1196.7972412109375]
[229.6434783935547, -689.5286254882812, 1250.13037109375]
[227.86001586914062, -699.0552368164062, 1304.2928466796875]
[174.949462890625, -650.4126586914062, 1311.415771484375]
[176.4847869873047, -633.5487060546875, 1376.1168212890625]
[154.7986297607422, -604.6989135742188, 1512.1639404296875]
[90.86467742919922, -585.7286987304688, 1590.63232421875]
[75.87958526611328, -559.9739379882812, 1624.2242431640625]
[55.25879669189453, -533.1133422851562, 1667.1529541015625]
[47.477760314941406, -524.6499633789062, 1696.281494140625]
[30.839271545410156, -520.0021362304688, 1699.612548828125]
[28.82129669189453, -516.8713989257812, 1707.3145751953125]
[35.51662826538086, -521.2713012695312, 1694.408203125]
[22.53185272216797, -549.1068725585938, 1690.2252197265625]
[24.567283630371094, -548.7276000976562, 1687.390625]
[49.53114700317383, -557.8825073242188, 1662.049072265625]
[47.072853088378906, -573.1109008789062, 1661.3193359375]
[9.030707359313965, -582.802978515625, 1647.5621337890625]
[-20.980209350585938, -606.1235961914062, 1634.8814697265625]
[-41.749210357666016, -590.2575073242188, 1631.970703125]
[-97.01314544677734, -575.217041015625, 1605.435791015625]
[-150.892333984375, -553.7128295898438, 1581.0576171875]
[-230.89561462402344, -525.2774658203125, 1565.6859130859375]
[-260.5249938964844, -501.25604248046875, 1580.2218017578125]
[-337.1669616699219, -455.65655517578125, 1588.9627685546875]
[-410.555908203125, -417.7174987792969, 1571.3284912109375]
[-440.15185546875, -417.3059387207031, 1590.97607421875]
[-457.8171081542969, -426.89617919921875, 1619.0716552734375]
[-481.2053527832031, -443.18109130859375, 1646.3350830078125]
[-488.9022521972656, -462.045654296875, 1690.525634765625]
[-477.19976806640625, -501.3718566894531, 1736.91796875]
[-493.077392578125, -513.3063354492188, 1782.354736328125]
[-494.5595397949219, -534.5175170898438, 1811.2742919921875]
[-486.80621337890625, -533.3359375, 1838.3028564453125]
[-458.5793762207031, -532.2539672851562, 1883.162353515625]
[-401.99493408203125, -496.8089294433594, 1892.1143798828125]
[-323.8126525878906, -467.7692565917969, 1894.6495361328125]
[-271.3766174316406, -453.732421875, 1938.247802734375]
[-141.63768005371094, -444.1560974121094, 1862.9613037109375]
[-92.18497467041016, -410.350341796875, 1799.9464111328125]
[-41.623451232910156, -423.52374267578125, 1783.6983642578125]
[-9.690635681152344, -434.1539001464844, 1768.4571533203125]
[-5.103917598724365, -436.25946044921875, 1729.5633544921875]
[-0.36974436044692993, -433.3248291015625, 1708.69287109375]
[-18.781963348388672, -519.8299560546875, 1741.2310791015625]
[37.822200775146484, -525.0947875976562, 1738.4903564453125]
[40.6583137512207, -500.4461364746094, 1689.6619873046875]
[75.70641326904297, -558.11083984375, 1651.843505859375]
[107.85015106201172, -592.668701171875, 1654.664794921875]
[155.15090942382812, -591.6529541015625, 1620.0787353515625]
[154.0528564453125, -584.7193603515625, 1620.61083984375]
[183.9947052001953, -573.0358276367188, 1583.5543212890625]
[166.57708740234375, -543.4920043945312, 1585.2603759765625]
[165.08486938476562, -518.8582763671875, 1570.3065185546875]
[147.48500061035156, -471.1232604980469, 1549.6865234375]
[158.59153747558594, -423.04278564453125, 1547.46826171875]
[175.16729736328125, -416.4589538574219, 1550.0093994140625]
[197.1822967529297, -416.56805419921875, 1545.88427734375]
[196.77011108398438, -440.9242858886719, 1543.781494140625]
[189.9842987060547, -455.9246520996094, 1544.340087890625]
[177.00621032714844, -477.544677734375, 1543.6361083984375]
[165.97926330566406, -474.1660461425781, 1522.941162109375]
[147.2137451171875, -474.0772705078125, 1509.931640625]
[134.6986541748047, -467.96368408203125, 1494.7757568359375]
[129.75946044921875, -447.9867858886719, 1470.36328125]
[143.8365936279297, -424.732177734375, 1446.4759521484375]
[165.99977111816406, -394.9594421386719, 1434.3248291015625]
[211.9681854248047, -338.1611328125, 1426.80615234375]
[220.9151153564453, -323.8717346191406, 1430.5667724609375]
[252.91220092773438, -287.7425537109375, 1463.083251953125]
[281.5355224609375, -261.61822509765625, 1514.1807861328125]
[288.6361999511719, -231.41249084472656, 1591.9068603515625]
[295.2373046875, -225.30438232421875, 1625.2335205078125]
[302.6871643066406, -240.38333129882812, 1683.3101806640625]
[295.4527587890625, -236.76112365722656, 1758.912109375]
[282.7525634765625, -242.45729064941406, 1783.19482421875]
[227.2893829345703, -253.7493133544922, 1856.887451171875]
[202.07843017578125, -265.05084228515625, 1871.2183837890625]
[164.8150634765625, -279.57196044921875, 1880.4774169921875]
[168.6153106689453, -274.34130859375, 1867.4605712890625]
[85.95226287841797, -330.27862548828125, 1817.7303466796875]
[93.496337890625, -392.0819091796875, 1719.9781494140625]
[93.15662384033203, -403.0831604003906, 1733.3734130859375]
[99.81900787353516, -409.3213195800781, 1711.1485595703125]
[103.23932647705078, -418.6307678222656, 1664.170654296875]
[91.96843719482422, -399.12969970703125, 1626.2135009765625]
[77.4009017944336, -425.2995910644531, 1616.924560546875]
[80.59632110595703, -420.0054931640625, 1627.4658203125]
[72.5947494506836, -427.0773620605469, 1602.4998779296875]
[48.54328918457031, -504.8379211425781, 1531.6263427734375]
[29.49384117126465, -553.2469482421875, 1483.2718505859375]
[23.98467445373535, -620.4022216796875, 1415.541015625]
[27.92793846130371, -635.958251953125, 1377.838134765625]
[34.74517822265625, -626.83642578125, 1325.401123046875]
[63.964202880859375, -616.5875244140625, 1300.3795166015625]
[78.55193328857422, -578.8709106445312, 1264.395263671875]
[106.30884552001953, -540.681396484375, 1235.424072265625]
[128.44833374023438, -508.7662353515625, 1222.5399169921875]
[154.56271362304688, -455.7686462402344, 1212.34033203125]
[167.6671142578125, -442.8447265625, 1222.0830078125]
[180.77166748046875, -407.63934326171875, 1226.8441162109375]
[192.03123474121094, -400.9832458496094, 1205.91552734375]
[198.30755615234375, -385.6307067871094, 1197.8795166015625]
[191.9763641357422, -376.5151672363281, 1206.35107421875]
[194.3493194580078, -364.3640441894531, 1201.17041015625]
[262.2327575683594, -454.0091247558594, 1281.03271484375]
[265.99652099609375, -486.6489562988281, 1322.8404541015625]
[259.59112548828125, -497.9602966308594, 1329.5338134765625]
[259.4949645996094, -532.5057983398438, 1319.6363525390625]
[278.3656311035156, -546.5032348632812, 1329.3677978515625]
[277.08465576171875, -560.6409301757812, 1350.4853515625]
[282.6891174316406, -579.1638793945312, 1351.128662109375]
[277.7304992675781, -583.266845703125, 1355.080810546875]
[252.89625549316406, -578.9562377929688, 1350.734375]
[234.17120361328125, -586.61669921875, 1297.1038818359375]
[238.85662841796875, -563.5372314453125, 1298.8651123046875]
[202.63369750976562, -527.1507568359375, 1282.299072265625]
[220.31846618652344, -495.4052429199219, 1293.7884521484375]
[207.3022003173828, -458.5365295410156, 1297.798583984375]
[199.7780303955078, -443.7667236328125, 1302.327392578125]
[216.59031677246094, -420.72625732421875, 1335.156005859375]
[224.10939025878906, -428.2237854003906, 1354.9232177734375]
[254.40904235839844, -443.3277893066406, 1402.4251708984375]
[268.6370544433594, -460.8876647949219, 1427.2216796875]
[287.90606689453125, -473.9496765136719, 1443.642333984375]
[288.7436218261719, -469.9697570800781, 1421.7401123046875]
[288.9147033691406, -495.00396728515625, 1438.2891845703125]
[306.2839660644531, -472.55511474609375, 1492.150390625]
[318.46722412109375, -495.74298095703125, 1518.73974609375]
[345.4391784667969, -481.5746154785156, 1573.7457275390625]
[338.666015625, -471.1298522949219, 1602.9583740234375]
[368.130126953125, -452.4634704589844, 1648.192138671875]
[383.7091369628906, -407.39263916015625, 1704.791259765625]
[364.392822265625, -369.031005859375, 1749.2606201171875]
[342.73565673828125, -346.0245056152344, 1817.6829833984375]
[351.1103210449219, -316.2742614746094, 1860.5123291015625]
[334.22662353515625, -294.08929443359375, 1906.32373046875]
[313.72515869140625, -282.1647644042969, 1874.76171875]
[289.81768798828125, -337.189697265625, 1902.060302734375]
[297.6402893066406, -345.41925048828125, 1995.888671875]
[298.4608154296875, -343.73406982421875, 2003.6798095703125]
[297.68603515625, -343.8930969238281, 2000.679931640625]
[300.5205383300781, -344.951416015625, 1972.541259765625]
[263.4548034667969, -339.8796081542969, 1931.3306884765625]
[266.34716796875, -339.97235107421875, 1936.599365234375]
[267.513427734375, -363.0233459472656, 1923.5224609375]
[283.1198425292969, -362.5092468261719, 1860.47021484375]
[259.2740478515625, -387.1332092285156, 1828.69287109375]
[251.37156677246094, -433.36932373046875, 1786.3636474609375]
[240.0795135498047, -466.46343994140625, 1763.779296875]
[240.30502319335938, -501.3644104003906, 1747.35107421875]
[275.4463195800781, -533.600830078125, 1683.804931640625]
[309.52642822265625, -543.22607421875, 1662.3065185546875]
[318.94915771484375, -557.931884765625, 1642.06591796875]
[330.80096435546875, -579.5843505859375, 1631.8321533203125]
[378.8945007324219, -614.0252075195312, 1597.8193359375]
[427.2472229003906, -611.9744262695312, 1629.4891357421875]
[386.3291320800781, -592.3096313476562, 1635.66357421875]
[383.6755065917969, -584.4730834960938, 1662.3690185546875]
[407.61572265625, -615.5307006835938, 1738.3746337890625]
[469.2006530761719, -589.9992065429688, 1797.3297119140625]
[471.0692138671875, -587.5581665039062, 1786.988037109375]
[532.2072143554688, -478.57598876953125, 1904.8421630859375]
[535.5101318359375, -426.33587646484375, 1972.4183349609375]
[530.9762573242188, -381.47308349609375, 2029.345703125]
[488.06298828125, -340.5355529785156, 2060.12744140625]
[427.12152099609375, -284.72454833984375, 2125.760498046875]
[374.6724853515625, -266.1824645996094, 2115.809814453125]
[270.7374267578125, -217.98348999023438, 2123.1826171875]
[255.8649444580078, -152.56898498535156, 2159.59716796875]
[320.2487487792969, -70.60569763183594, 2125.505859375]
[252.01052856445312, -46.794002532958984, 2178.129638671875]
[272.71209716796875, -22.347286224365234, 2170.6318359375]
[272.72283935546875, 12.120375633239746, 2195.294189453125]
[263.521240234375, 23.940044403076172, 2196.7177734375]
[228.4679718017578, 30.000049591064453, 1799.8245849609375]
[247.90542602539062, 54.27196502685547, 1740.253173828125]
[271.30853271484375, 67.3289794921875, 1705.4840087890625]
[281.75115966796875, 81.3029556274414, 1663.0098876953125]
[302.9094543457031, 97.63328552246094, 1641.683837890625]
[314.4466247558594, 95.19319152832031, 1632.767333984375]
[321.2943115234375, 73.30406951904297, 1646.512939453125]
[327.2747497558594, 64.36742401123047, 1678.2467041015625]
[342.2301025390625, 48.64105987548828, 1718.926513671875]
[368.2286682128906, 13.214066505432129, 1751.03466796875]
[371.6950378417969, -20.425901412963867, 1790.467529296875]
[381.6271057128906, -69.61117553710938, 1843.2725830078125]
[384.18927001953125, -126.2323989868164, 1907.613525390625]
[388.48736572265625, -214.86300659179688, 1913.517822265625]
[388.5445861816406, -252.55184936523438, 1995.1392822265625]
[381.6285705566406, -309.7034606933594, 2059.270263671875]
[367.9647521972656, -374.4747009277344, 2078.425048828125]
[367.78692626953125, -388.0826110839844, 2068.477294921875]
[368.6025695800781, -396.5172424316406, 2076.94775390625]
[376.18621826171875, -390.99176025390625, 2073.43896484375]
[381.32537841796875, -401.63580322265625, 2071.064453125]
[377.3648986816406, -403.34967041015625, 2061.23486328125]
[364.14898681640625, -409.0677490234375, 2049.678955078125]
[357.6952209472656, -395.8110046386719, 2028.817138671875]
[340.8717956542969, -384.19879150390625, 2006.8194580078125]
[321.9541320800781, -390.9760437011719, 1994.8857421875]
[315.0023498535156, -406.66168212890625, 1971.235595703125]
[298.471435546875, -424.763916015625, 1933.8046875]
[314.03900146484375, -436.3686828613281, 1913.6712646484375]
[349.91204833984375, -327.90625, 1787.751708984375]
[378.1805725097656, -290.2169189453125, 1759.7412109375]
[317.1253356933594, -362.3818359375, 1768.8021240234375]
[308.49493408203125, -399.6320495605469, 1763.478759765625]
[308.53704833984375, -460.9415588378906, 1716.835693359375]
[297.6054382324219, -495.1466979980469, 1735.5758056640625]
[260.756103515625, -549.9899291992188, 1663.331298828125]
[254.79525756835938, -565.1817626953125, 1628.677001953125]
[235.75143432617188, -551.4561767578125, 1557.8980712890625]
[234.6339111328125, -543.8967895507812, 1510.345703125]
[244.7222900390625, -517.8573608398438, 1453.8505859375]
[228.81851196289062, -502.2339782714844, 1418.05615234375]
[246.46646118164062, -436.5285949707031, 1360.397216796875]
[254.27842712402344, -401.4498596191406, 1328.3453369140625]
[278.3016052246094, -363.9723815917969, 1295.8135986328125]
[282.6039733886719, -333.015380859375, 1287.458251953125]
[287.77349853515625, -312.0500183105469, 1287.1585693359375]
[295.9516296386719, -297.3475646972656, 1303.00439453125]
[289.5774841308594, -284.365234375, 1318.0128173828125]
[291.1986083984375, -277.2093811035156, 1358.2633056640625]
[296.65643310546875, -244.89234924316406, 1376.94287109375]
[328.462158203125, -228.77117919921875, 1375.45263671875]
[315.0335388183594, -178.14222717285156, 1409.4847412109375]
[316.4386291503906, -166.0778350830078, 1400.2830810546875]
[313.5743103027344, -151.34417724609375, 1398.1085205078125]
[292.6236877441406, -141.03675842285156, 1361.442626953125]
[258.4879150390625, -131.65863037109375, 1345.0906982421875]
[222.85610961914062, -155.72071838378906, 1314.02734375]
[190.38177490234375, -190.9133758544922, 1290.9815673828125]
[174.9048614501953, -237.6073760986328, 1233.824462890625]
[161.6778106689453, -256.617431640625, 1221.793701171875]
[132.70664978027344, -271.61090087890625, 1235.638916015625]
[124.48216247558594, -293.9131164550781, 1229.30810546875]
[126.25065612792969, -299.5751953125, 1227.69580078125]
[133.6173858642578, -316.7201843261719, 1232.7579345703125]
[140.904296875, -347.2876281738281, 1232.91748046875]
[136.14263916015625, -377.48028564453125, 1237.5699462890625]
[138.57598876953125, -407.432373046875, 1241.5880126953125]
[135.1366424560547, -425.8808898925781, 1245.9014892578125]
[129.3612518310547, -446.0785217285156, 1255.0867919921875]
[109.62052917480469, -463.1633605957031, 1268.1376953125]
[84.33927154541016, -480.3209228515625, 1277.96240234375]
[83.18656921386719, -489.28973388671875, 1291.2408447265625]
[56.29810333251953, -501.8736572265625, 1306.2210693359375]
[31.988136291503906, -523.9471435546875, 1328.5003662109375]
[0.26355311274528503, -532.2736206054688, 1339.8314208984375]
[-21.670663833618164, -550.9267578125, 1347.3504638671875]
[-53.881324768066406, -580.4775390625, 1362.58203125]
[-90.45730590820312, -611.8242797851562, 1366.7882080078125]
[-193.41558837890625, -554.5509033203125, 1341.346923828125]
[-157.45025634765625, -651.1792602539062, 1375.3758544921875]
[-171.1060791015625, -673.3863525390625, 1369.4190673828125]
[-216.1926727294922, -672.51611328125, 1362.372802734375]
[-235.55772399902344, -661.5595092773438, 1368.3184814453125]
[-270.56182861328125, -662.5283813476562, 1388.792724609375]
[-292.640869140625, -619.9252319335938, 1396.0654296875]
[-330.6874084472656, -602.3212280273438, 1403.985107421875]
[-357.1671142578125, -580.1363525390625, 1448.8680419921875]
[-381.01605224609375, -569.0617065429688, 1528.9033203125]
[-436.9452209472656, -511.1330261230469, 1573.3641357421875]
[-459.0598449707031, -439.2977600097656, 1600.8626708984375]
[-460.6323547363281, -374.79034423828125, 1640.5631103515625]
[-481.668212890625, -331.5345153808594, 1698.5870361328125]
[-478.8430480957031, -332.4794006347656, 1710.773681640625]
[-475.6675720214844, -358.1288757324219, 1707.2354736328125]
[-421.2435607910156, -361.6090087890625, 1735.4833984375]
[-398.2173767089844, -331.10504150390625, 1763.338134765625]
[-354.39227294921875, -344.27862548828125, 1783.2296142578125]
[-290.7764892578125, -358.87347412109375, 1796.5528564453125]
[-259.8663024902344, -380.9063720703125, 1781.62890625]
[-237.8416748046875, -406.0849609375, 1841.037353515625]
[-206.67185974121094, -407.8541564941406, 1841.697265625]
[-194.38833618164062, -395.598388671875, 1828.463623046875]
[-187.83897399902344, -406.9120788574219, 1840.796630859375]
[-166.97671508789062, -385.83221435546875, 1880.5286865234375]
[-148.4835968017578, -455.28094482421875, 1909.62451171875]
[-112.450927734375, -451.22564697265625, 1934.1671142578125]
[-100.30664825439453, -438.3006286621094, 1938.509033203125]
[-92.35366821289062, -393.94390869140625, 1906.9556884765625]
[-16.58513069152832, -308.2497863769531, 1862.4862060546875]
[109.6066665649414, -292.43878173828125, 1832.45068359375]
[193.00692749023438, -381.2994384765625, 1824.123291015625]
[199.59716796875, -366.635009765625, 1853.8179931640625]
[101.025390625, -213.2943878173828, 1839.6546630859375]
[87.23518371582031, -195.3361053466797, 1835.19921875]
[117.54341125488281, -462.52764892578125, 1628.86083984375]
[113.5836410522461, -543.58203125, 1708.59619140625]
[137.93223571777344, -644.4352416992188, 1789.4967041015625]
[196.4053497314453, -643.3995971679688, 1790.2501220703125]
[232.93679809570312, -675.752197265625, 1827.0384521484375]
[245.75552368164062, -619.9202270507812, 1815.745849609375]
[275.6297912597656, -592.9701538085938, 1814.911376953125]
[307.9236145019531, -564.6067504882812, 1777.0234375]
[328.8514099121094, -539.1575317382812, 1744.381103515625]
[367.0027770996094, -499.0934143066406, 1720.927490234375]
[373.6204528808594, -482.3565979003906, 1685.492919921875]
[375.5318603515625, -475.84271240234375, 1670.6336669921875]
[371.36944580078125, -460.99267578125, 1650.160400390625]
[364.4047546386719, -453.14849853515625, 1636.304443359375]
[365.442138671875, -433.4450378417969, 1629.51513671875]
[356.0405578613281, -432.0987854003906, 1621.9288330078125]
[342.7756042480469, -441.3122863769531, 1618.2342529296875]
[412.304443359375, -407.1831359863281, 1626.97802734375]
[403.05224609375, -398.4082336425781, 1645.916748046875]
[353.67730712890625, -358.5395202636719, 1664.31005859375]
[341.8535461425781, -314.8973083496094, 1686.9803466796875]
[341.6490783691406, -318.3436584472656, 1725.7979736328125]
[349.3970642089844, -329.7962646484375, 1783.5645751953125]
[362.61065673828125, -339.1840515136719, 1789.364501953125]
[359.3567810058594, -304.10894775390625, 1884.0111083984375]
[352.98358154296875, -289.1252136230469, 1933.2879638671875]
[345.2404479980469, -303.2864685058594, 1944.9671630859375]
[321.60528564453125, -297.1787109375, 2038.9091796875]
[347.79254150390625, -220.3568878173828, 2125.1533203125]
[365.6431579589844, -168.49021911621094, 2145.38623046875]
[340.35870361328125, -185.33648681640625, 2129.031005859375]
[343.9029541015625, -210.5413360595703, 2149.10107421875]
[362.8314208984375, -227.69039916992188, 2197.766357421875]
[363.6940612792969, -240.2829132080078, 2196.3994140625]
[365.8140563964844, -256.0592041015625, 2213.527099609375]
[367.57171630859375, -271.2853698730469, 2237.07958984375]
[333.3398132324219, -292.3600769042969, 2205.5068359375]
[355.0201110839844, -321.0335388183594, 2205.484619140625]
[320.1518859863281, -390.0841369628906, 2198.343017578125]
[295.20184326171875, -451.6816101074219, 2130.4501953125]
[301.8076171875, -490.59625244140625, 2121.019287109375]
[293.2420959472656, -505.2859191894531, 2110.93310546875]
[291.47308349609375, -519.2786865234375, 2093.571044921875]
[282.0359191894531, -537.9061279296875, 2093.744873046875]
[289.1571960449219, -533.0167846679688, 2020.4947509765625]
[279.79052734375, -536.683349609375, 1999.9632568359375]
[268.9949951171875, -538.2761840820312, 1978.603515625]
[252.98846435546875, -540.628173828125, 1949.7763671875]
[239.1678009033203, -535.9742431640625, 1924.318359375]
[231.093017578125, -515.786865234375, 1885.0289306640625]
[203.0793914794922, -494.8665466308594, 1855.6201171875]
[184.7082061767578, -468.287109375, 1817.904052734375]
[152.5033721923828, -417.6883850097656, 1787.36669921875]
[146.96681213378906, -366.4493103027344, 1750.635986328125]
[138.00502014160156, -325.3014221191406, 1743.82568359375]
[136.80242919921875, -290.29669189453125, 1735.083251953125]
[125.92729949951172, -258.34808349609375, 1727.8946533203125]
[126.68984985351562, -241.48231506347656, 1724.8575439453125]
[135.05892944335938, -222.30429077148438, 1732.700439453125]
[134.62460327148438, -210.9620361328125, 1730.3865966796875]
[133.5139923095703, -200.52127075195312, 1725.116943359375]
[130.1793212890625, -199.2734832763672, 1720.1431884765625]
[133.83139038085938, -198.38160705566406, 1720.7015380859375]
[132.69802856445312, -208.02232360839844, 1715.5006103515625]
[134.8286590576172, -215.6057586669922, 1709.224853515625]
[138.4075927734375, -220.17919921875, 1714.522216796875]
[162.58377075195312, -223.8845977783203, 1729.9942626953125]
[192.8656463623047, -226.1787872314453, 1755.7628173828125]
[225.44029235839844, -210.5560302734375, 1789.805908203125]
[279.07440185546875, -215.06234741210938, 1809.2781982421875]
[305.6373596191406, -219.03866577148438, 1837.2464599609375]
[328.15069580078125, -220.46031188964844, 1904.5782470703125]
[326.6343688964844, -226.9818878173828, 1938.16748046875]
[321.6102294921875, -227.37864685058594, 1970.0233154296875]
[309.6486511230469, -225.93309020996094, 2006.59423828125]
[280.3231506347656, -243.90647888183594, 2077.140869140625]
[238.4692840576172, -213.5506591796875, 2076.303955078125]
[177.52212524414062, -17.799571990966797, 1915.126220703125]
[179.19149780273438, 27.852981567382812, 1878.45849609375]
[171.25210571289062, 35.954139709472656, 1859.4677734375]
[169.234375, 27.699865341186523, 1852.25830078125]
[198.87936401367188, -4.858941078186035, 1798.28515625]
[156.13189697265625, -14.256574630737305, 1831.7589111328125]
[148.82713317871094, -15.261821746826172, 1830.632080078125]
[135.4280242919922, -27.09710693359375, 1824.0255126953125]
[0,0,0]
[0,0,0]
[0,0,0]
[0,0,0]
[0,0,0]
[0,0,0]
[0,0,0]
[0,0,0]
[0,0,0]
[0,0,0]
[0,0,0]
[0,0,0]
[0,0,0]
[0,0,0]
[0,0,0]
[0,0,0]
[0,0,0]
[0,0,0]
[0,0,0]
[0,0,0]
[0,0,0]
[0,0,0]
[0,0,0]
[0,0,0]
[0,0,0]
[0,0,0]
[0,0,0]
[0,0,0]
[0,0,0]
[0,0,0]
[0,0,0]
[0,0,0]
[0,0,0]
[0,0,0]
[0,0,0]
[0,0,0]
[0,0,0]
[0,0,0]
[0,0,0]
[0,0,0]
[0,0,0]
[0,0,0]
[0,0,0]
[0,0,0]
[0,0,0]
[0,0,0]
[0,0,0]
[0,0,0]
[0,0,0]
[0,0,0]
[0,0,0]
[0,0,0]
[0,0,0]
[0,0,0]
[0,0,0]
[0,0,0]
[0,0,0]
[0,0,0]
[0,0,0]
[0,0,0]
[0,0,0]
[0,0,0]
[0,0,0]
[0,0,0]
[0,0,0]
[0,0,0]
[0,0,0]
[0,0,0]
[0,0,0]
[0,0,0]
[0,0,0]
[0,0,0]
[0,0,0]
[0,0,0]
[0,0,0]
[0,0,0]
[0,0,0]
[0,0,0]
[0,0,0]
[0,0,0]
[0,0,0]
[0,0,0]
[0,0,0]
[0,0,0]
[0,0,0]
[0,0,0]
[0,0,0]
[0,0,0]
[0,0,0]
[0,0,0]
[0,0,0]
[0,0,0]
[0,0,0]
[0,0,0]
[0,0,0]
[0,0,0]
[0,0,0]
[0,0,0]
[0,0,0]
[0,0,0]
[0,0,0]
[0,0,0]
[0,0,0]
[0,0,0]
[0,0,0]
[0,0,0]
[0,0,0]
[0,0,0]
[0,0,0]
[0,0,0]
[0,0,0]
[0,0,0]
[0,0,0]
[0,0,0]
[0,0,0]
[0,0,0]
[0,0,0]
[0,0,0]
[0,0,0]
[0,0,0]
[0,0,0]
[0,0,0]
[0,0,0]
[0,0,0]
[0,0,0]
[0,0,0]
[0,0,0]
[0,0,0]
[0,0,0]
[0,0,0]
[0,0,0]
[0,0,0]
[0,0,0]
[0,0,0]
[0,0,0]
[0,0,0]
[0,0,0]
[0,0,0]
[0,0,0]
[0,0,0]
[0,0,0]
[0,0,0]
[0,0,0]
[0,0,0]
[0,0,0]
[0,0,0]
[0,0,0]
[0,0,0]
[0,0,0]
[0,0,0]
[0,0,0]
[0,0,0]
[0,0,0]
[0,0,0]
[0,0,0]
[0,0,0]
[0,0,0]
[0,0,0]
[0,0,0]
[0,0,0]
[0,0,0]
[0,0,0]
[0,0,0]
[0,0,0]
[0,0,0]
[0,0,0]
[0,0,0]
[0,0,0]
[0,0,0]
[0,0,0]
[0,0,0]
[0,0,0]
[0,0,0]
[0,0,0]
[0,0,0]
[0,0,0]
[0,0,0]
[0,0,0]
[0,0,0]
[0,0,0]
[0,0,0]
[0,0,0]
[0,0,0]
[0,0,0]
[0,0,0]
[0,0,0]
[0,0,0]
[0,0,0]
[0,0,0]
[0,0,0]
[0,0,0]
[0,0,0]
[0,0,0]
[0,0,0]
[0,0,0]
[0,0,0]
[0,0,0]
[0,0,0]
[0,0,0]
[0,0,0]
[0,0,0]
[0,0,0]
[0,0,0]
[0,0,0]
[0,0,0]
[0,0,0]
[0,0,0]
[0,0,0]
[0,0,0]
[0,0,0]
[0,0,0]
[0,0,0]
[0,0,0]
[0,0,0]
[0,0,0]
[0,0,0]
[0,0,0]
[0,0,0]
[0,0,0]
[0,0,0]
[0,0,0]
[0,0,0]
[0,0,0]
[0,0,0]
[0,0,0]
[0,0,0]
[0,0,0]
[0,0,0]
[0,0,0]
[0,0,0]
[0,0,0]
[0,0,0]
[0,0,0]
[0,0,0]
[0,0,0]
[0,0,0]
[0,0,0]
[0,0,0]
[0,0,0]
[0,0,0]
[0,0,0]
[0,0,0]
[0,0,0]
[0,0,0]
[0,0,0]
[0,0,0]
[0,0,0]
[0,0,0]
[0,0,0]
[0,0,0]
[0,0,0]
[0,0,0]
[0,0,0]
[0,0,0]
[0,0,0]
[0,0,0]
[0,0,0]
[0,0,0]
[0,0,0]
[0,0,0]
[0,0,0]
[0,0,0]
[0,0,0]
[0,0,0]
[0,0,0]
[0,0,0]
[0,0,0]
[0,0,0]
[0,0,0]
[0,0,0]
[0,0,0]
[0,0,0]
[0,0,0]
[0,0,0]
[0,0,0]
[0,0,0]
[0,0,0]
[0,0,0]
[0,0,0]
[0,0,0]
[0,0,0]
[0,0,0]
[0,0,0]
[0,0,0]
[0,0,0]
[0,0,0]
[0,0,0]
[0,0,0]
[0,0,0]
[0,0,0]
[0,0,0]
[0,0,0]
[0,0,0]
[0,0,0]
[0,0,0]
[0,0,0]
[0,0,0]
[0,0,0]
[0,0,0]
[0,0,0]
[0,0,0]
[0,0,0]
[0,0,0]
[0,0,0]
[0,0,0]
[0,0,0]
[0,0,0]
[0,0,0]
[0,0,0]
[0,0,0]
[0,0,0]
[0,0,0]
[0,0,0]
[0,0,0]
[0,0,0]
[0,0,0]
[0,0,0]
[0,0,0]
[0,0,0]
[0,0,0]
[0,0,0]
[0,0,0]
[0,0,0]
[0,0,0]
[0,0,0]
[0,0,0]
[0,0,0]
[0,0,0]
[0,0,0]
[0,0,0]
[0,0,0]
[0,0,0]
[0,0,0]
[0,0,0]
[0,0,0]
[0,0,0]
[0,0,0]
[0,0,0]
[0,0,0]
[0,0,0]
[0,0,0]
[0,0,0]
[0,0,0]
[0,0,0]
[0,0,0]
[0,0,0]
[0,0,0]
[0,0,0]
[0,0,0]
[0,0,0]
[0,0,0]
[0,0,0]
[0,0,0]
[0,0,0]
[0,0,0]
[0,0,0]
[0,0,0]
[0,0,0]
[0,0,0]
[0,0,0]
[0,0,0]
[0,0,0]
[0,0,0]
[0,0,0]
[0,0,0]
[0,0,0]
[0,0,0]
[0,0,0]
[0,0,0]
[0,0,0]
[0,0,0]
[0,0,0]
[0,0,0]
[0,0,0]
[0,0,0]
[0,0,0]
[0,0,0]
[0,0,0]
[0,0,0]
[0,0,0]
[0,0,0]
[0,0,0]
[0,0,0]
[0,0,0]
[0,0,0]
[0,0,0]
[0,0,0]
[0,0,0]
[0,0,0]
[0,0,0]
[0,0,0]
[0,0,0]
[0,0,0]
[0,0,0]
[0,0,0]
[0,0,0]
[0,0,0]
[0,0,0]
[0,0,0]
[0,0,0]
[0,0,0]
[0,0,0]
[0,0,0]
[0,0,0]
[0,0,0]
[0,0,0]
[0,0,0]
[0,0,0]
[0,0,0]
[0,0,0]
[0,0,0]
[0,0,0]
[0,0,0]
[0,0,0]
[0,0,0]
[0,0,0]
[0,0,0]
[0,0,0]
[0,0,0]
[0,0,0]
[0,0,0]
[0,0,0]
[0,0,0]
[0,0,0]
[0,0,0]
[0,0,0]
[0,0,0]
[0,0,0]
[0,0,0]
[0,0,0]
[0,0,0]
[0,0,0]
[0,0,0]
[0,0,0]
[0,0,0]
[0,0,0]
[0,0,0]
[0,0,0]
[0,0,0]
[0,0,0]
[0,0,0]
[0,0,0]
[0,0,0]
[0,0,0]
[0,0,0]
[0,0,0]
[0,0,0]
[0,0,0]
[0,0,0]
[0,0,0]
[0,0,0]
[0,0,0]
