452
12
[314.24926758,923.21627045,1026.54382324]
[327.3944397,932.70907593,1038.98876953]
[345.36413574,960.21641541,1071.66821289]
[343.99041748,957.54127502,1075.08105469]
[346.60321045,952.15805054,1079.77880859]
[356.95593262,953.5184021,1081.8125]
[361.40682983,953.15797424,1081.28881836]
[362.21038818,949.58906555,1086.94262695]
[368.88388062,951.56488037,1089.83740234]
[375.01641846,953.60836792,1080.34155273]
[370.76199341,952.00338745,1082.01757812]
[375.25894165,952.05664062,1079.78295898]
[376.5748291,952.17601013,1078.29541016]
[376.56478882,950.67256165,1077.67236328]
[381.0843811,947.65357971,1079.02490234]
[386.99615479,948.24636841,1077.37768555]
[393.82528687,950.5072937,1075.33251953]
[397.21508789,951.14332581,1071.07617188]
[399.53329468,951.15855408,1069.34375]
[407.10205078,956.87599182,1068.1315918]
[402.23803711,955.55316162,1060.50488281]
[404.17974854,954.84651184,1055.88745117]
[407.89584351,955.36117554,1050.46118164]
[407.45626831,952.99905396,1043.01025391]
[405.62374878,952.24546814,1039.19555664]
[404.53527832,950.8868866,1036.43273926]
[398.25616455,948.54859924,1030.01000977]
[398.82937622,947.95098877,1027.56518555]
[392.48440552,945.967453,1027.70446777]
[385.48849487,944.02880859,1027.77026367]
[384.47183228,942.94198608,1024.90136719]
[383.34078979,942.61633301,1023.52001953]
[380.88793945,941.58709717,1021.77600098]
[375.00543213,928.03846741,1016.68884277]
[379.6131897,919.12961578,1014.12365723]
[383.48620605,917.69889832,991.63696289]
[383.80386353,917.65496063,991.52124023]
[396.4125061,920.27890778,911.53137207]
[386.51776123,928.6048584,886.72546387]
[390.26101685,931.59307861,864.85498047]
[367.71737671,934.90136719,841.7232666]
[366.07791138,952.7507019,827.51757812]
[322.13122559,973.58374023,848.72119141]
[290.2618103,1013.65184021,873.88037109]
[275.12414551,1041.53775024,884.44519043]
[278.38317871,1047.02702332,906.75549316]
[269.8041687,1050.61672974,929.51574707]
[261.99560547,1056.46774292,953.92858887]
[257.63269043,1014.44865417,975.8536377]
[218.80229187,1015.59944153,946.06079102]
[236.28147888,1041.85365295,964.60742188]
[203.2918396,1059.28860474,962.64343262]
[195.12995911,1084.67114258,1016.41369629]
[224.11172485,1120.44378662,1003.11523438]
[224.18798828,1162.13311768,992.50537109]
[234.46238708,1209.93292236,962.95996094]
[252.23448181,1251.36663818,952.62207031]
[262.77767944,1294.3258667,926.8729248]
[275.66455078,1330.87384033,895.81518555]
[284.04672241,1386.75653076,863.93774414]
[268.99816895,1421.23394775,876.03063965]
[285.21453857,1458.49084473,848.85168457]
[278.64926147,1481.82647705,844.1652832]
[242.44955444,1501.68896484,811.63720703]
[243.02908325,1521.24389648,795.44348145]
[259.34088135,1559.10168457,794.65234375]
[251.33374023,1564.78918457,740.68139648]
[249.81022644,1563.63092041,717.46313477]
[252.8460083,1558.23162842,652.30395508]
[252.64199829,1575.57922363,613.52441406]
[263.16329956,1587.76708984,468.78393555]
[262.28668213,1574.09460449,379.94824219]
[254.43167114,1530.71826172,316.57409668]
[233.60137939,1533.10162354,302.01867676]
[232.23970032,1534.18859863,241.2154541]
[237.84622192,1530.54278564,207.45568848]
[243.58978271,1527.30865479,187.12084961]
[253.97634888,1536.17028809,200.43395996]
[249.55587769,1522.82617188,196.79724121]
[229.64347839,1489.52862549,250.13037109]
[227.86001587,1499.05523682,304.29284668]
[174.94946289,1450.41265869,311.41577148]
[176.48478699,1433.54870605,376.11682129]
[154.79862976,1404.69891357,512.16394043]
[90.86467743,1385.72869873,590.63232422]
[75.87958527,1359.97393799,624.22424316]
[55.25879669,1333.11334229,667.1529541]
[47.47776031,1324.64996338,696.28149414]
[30.83927155,1320.00213623,699.61254883]
[28.82129669,1316.87139893,707.3145752]
[35.51662827,1321.27130127,694.40820312]
[22.53185272,1349.10687256,690.22521973]
[24.56728363,1348.7276001,687.390625]
[49.531147,1357.88250732,662.04907227]
[47.07285309,1373.11090088,661.31933594]
[9.03070736,1382.80297852,647.56213379]
[-20.98020935,1406.12359619,634.88146973]
[-41.74921036,1390.25750732,631.97070312]
[-97.01314545,1375.21704102,605.43579102]
[-150.89233398,1353.71282959,581.05761719]
[-230.89561462,1325.27746582,565.68591309]
[-260.5249939,1301.25604248,580.22180176]
[-337.16696167,1255.65655518,588.96276855]
[-410.5559082,1217.71749878,571.32849121]
[-440.15185547,1217.30593872,590.97607422]
[-457.81710815,1226.8961792,619.07165527]
[-481.20535278,1243.18109131,646.33508301]
[-488.9022522,1262.0456543,690.52563477]
[-477.19976807,1301.37185669,736.91796875]
[-493.07739258,1313.30633545,782.35473633]
[-494.55953979,1334.51751709,811.27429199]
[-486.80621338,1333.3359375,838.30285645]
[-458.57937622,1332.25396729,883.16235352]
[-401.99493408,1296.80892944,892.11437988]
[-323.81265259,1267.76925659,894.64953613]
[-271.37661743,1253.73242188,938.24780273]
[-141.63768005,1244.15609741,862.96130371]
[-92.18497467,1210.3503418,799.94641113]
[-41.62345123,1223.52374268,783.69836426]
[-9.69063568,1234.15390015,768.45715332]
[-5.1039176,1236.25946045,729.56335449]
[-3.69744360e-01,1.23332483e+03,7.08692871e+02]
[-18.78196335,1319.82995605,741.2310791]
[37.82220078,1325.0947876,738.49035645]
[40.65831375,1300.44613647,689.6619873]
[75.70641327,1358.11083984,651.84350586]
[107.85015106,1392.66870117,654.66479492]
[155.15090942,1391.6529541,620.07873535]
[154.05285645,1384.71936035,620.61083984]
[183.9947052,1373.03582764,583.55432129]
[166.5770874,1343.49200439,585.26037598]
[165.08486938,1318.85827637,570.30651855]
[147.48500061,1271.1232605,549.68652344]
[158.59153748,1223.04278564,547.46826172]
[175.16729736,1216.45895386,550.00939941]
[197.18229675,1216.5680542,545.88427734]
[196.77011108,1240.92428589,543.78149414]
[189.98429871,1255.9246521,544.34008789]
[177.00621033,1277.54467773,543.6361084]
[165.97926331,1274.16604614,522.94116211]
[147.21374512,1274.07727051,509.93164062]
[134.69865417,1267.96368408,494.77575684]
[129.75946045,1247.98678589,470.36328125]
[143.83659363,1224.73217773,446.47595215]
[165.99977112,1194.95944214,434.3248291]
[211.96818542,1138.16113281,426.80615234]
[220.91511536,1123.87173462,430.56677246]
[252.91220093,1087.74255371,463.08325195]
[281.53552246,1061.6182251,514.18078613]
[288.63619995,1031.41249084,591.90686035]
[295.23730469,1025.30438232,625.23352051]
[302.68716431,1040.3833313,683.31018066]
[295.45275879,1036.76112366,758.91210938]
[282.75256348,1042.45729065,783.19482422]
[227.28938293,1053.74931335,856.88745117]
[202.07843018,1065.05084229,871.21838379]
[164.81506348,1079.57196045,880.47741699]
[168.61531067,1074.34130859,867.46057129]
[85.95226288,1130.27862549,817.73034668]
[93.49633789,1192.08190918,719.97814941]
[93.15662384,1203.0831604,733.37341309]
[99.81900787,1209.32131958,711.14855957]
[103.23932648,1218.63076782,664.1706543]
[91.96843719,1199.12969971,626.21350098]
[77.40090179,1225.29959106,616.92456055]
[80.59632111,1220.00549316,627.46582031]
[72.59474945,1227.07736206,602.49987793]
[48.54328918,1304.83792114,531.62634277]
[29.49384117,1353.24694824,483.27185059]
[23.98467445,1420.40222168,415.54101562]
[27.92793846,1435.95825195,377.83813477]
[34.74517822,1426.83642578,325.40112305]
[63.96420288,1416.58752441,300.3795166]
[78.55193329,1378.87091064,264.39526367]
[106.30884552,1340.68139648,235.42407227]
[128.44833374,1308.76623535,222.53991699]
[154.56271362,1255.76864624,212.34033203]
[167.66711426,1242.84472656,222.08300781]
[180.77166748,1207.63934326,226.84411621]
[192.03123474,1200.98324585,205.91552734]
[198.30755615,1185.63070679,197.8795166]
[191.97636414,1176.51516724,206.35107422]
[194.34931946,1164.36404419,201.17041016]
[262.23275757,1254.00912476,281.03271484]
[265.996521,1286.6489563,322.8404541]
[259.59112549,1297.96029663,329.53381348]
[259.4949646,1332.50579834,319.63635254]
[278.3656311,1346.50323486,329.36779785]
[277.08465576,1360.64093018,350.48535156]
[282.68911743,1379.16387939,351.12866211]
[277.73049927,1383.2668457,355.08081055]
[252.89625549,1378.95623779,350.734375]
[234.17120361,1386.61669922,297.10388184]
[238.85662842,1363.53723145,298.8651123]
[202.63369751,1327.15075684,282.29907227]
[220.31846619,1295.40524292,293.78845215]
[207.30220032,1258.53652954,297.79858398]
[199.7780304,1243.76672363,302.32739258]
[216.59031677,1220.72625732,335.15600586]
[224.10939026,1228.2237854,354.92321777]
[254.40904236,1243.32778931,402.4251709]
[268.63705444,1260.88766479,427.22167969]
[287.90606689,1273.94967651,443.64233398]
[288.74362183,1269.96975708,421.7401123]
[288.91470337,1295.00396729,438.28918457]
[306.28396606,1272.55511475,492.15039062]
[318.46722412,1295.74298096,518.73974609]
[345.43917847,1281.57461548,573.74572754]
[338.66601562,1271.12985229,602.95837402]
[368.13012695,1252.46347046,648.19213867]
[383.70913696,1207.39263916,704.79125977]
[364.39282227,1169.03100586,749.26062012]
[342.73565674,1146.02450562,817.6829834]
[351.11032104,1116.27426147,860.5123291]
[334.22662354,1094.08929443,906.32373047]
[313.72515869,1082.1647644,874.76171875]
[289.81768799,1137.18969727,902.06030273]
[297.64028931,1145.41925049,995.88867188]
[298.46081543,1143.73406982,1003.67980957]
[297.68603516,1143.89309692,1000.67993164]
[300.52053833,1144.95141602,972.54125977]
[263.45480347,1139.87960815,931.33068848]
[266.34716797,1139.97235107,936.59936523]
[267.51342773,1163.02334595,923.52246094]
[283.11984253,1162.50924683,860.47021484]
[259.27404785,1187.13320923,828.69287109]
[251.37156677,1233.36932373,786.36364746]
[240.07951355,1266.46343994,763.77929688]
[240.30502319,1301.3644104,747.35107422]
[275.44631958,1333.60083008,683.80493164]
[309.52642822,1343.22607422,662.30651855]
[318.94915771,1357.93188477,642.06591797]
[330.80096436,1379.58435059,631.83215332]
[378.89450073,1414.02520752,597.81933594]
[427.2472229,1411.97442627,629.48913574]
[386.32913208,1392.30963135,635.66357422]
[383.67550659,1384.4730835,662.36901855]
[407.61572266,1415.53070068,738.37463379]
[469.20065308,1389.99920654,797.32971191]
[471.06921387,1387.5581665,786.98803711]
[532.20721436,1278.57598877,904.84216309]
[535.51013184,1226.33587646,972.41833496]
[530.97625732,1181.4730835,1029.34570312]
[488.06298828,1140.53555298,1060.12744141]
[427.121521,1084.72454834,1125.76049805]
[374.67248535,1066.1824646,1115.80981445]
[270.73742676,1017.98348999,1123.18261719]
[255.86494446,952.56898499,1159.59716797]
[320.24874878,870.60569763,1125.50585938]
[252.01052856,846.79400253,1178.12963867]
[272.71209717,822.34728622,1170.63183594]
[272.72283936,787.87962437,1195.29418945]
[263.52124023,776.0599556,1196.71777344]
[228.4679718,769.99995041,799.82458496]
[247.90542603,745.72803497,740.25317383]
[271.30853271,732.67102051,705.48400879]
[281.75115967,718.69704437,663.0098877]
[302.90945435,702.36671448,641.68383789]
[314.44662476,704.80680847,632.76733398]
[321.29431152,726.69593048,646.51293945]
[327.27474976,735.63257599,678.2467041]
[342.23010254,751.35894012,718.92651367]
[368.22866821,786.78593349,751.03466797]
[371.69503784,820.42590141,790.4675293]
[381.62710571,869.61117554,843.27258301]
[384.18927002,926.23239899,907.61352539]
[388.48736572,1014.86300659,913.51782227]
[388.54458618,1052.55184937,995.13928223]
[381.62857056,1109.70346069,1059.27026367]
[367.9647522,1174.47470093,1078.42504883]
[367.78692627,1188.08261108,1068.47729492]
[368.60256958,1196.51724243,1076.94775391]
[376.18621826,1190.99176025,1073.43896484]
[381.32537842,1201.63580322,1071.06445312]
[377.36489868,1203.34967041,1061.23486328]
[364.14898682,1209.06774902,1049.67895508]
[357.69522095,1195.81100464,1028.81713867]
[340.87179565,1184.1987915,1006.81945801]
[321.95413208,1190.9760437,994.88574219]
[315.00234985,1206.66168213,971.2355957]
[298.47143555,1224.76391602,933.8046875]
[314.03900146,1236.36868286,913.67126465]
[349.91204834,1127.90625,787.75170898]
[378.18057251,1090.21691895,759.74121094]
[317.12533569,1162.38183594,768.80212402]
[308.49493408,1199.63204956,763.47875977]
[308.53704834,1260.94155884,716.83569336]
[297.60543823,1295.146698,735.57580566]
[260.75610352,1349.9899292,663.33129883]
[254.79525757,1365.1817627,628.67700195]
[235.75143433,1351.45617676,557.89807129]
[234.63391113,1343.89678955,510.34570312]
[244.72229004,1317.85736084,453.85058594]
[228.81851196,1302.23397827,418.05615234]
[246.46646118,1236.52859497,360.3972168]
[254.27842712,1201.44985962,328.34533691]
[278.30160522,1163.97238159,295.81359863]
[282.60397339,1133.01538086,287.45825195]
[287.77349854,1112.05001831,287.15856934]
[295.95162964,1097.3475647,303.00439453]
[289.57748413,1084.36523438,318.01281738]
[291.1986084,1077.2093811,358.26330566]
[296.65643311,1044.89234924,376.94287109]
[328.4621582,1028.7711792,375.45263672]
[315.03353882,978.14222717,409.48474121]
[316.43862915,966.07783508,400.28308105]
[313.5743103,951.34417725,398.10852051]
[292.62368774,941.03675842,361.44262695]
[258.48791504,931.65863037,345.09069824]
[222.85610962,955.72071838,314.02734375]
[190.3817749,990.91337585,290.98156738]
[174.90486145,1037.6073761,233.82446289]
[161.67781067,1056.61743164,221.79370117]
[132.70664978,1071.61090088,235.63891602]
[124.48216248,1093.91311646,229.30810547]
[126.25065613,1099.57519531,227.69580078]
[133.61738586,1116.72018433,232.75793457]
[140.90429688,1147.28762817,232.91748047]
[136.14263916,1177.48028564,237.56994629]
[138.57598877,1207.43237305,241.5880127]
[135.13664246,1225.88088989,245.90148926]
[129.36125183,1246.07852173,255.08679199]
[109.62052917,1263.1633606,268.13769531]
[84.33927155,1280.32092285,277.96240234]
[83.18656921,1289.28973389,291.24084473]
[56.29810333,1301.87365723,306.22106934]
[31.98813629,1323.94714355,328.50036621]
[2.63553113e-01,1.33227362e+03,3.39831421e+02]
[-21.67066383,1350.92675781,347.35046387]
[-53.88132477,1380.47753906,362.58203125]
[-90.45730591,1411.82427979,366.78820801]
[-193.41558838,1354.55090332,341.34692383]
[-157.45025635,1451.17926025,375.37585449]
[-171.1060791,1473.38635254,369.41906738]
[-216.19267273,1472.51611328,362.37280273]
[-235.557724,1461.55950928,368.31848145]
[-270.56182861,1462.52838135,388.79272461]
[-292.64086914,1419.92523193,396.06542969]
[-330.68740845,1402.32122803,403.98510742]
[-357.16711426,1380.13635254,448.86804199]
[-381.01605225,1369.06170654,528.90332031]
[-436.94522095,1311.13302612,573.36413574]
[-459.05984497,1239.29776001,600.8626709]
[-460.63235474,1174.79034424,640.56311035]
[-481.66821289,1131.53451538,698.58703613]
[-478.8430481,1132.47940063,710.77368164]
[-475.66757202,1158.12887573,707.23547363]
[-421.24356079,1161.60900879,735.48339844]
[-398.21737671,1131.1050415,763.33813477]
[-354.39227295,1144.27862549,783.22961426]
[-290.77648926,1158.87347412,796.55285645]
[-259.86630249,1180.90637207,781.62890625]
[-237.8416748,1206.08496094,841.03735352]
[-206.67185974,1207.85415649,841.69726562]
[-194.38833618,1195.59838867,828.46362305]
[-187.838974,1206.91207886,840.79663086]
[-166.97671509,1185.83221436,880.52868652]
[-148.4835968,1255.28094482,909.62451172]
[-112.45092773,1251.22564697,934.16711426]
[-100.30664825,1238.30062866,938.5090332]
[-92.35366821,1193.94390869,906.95568848]
[-16.58513069,1108.24978638,862.48620605]
[109.60666656,1092.43878174,832.45068359]
[193.00692749,1181.29943848,824.12329102]
[199.59716797,1166.63500977,853.81799316]
[101.02539062,1013.29438782,839.65466309]
[87.23518372,995.33610535,835.19921875]
[117.54341125,1262.52764893,628.86083984]
[113.58364105,1343.58203125,708.59619141]
[137.93223572,1444.4352417,789.4967041]
[196.40534973,1443.39959717,790.25012207]
[232.9367981,1475.75219727,827.03845215]
[245.75552368,1419.92022705,815.74584961]
[275.62979126,1392.97015381,814.91137695]
[307.9236145,1364.60675049,777.0234375]
[328.85140991,1339.15753174,744.38110352]
[367.0027771,1299.09341431,720.92749023]
[373.62045288,1282.3565979,685.49291992]
[375.53186035,1275.8427124,670.63366699]
[371.3694458,1260.99267578,650.16040039]
[364.40475464,1253.14849854,636.30444336]
[365.44213867,1233.44503784,629.51513672]
[356.04055786,1232.0987854,621.92883301]
[342.77560425,1241.31228638,618.23425293]
[412.30444336,1207.18313599,626.97802734]
[403.05224609,1198.40823364,645.91674805]
[353.67730713,1158.53952026,664.31005859]
[341.85354614,1114.89730835,686.98034668]
[341.64907837,1118.34365845,725.79797363]
[349.39706421,1129.79626465,783.5645752]
[362.61065674,1139.18405151,789.36450195]
[359.35678101,1104.10894775,884.0111084]
[352.98358154,1089.12521362,933.28796387]
[345.240448,1103.28646851,944.96716309]
[321.60528564,1097.17871094,1038.90917969]
[347.7925415,1020.35688782,1125.15332031]
[365.64315796,968.49021912,1145.38623047]
[340.35870361,985.33648682,1129.03100586]
[343.9029541,1010.54133606,1149.10107422]
[362.8314209,1027.69039917,1197.76635742]
[363.69406128,1040.28291321,1196.39941406]
[365.8140564,1056.0592041,1213.52709961]
[367.57171631,1071.28536987,1237.07958984]
[333.33981323,1092.3600769,1205.50683594]
[355.02011108,1121.03353882,1205.48461914]
[320.15188599,1190.08413696,1198.34301758]
[295.20184326,1251.68161011,1130.45019531]
[301.80761719,1290.59625244,1121.01928711]
[293.24209595,1305.28591919,1110.93310547]
[291.4730835,1319.27868652,1093.57104492]
[282.03591919,1337.90612793,1093.74487305]
[289.15719604,1333.01678467,1020.49475098]
[279.79052734,1336.68334961,999.96325684]
[268.99499512,1338.27618408,978.60351562]
[252.98846436,1340.62817383,949.77636719]
[239.1678009,1335.97424316,924.31835938]
[231.09301758,1315.78686523,885.02893066]
[203.07939148,1294.86654663,855.62011719]
[184.70820618,1268.28710938,817.90405273]
[152.50337219,1217.68838501,787.36669922]
[146.96681213,1166.4493103,750.63598633]
[138.00502014,1125.30142212,743.82568359]
[136.8024292,1090.29669189,735.08325195]
[125.9272995,1058.3480835,727.89465332]
[126.68984985,1041.48231506,724.85754395]
[135.05892944,1022.30429077,732.70043945]
[134.62460327,1010.96203613,730.38659668]
[133.51399231,1000.52127075,725.11694336]
[130.17932129,999.27348328,720.14318848]
[133.83139038,998.38160706,720.70153809]
[132.69802856,1008.02232361,715.50061035]
[134.82865906,1015.60575867,709.22485352]
[138.40759277,1020.17919922,714.5222168]
[162.58377075,1023.88459778,729.9942627]
[192.86564636,1026.17878723,755.76281738]
[225.44029236,1010.55603027,789.8059082]
[279.07440186,1015.06234741,809.27819824]
[305.63735962,1019.03866577,837.24645996]
[328.1506958,1020.46031189,904.57824707]
[326.6343689,1026.98188782,938.16748047]
[321.61022949,1027.37864685,970.02331543]
[309.64865112,1025.93309021,1006.59423828]
[280.32315063,1043.90647888,1077.14086914]
[238.46928406,1013.55065918,1076.30395508]
[177.52212524,817.79957199,915.1262207]
[179.1914978,772.14701843,878.45849609]
[171.25210571,764.04586029,859.46777344]
[169.234375,772.30013466,852.25830078]
[198.87936401,804.85894108,798.28515625]
[156.13189697,814.25657463,831.75891113]
[148.82713318,815.26182175,830.63208008]
[135.42802429,827.09710693,824.0255127]
[0,0,0]
[0,0,0]
[0,0,0]
[0,0,0]
[0,0,0]
[0,0,0]
[0,0,0]
[0,0,0]
[0,0,0]
[0,0,0]
[0,0,0]
[0,0,0]
[0,0,0]
[0,0,0]
[0,0,0]
[0,0,0]
[0,0,0]
[0,0,0]
[0,0,0]
[0,0,0]
[0,0,0]
[0,0,0]
[0,0,0]
[0,0,0]
[0,0,0]
[0,0,0]
[0,0,0]
[0,0,0]
[0,0,0]
[0,0,0]
[0,0,0]
[0,0,0]
[0,0,0]
[0,0,0]
[0,0,0]
[0,0,0]
[0,0,0]
[0,0,0]
[0,0,0]
[0,0,0]
[0,0,0]
[0,0,0]
[0,0,0]
[0,0,0]
[0,0,0]
[0,0,0]
[0,0,0]
[0,0,0]
[0,0,0]
[0,0,0]
[0,0,0]
[0,0,0]
[0,0,0]
[0,0,0]
[0,0,0]
[0,0,0]
[0,0,0]
[0,0,0]
[0,0,0]
[0,0,0]
[0,0,0]
[0,0,0]
[0,0,0]
[0,0,0]
[0,0,0]
[0,0,0]
[0,0,0]
[0,0,0]
[0,0,0]
[0,0,0]
[0,0,0]
[0,0,0]
[0,0,0]
[0,0,0]
[0,0,0]
[0,0,0]
[0,0,0]
[0,0,0]
[0,0,0]
[0,0,0]
[0,0,0]
[0,0,0]
[0,0,0]
[0,0,0]
[0,0,0]
[0,0,0]
[0,0,0]
[0,0,0]
[0,0,0]
[0,0,0]
[0,0,0]
[0,0,0]
[0,0,0]
[0,0,0]
[0,0,0]
[0,0,0]
[0,0,0]
[0,0,0]
[0,0,0]
[0,0,0]
[0,0,0]
[0,0,0]
[0,0,0]
[0,0,0]
[0,0,0]
[0,0,0]
[0,0,0]
[0,0,0]
[0,0,0]
[0,0,0]
[0,0,0]
[0,0,0]
[0,0,0]
[0,0,0]
[0,0,0]
[0,0,0]
[0,0,0]
[0,0,0]
[0,0,0]
[0,0,0]
[0,0,0]
[0,0,0]
[0,0,0]
[0,0,0]
[0,0,0]
[0,0,0]
[0,0,0]
[0,0,0]
[0,0,0]
[0,0,0]
[0,0,0]
[0,0,0]
[0,0,0]
[0,0,0]
[0,0,0]
[0,0,0]
[0,0,0]
[0,0,0]
[0,0,0]
[0,0,0]
[0,0,0]
[0,0,0]
[0,0,0]
[0,0,0]
[0,0,0]
[0,0,0]
[0,0,0]
[0,0,0]
[0,0,0]
[0,0,0]
[0,0,0]
[0,0,0]
[0,0,0]
[0,0,0]
[0,0,0]
[0,0,0]
[0,0,0]
[0,0,0]
[0,0,0]
[0,0,0]
[0,0,0]
[0,0,0]
[0,0,0]
[0,0,0]
[0,0,0]
[0,0,0]
[0,0,0]
[0,0,0]
[0,0,0]
[0,0,0]
[0,0,0]
[0,0,0]
[0,0,0]
[0,0,0]
[0,0,0]
[0,0,0]
[0,0,0]
[0,0,0]
[0,0,0]
[0,0,0]
[0,0,0]
[0,0,0]
[0,0,0]
[0,0,0]
[0,0,0]
[0,0,0]
[0,0,0]
[0,0,0]
[0,0,0]
[0,0,0]
[0,0,0]
[0,0,0]
[0,0,0]
[0,0,0]
[0,0,0]
[0,0,0]
[0,0,0]
[0,0,0]
[0,0,0]
[0,0,0]
[0,0,0]
[0,0,0]
[0,0,0]
[0,0,0]
[0,0,0]
[0,0,0]
[0,0,0]
[0,0,0]
[0,0,0]
[0,0,0]
[0,0,0]
[0,0,0]
[0,0,0]
[0,0,0]
[0,0,0]
[0,0,0]
[0,0,0]
[0,0,0]
[0,0,0]
[0,0,0]
[0,0,0]
[0,0,0]
[0,0,0]
[0,0,0]
[0,0,0]
[0,0,0]
[0,0,0]
[0,0,0]
[0,0,0]
[0,0,0]
[0,0,0]
[0,0,0]
[0,0,0]
[0,0,0]
[0,0,0]
[0,0,0]
[0,0,0]
[0,0,0]
[0,0,0]
[0,0,0]
[0,0,0]
[0,0,0]
[0,0,0]
[0,0,0]
[0,0,0]
[0,0,0]
[0,0,0]
[0,0,0]
[0,0,0]
[0,0,0]
[0,0,0]
[0,0,0]
[0,0,0]
[0,0,0]
[0,0,0]
[0,0,0]
[0,0,0]
[0,0,0]
[0,0,0]
[0,0,0]
[0,0,0]
[0,0,0]
[0,0,0]
[0,0,0]
[0,0,0]
[0,0,0]
[0,0,0]
[0,0,0]
[0,0,0]
[0,0,0]
[0,0,0]
[0,0,0]
[0,0,0]
[0,0,0]
[0,0,0]
[0,0,0]
[0,0,0]
[0,0,0]
[0,0,0]
[0,0,0]
[0,0,0]
[0,0,0]
[0,0,0]
[0,0,0]
[0,0,0]
[0,0,0]
[0,0,0]
[0,0,0]
[0,0,0]
[0,0,0]
[0,0,0]
[0,0,0]
[0,0,0]
[0,0,0]
[0,0,0]
[0,0,0]
[0,0,0]
[0,0,0]
[0,0,0]
[0,0,0]
[0,0,0]
[0,0,0]
[0,0,0]
[0,0,0]
[0,0,0]
[0,0,0]
[0,0,0]
[0,0,0]
[0,0,0]
[0,0,0]
[0,0,0]
[0,0,0]
[0,0,0]
[0,0,0]
[0,0,0]
[0,0,0]
[0,0,0]
[0,0,0]
[0,0,0]
[0,0,0]
[0,0,0]
[0,0,0]
[0,0,0]
[0,0,0]
[0,0,0]
[0,0,0]
[0,0,0]
[0,0,0]
[0,0,0]
[0,0,0]
[0,0,0]
[0,0,0]
[0,0,0]
[0,0,0]
[0,0,0]
[0,0,0]
[0,0,0]
[0,0,0]
[0,0,0]
[0,0,0]
[0,0,0]
[0,0,0]
[0,0,0]
[0,0,0]
[0,0,0]
[0,0,0]
[0,0,0]
[0,0,0]
[0,0,0]
[0,0,0]
[0,0,0]
[0,0,0]
[0,0,0]
[0,0,0]
[0,0,0]
[0,0,0]
[0,0,0]
[0,0,0]
[0,0,0]
[0,0,0]
[0,0,0]
[0,0,0]
[0,0,0]
[0,0,0]
[0,0,0]
[0,0,0]
[0,0,0]
[0,0,0]
[0,0,0]
[0,0,0]
[0,0,0]
[0,0,0]
[0,0,0]
[0,0,0]
[0,0,0]
[0,0,0]
[0,0,0]
[0,0,0]
[0,0,0]
[0,0,0]
[0,0,0]
[0,0,0]
[0,0,0]
[0,0,0]
[0,0,0]
[0,0,0]
[0,0,0]
[0,0,0]
[0,0,0]
[0,0,0]
[0,0,0]
[0,0,0]
[0,0,0]
[0,0,0]
[0,0,0]
[0,0,0]
[0,0,0]
[0,0,0]
[0,0,0]
[0,0,0]
[0,0,0]
[0,0,0]
[0,0,0]
[0,0,0]
[0,0,0]
[0,0,0]
[0,0,0]
[0,0,0]
[0,0,0]
[0,0,0]
[0,0,0]
[0,0,0]
[0,0,0]
[0,0,0]
[0,0,0]
[0,0,0]
[0,0,0]
[0,0,0]
[0,0,0]
[0,0,0]
[0,0,0]
[0,0,0]
[0,0,0]
[0,0,0]
[0,0,0]
[0,0,0]
[0,0,0]
[0,0,0]
[0,0,0]
[0,0,0]
[0,0,0]
[0,0,0]
[0,0,0]
[0,0,0]
[0,0,0]
[0,0,0]
[0,0,0]
[0,0,0]
[0,0,0]
[0,0,0]
[0,0,0]
[0,0,0]
[0,0,0]
[0,0,0]
[0,0,0]
[0,0,0]
[0,0,0]
[0,0,0]
[0,0,0]
[0,0,0]
[0,0,0]
[0,0,0]
