452
30
[222.1750946044922, -85.47566986083984, 1973.9901123046875]
[239.01123046875, -84.64469909667969, 1987.664306640625]
[271.8066711425781, -86.78658294677734, 2027.4140625]
[274.86865234375, -85.48272705078125, 2022.2410888671875]
[274.4183044433594, -85.6431655883789, 2023.648681640625]
[284.11224365234375, -86.81771087646484, 2026.744384765625]
[293.6680603027344, -86.38832092285156, 2020.088623046875]
[305.8871154785156, -86.55802917480469, 2010.710693359375]
[310.8102722167969, -87.0966567993164, 2016.245849609375]
[313.5002746582031, -86.81412506103516, 2011.9974365234375]
[313.14276123046875, -87.32537841796875, 2008.5289306640625]
[312.58514404296875, -86.5660400390625, 2011.036865234375]
[312.16436767578125, -84.81532287597656, 2013.1280517578125]
[312.30364990234375, -82.33016967773438, 2013.2158203125]
[314.2077331542969, -77.74072265625, 2018.755615234375]
[318.3147277832031, -78.10896301269531, 2019.279296875]
[325.1629943847656, -81.001708984375, 2016.265625]
[331.2105407714844, -79.07304382324219, 2012.46923828125]
[333.89630126953125, -78.67535400390625, 2010.8515625]
[340.7317810058594, -80.55686950683594, 2016.3223876953125]
[348.5078125, -83.30323028564453, 1991.1416015625]
[349.6666259765625, -80.3852310180664, 1989.8968505859375]
[349.5971374511719, -76.72234344482422, 1993.3712158203125]
[348.58477783203125, -77.52643585205078, 1981.9996337890625]
[347.60028076171875, -76.87799835205078, 1977.1778564453125]
[346.2182922363281, -76.5419921875, 1973.387939453125]
[340.466796875, -75.94456481933594, 1965.014404296875]
[335.413818359375, -77.72283172607422, 1965.271484375]
[331.0247497558594, -77.635009765625, 1961.8228759765625]
[323.4522399902344, -79.29292297363281, 1958.5865478515625]
[322.5832214355469, -75.82323455810547, 1957.856689453125]
[321.2854309082031, -75.78007507324219, 1956.3497314453125]
[318.3642272949219, -75.1446533203125, 1954.6763916015625]
[303.840087890625, -61.32499694824219, 1958.7266845703125]
[303.0787353515625, -56.14933395385742, 1957.933349609375]
[301.0901794433594, -56.72272491455078, 1943.425537109375]
[301.3385925292969, -56.734619140625, 1943.3614501953125]
[306.51348876953125, -85.72589111328125, 1851.0635986328125]
[313.361572265625, -80.89927673339844, 1815.3734130859375]
[319.2201232910156, -84.22127532958984, 1790.656005859375]
[330.3090515136719, -137.7257537841797, 1735.5567626953125]
[315.5525207519531, -161.6936798095703, 1726.3779296875]
[318.7089538574219, -186.71141052246094, 1736.17431640625]
[309.4372863769531, -215.30950927734375, 1762.5711669921875]
[317.0097961425781, -220.7792510986328, 1781.6505126953125]
[278.9353332519531, -258.6558837890625, 1794.6759033203125]
[279.8626403808594, -268.5024719238281, 1818.1966552734375]
[281.1493835449219, -268.12713623046875, 1843.2398681640625]
[278.6200866699219, -256.81024169921875, 1872.6314697265625]
[262.69720458984375, -283.3981018066406, 1867.348388671875]
[259.2618103027344, -290.1108703613281, 1865.36962890625]
[249.53025817871094, -302.45220947265625, 1869.637939453125]
[260.59161376953125, -302.3818359375, 1926.2911376953125]
[200.22427368164062, -324.29083251953125, 1893.8272705078125]
[228.56861877441406, -353.1069641113281, 1881.48974609375]
[235.3283233642578, -398.7397766113281, 1851.8209228515625]
[246.5443572998047, -422.19769287109375, 1845.35107421875]
[268.66156005859375, -510.0654296875, 1816.240966796875]
[268.0006103515625, -571.8467407226562, 1792.7777099609375]
[252.48605346679688, -625.4625244140625, 1763.7298583984375]
[238.0268096923828, -653.589599609375, 1772.839599609375]
[225.12208557128906, -685.9140014648438, 1756.999267578125]
[214.05572509765625, -710.583984375, 1755.0113525390625]
[164.3285675048828, -741.361083984375, 1739.3626708984375]
[183.94638061523438, -752.6671142578125, 1705.8775634765625]
[183.8594207763672, -762.0408325195312, 1712.94140625]
[195.7306365966797, -762.6156005859375, 1643.9793701171875]
[194.6695098876953, -757.9464111328125, 1620.806396484375]
[181.30264282226562, -751.6951293945312, 1565.9149169921875]
[187.81927490234375, -775.8986206054688, 1520.7537841796875]
[181.4580535888672, -724.0029296875, 1422.11572265625]
[166.57257080078125, -715.8850708007812, 1363.2554931640625]
[141.80039978027344, -714.7484130859375, 1313.631591796875]
[126.396240234375, -700.4418334960938, 1280.093994140625]
[125.7353744506836, -691.6363525390625, 1234.1114501953125]
[131.27684020996094, -688.2680053710938, 1209.6585693359375]
[138.3260498046875, -680.5087890625, 1186.7725830078125]
[152.7790985107422, -683.7477416992188, 1188.4046630859375]
[140.03369140625, -692.33251953125, 1214.412841796875]
[115.88383483886719, -692.6051025390625, 1247.5343017578125]
[115.61093139648438, -680.9036254882812, 1290.890625]
[138.76632690429688, -725.5170288085938, 1387.5491943359375]
[161.4300079345703, -710.7923583984375, 1457.0296630859375]
[138.6673583984375, -696.9916381835938, 1573.348876953125]
[22.48102378845215, -614.0410766601562, 1680.906005859375]
[16.907808303833008, -587.5332641601562, 1718.8941650390625]
[18.507043838500977, -575.356201171875, 1767.188232421875]
[-1.8139257431030273, -557.883544921875, 1792.4136962890625]
[-20.07864761352539, -553.6970825195312, 1794.073486328125]
[-9.042919158935547, -564.8416137695312, 1802.3819580078125]
[8.046789169311523, -560.740234375, 1795.6563720703125]
[2.898195743560791, -596.500732421875, 1791.560302734375]
[11.273794174194336, -605.7569580078125, 1785.7037353515625]
[23.675540924072266, -611.4884643554688, 1759.8680419921875]
[6.725575923919678, -620.86376953125, 1757.994140625]
[-11.589118957519531, -632.7550048828125, 1750.310791015625]
[-41.30900573730469, -631.1554565429688, 1745.7401123046875]
[-67.24264526367188, -614.7387084960938, 1741.5050048828125]
[-73.54356384277344, -607.7291870117188, 1712.0433349609375]
[-201.95790100097656, -602.9440307617188, 1670.39404296875]
[-292.7211608886719, -565.2605590820312, 1651.2750244140625]
[-322.3489074707031, -569.2566528320312, 1645.1820068359375]
[-409.55859375, -476.48321533203125, 1673.633544921875]
[-490.4781799316406, -448.4079895019531, 1645.942138671875]
[-524.4733276367188, -414.84466552734375, 1667.5782470703125]
[-538.3651123046875, -392.6361999511719, 1692.3204345703125]
[-516.0101928710938, -419.7637939453125, 1753.4927978515625]
[-528.3521728515625, -426.1396179199219, 1793.7103271484375]
[-538.5296020507812, -416.28271484375, 1786.751220703125]
[-497.9524230957031, -415.27587890625, 1718.5994873046875]
[-505.50579833984375, -441.89605712890625, 1741.300048828125]
[-499.7045593261719, -450.3183898925781, 1759.799560546875]
[-452.4798583984375, -449.78436279296875, 1805.1107177734375]
[-398.75518798828125, -424.1846923828125, 1806.6873779296875]
[-295.763427734375, -408.460693359375, 1801.838623046875]
[-245.79168701171875, -394.339599609375, 1844.2171630859375]
[-147.51083374023438, -348.74749755859375, 1800.20703125]
[-79.4381332397461, -357.1302185058594, 1700.3590087890625]
[-38.87417221069336, -354.75579833984375, 1693.01611328125]
[-0.30106866359710693, -363.4247741699219, 1679.9610595703125]
[2.524597644805908, -341.8685607910156, 1665.9298095703125]
[5.66720724105835, -329.0408935546875, 1662.3760986328125]
[14.28396987915039, -428.4483947753906, 1680.5933837890625]
[44.15928649902344, -433.97503662109375, 1670.491943359375]
[51.62420654296875, -388.7908935546875, 1670.0899658203125]
[59.58106994628906, -444.99444580078125, 1655.8460693359375]
[39.43593215942383, -505.7202453613281, 1684.559814453125]
[54.32666015625, -586.6730346679688, 1675.2098388671875]
[53.881771087646484, -621.9583740234375, 1664.9068603515625]
[71.7638168334961, -578.0651245117188, 1592.62451171875]
[70.28443145751953, -600.9178466796875, 1601.2142333984375]
[86.85598754882812, -597.025390625, 1580.8944091796875]
[94.11997985839844, -569.73974609375, 1551.8978271484375]
[83.03219604492188, -503.9708557128906, 1536.26416015625]
[102.07928466796875, -482.55145263671875, 1498.661376953125]
[112.8630142211914, -485.10205078125, 1520.080078125]
[132.35992431640625, -516.91552734375, 1597.598388671875]
[132.47573852539062, -530.1173706054688, 1610.3751220703125]
[136.68113708496094, -544.6043701171875, 1629.56494140625]
[125.69001007080078, -543.0635375976562, 1607.0946044921875]
[116.31269836425781, -536.2166137695312, 1602.4913330078125]
[117.13063049316406, -521.0582275390625, 1595.69287109375]
[108.14946746826172, -486.16131591796875, 1576.58740234375]
[155.3306121826172, -444.2318420410156, 1558.5234375]
[199.03016662597656, -406.5928955078125, 1541.3853759765625]
[215.216796875, -379.40643310546875, 1531.4344482421875]
[236.41470336914062, -358.40283203125, 1536.4522705078125]
[268.4871520996094, -310.3340759277344, 1573.080322265625]
[302.0712585449219, -336.5528564453125, 1596.7774658203125]
[365.5263671875, -315.3713073730469, 1593.27978515625]
[350.06390380859375, -244.7770233154297, 1723.5361328125]
[322.5845031738281, -248.23394775390625, 1795.25634765625]
[318.8541259765625, -252.2945098876953, 1868.624755859375]
[288.2577209472656, -252.67958068847656, 1897.012451171875]
[241.89593505859375, -292.3479919433594, 1961.116455078125]
[218.75289916992188, -297.3334045410156, 1978.31689453125]
[184.61663818359375, -313.491943359375, 1987.2762451171875]
[180.45913696289062, -310.93206787109375, 1974.97412109375]
[125.7552490234375, -341.4779357910156, 1923.7076416015625]
[91.46517944335938, -360.81756591796875, 1829.9447021484375]
[82.03345489501953, -364.0342712402344, 1839.5361328125]
[137.3118133544922, -396.6568603515625, 1817.6734619140625]
[157.60003662109375, -399.8919677734375, 1761.623779296875]
[133.82911682128906, -431.3822326660156, 1725.3406982421875]
[119.30305480957031, -461.75830078125, 1714.0311279296875]
[107.21179962158203, -474.211669921875, 1722.005859375]
[89.99311828613281, -489.7454528808594, 1695.13671875]
[38.41056823730469, -581.9434814453125, 1613.9052734375]
[-12.96017837524414, -639.073486328125, 1542.6976318359375]
[-24.875442504882812, -688.2576904296875, 1490.2144775390625]
[-48.23942947387695, -715.894775390625, 1392.206298828125]
[-38.67989730834961, -708.6073608398438, 1337.0819091796875]
[-22.825756072998047, -684.9898681640625, 1298.6612548828125]
[4.685364723205566, -654.5596923828125, 1291.668701171875]
[55.7305793762207, -621.7691040039062, 1284.4249267578125]
[100.9720687866211, -586.6507568359375, 1291.5482177734375]
[133.04576110839844, -544.0543823242188, 1272.4239501953125]
[162.34800720214844, -509.811767578125, 1307.686279296875]
[176.11105346679688, -472.29510498046875, 1314.29638671875]
[189.2896270751953, -455.2351989746094, 1300.1107177734375]
[189.69554138183594, -446.88690185546875, 1287.7735595703125]
[191.0384521484375, -447.8707275390625, 1288.472412109375]
[189.9425811767578, -440.4280090332031, 1280.406494140625]
[248.5594482421875, -561.0191040039062, 1294.5787353515625]
[270.05731201171875, -589.1978149414062, 1288.57275390625]
[278.36798095703125, -567.1450805664062, 1250.43701171875]
[272.07080078125, -612.7484741210938, 1245.868896484375]
[264.66363525390625, -608.0972900390625, 1240.156982421875]
[271.37017822265625, -613.9141235351562, 1255.81201171875]
[259.6247863769531, -632.7315673828125, 1259.60986328125]
[257.257080078125, -627.5492553710938, 1258.4801025390625]
[219.7365264892578, -641.2935791015625, 1266.857177734375]
[164.44168090820312, -612.2335205078125, 1213.100830078125]
[164.3064727783203, -577.2010498046875, 1217.7081298828125]
[110.7415771484375, -585.8927001953125, 1269.063232421875]
[121.4198226928711, -526.3705444335938, 1256.61328125]
[179.4138946533203, -544.2487182617188, 1234.8929443359375]
[157.1888427734375, -527.8458862304688, 1246.6458740234375]
[161.74366760253906, -499.374267578125, 1281.1007080078125]
[153.37554931640625, -494.51556396484375, 1303.0609130859375]
[184.9764404296875, -468.1592712402344, 1319.212158203125]
[192.2518310546875, -468.7398681640625, 1345.807373046875]
[203.07818603515625, -481.00244140625, 1369.903076171875]
[191.9296112060547, -524.5478515625, 1399.4837646484375]
[252.7110595703125, -570.8203735351562, 1361.371337890625]
[292.88543701171875, -500.8990783691406, 1382.7066650390625]
[290.9635009765625, -506.7447509765625, 1409.6380615234375]
[311.0391540527344, -485.6553955078125, 1466.5091552734375]
[281.61883544921875, -478.5717468261719, 1506.501220703125]
[326.7591857910156, -471.5076904296875, 1546.7794189453125]
[341.9535827636719, -378.1361389160156, 1605.3792724609375]
[303.48736572265625, -378.21978759765625, 1657.276123046875]
[301.51580810546875, -352.31732177734375, 1714.592041015625]
[313.1247863769531, -305.4140319824219, 1754.3463134765625]
[287.07574462890625, -279.539794921875, 1803.8782958984375]
[298.24676513671875, -272.5028381347656, 1760.923583984375]
[255.09178161621094, -315.0052795410156, 1793.7996826171875]
[242.92417907714844, -321.3331604003906, 1898.25537109375]
[258.4389953613281, -318.9986267089844, 1897.9031982421875]
[259.84442138671875, -323.23162841796875, 1892.854248046875]
[254.4755859375, -333.9225769042969, 1866.9119873046875]
[161.0994110107422, -312.6424865722656, 1884.4361572265625]
[161.04100036621094, -326.2388916015625, 1895.767578125]
[166.6333465576172, -359.661865234375, 1876.000244140625]
[204.83807373046875, -359.8402099609375, 1781.1453857421875]
[185.69082641601562, -396.9777526855469, 1746.8929443359375]
[179.59512329101562, -449.2405090332031, 1703.459228515625]
[169.87037658691406, -496.9855041503906, 1683.8519287109375]
[174.2067108154297, -536.2722778320312, 1666.20166015625]
[206.3204803466797, -583.7230224609375, 1612.8040771484375]
[246.2430877685547, -599.5533447265625, 1588.8482666015625]
[276.89410400390625, -607.866943359375, 1550.3206787109375]
[292.3382568359375, -510.3158874511719, 1549.689208984375]
[286.0668640136719, -556.8199462890625, 1561.564453125]
[329.26409912109375, -578.7489624023438, 1576.2332763671875]
[306.0067443847656, -559.4401245117188, 1557.883544921875]
[292.0199279785156, -576.9938354492188, 1589.843505859375]
[325.3583984375, -576.6055297851562, 1665.8480224609375]
[417.7338562011719, -605.5404663085938, 1693.6044921875]
[405.71826171875, -604.1801147460938, 1692.3792724609375]
[474.4985656738281, -409.56671142578125, 1832.304931640625]
[478.67242431640625, -383.51177978515625, 1884.023193359375]
[484.44189453125, -363.2030334472656, 1927.7518310546875]
[442.0312194824219, -322.9667663574219, 1959.3753662109375]
[369.4471130371094, -274.6345520019531, 2029.713623046875]
[342.2572326660156, -275.5953063964844, 2009.2950439453125]
[333.1534118652344, -288.9171142578125, 2065.71533203125]
[299.043701171875, -252.39028930664062, 2140.16162109375]
[316.2312927246094, -157.1964569091797, 2060.829833984375]
[299.62481689453125, -127.67491912841797, 2129.263427734375]
[298.7754211425781, -107.31292724609375, 2114.27490234375]
[293.04852294921875, -59.054195404052734, 2121.472900390625]
[261.60137939453125, -72.5758285522461, 2158.205810546875]
[227.66844177246094, 40.867225646972656, 1905.275390625]
[243.1492919921875, 78.04743194580078, 1843.3629150390625]
[272.5341491699219, 119.02914428710938, 1797.9498291015625]
[261.89910888671875, 128.5001983642578, 1756.8165283203125]
[279.46429443359375, 148.33038330078125, 1732.3441162109375]
[310.9242858886719, 138.455322265625, 1731.533203125]
[332.7753601074219, 118.33235931396484, 1744.3685302734375]
[329.1531066894531, 113.07768249511719, 1775.9888916015625]
[344.96484375, 89.4738998413086, 1820.3455810546875]
[377.7190856933594, 50.441162109375, 1856.052734375]
[397.773193359375, 11.889394760131836, 1896.6893310546875]
[389.7032775878906, 2.7529449462890625, 1932.091064453125]
[419.13751220703125, -56.3143196105957, 1994.4461669921875]
[406.0729675292969, -117.2998046875, 1975.822021484375]
[390.980712890625, -222.43141174316406, 2106.355712890625]
[384.73114013671875, -293.7380676269531, 2174.304931640625]
[360.7144775390625, -316.4338684082031, 2179.753662109375]
[333.4456481933594, -350.3622741699219, 2173.66015625]
[335.5411376953125, -370.9635314941406, 2186.19287109375]
[345.5433044433594, -381.3233947753906, 2186.105712890625]
[371.3218688964844, -432.9098205566406, 2182.324462890625]
[368.7348937988281, -425.1933898925781, 2174.30078125]
[358.7910461425781, -432.26055908203125, 2159.565185546875]
[367.37493896484375, -404.8423156738281, 2139.372314453125]
[373.0435485839844, -386.849609375, 2112.35693359375]
[354.0415954589844, -377.9303283691406, 2099.780029296875]
[354.3891906738281, -382.1935119628906, 2071.147216796875]
[330.1626281738281, -447.1331787109375, 2036.5087890625]
[328.5086669921875, -445.4644775390625, 2023.3292236328125]
[393.14019775390625, -308.8009948730469, 1889.961181640625]
[364.60638427734375, -278.5719299316406, 1871.69189453125]
[328.227294921875, -430.0050048828125, 1858.334228515625]
[309.2265319824219, -504.4167175292969, 1805.4105224609375]
[290.53814697265625, -560.2972412109375, 1769.43212890625]
[274.0915222167969, -578.7186889648438, 1808.7930908203125]
[196.5899200439453, -626.8883056640625, 1715.4981689453125]
[209.34117126464844, -625.6038208007812, 1711.31005859375]
[197.2925262451172, -608.4136352539062, 1644.5823974609375]
[217.56468200683594, -595.7628784179688, 1606.6201171875]
[213.83148193359375, -571.2685546875, 1545.660888671875]
[227.89620971679688, -548.5257568359375, 1520.0404052734375]
[306.4684143066406, -436.17193603515625, 1455.3350830078125]
[314.2001647949219, -410.927978515625, 1422.4034423828125]
[316.1993103027344, -394.5545349121094, 1396.302734375]
[307.43804931640625, -364.9570617675781, 1390.9375]
[320.23809814453125, -335.7123107910156, 1392.0263671875]
[333.677734375, -292.81341552734375, 1410.28857421875]
[323.5118713378906, -312.6133728027344, 1423.0498046875]
[325.5670471191406, -306.6425476074219, 1463.0357666015625]
[336.2352600097656, -284.6715087890625, 1476.16943359375]
[313.6966552734375, -278.0599365234375, 1477.3353271484375]
[352.53936767578125, -218.66110229492188, 1508.903076171875]
[342.0810546875, -191.19764709472656, 1506.3408203125]
[339.57373046875, -175.96572875976562, 1503.1053466796875]
[321.09954833984375, -176.5781707763672, 1463.1307373046875]
[291.6841735839844, -158.7952880859375, 1447.849365234375]
[290.8085021972656, -228.68910217285156, 1363.47509765625]
[199.7589111328125, -258.2108154296875, 1378.99462890625]
[180.35012817382812, -268.075927734375, 1339.951904296875]
[137.613525390625, -294.3444519042969, 1322.950927734375]
[97.28738403320312, -302.7972106933594, 1336.2451171875]
[80.05006408691406, -315.66558837890625, 1330.3448486328125]
[79.96544647216797, -319.0322570800781, 1328.160400390625]
[79.33747100830078, -330.5345153808594, 1329.0284423828125]
[80.27011108398438, -350.297607421875, 1325.324462890625]
[73.5140151977539, -371.38092041015625, 1328.501953125]
[70.1231918334961, -394.04998779296875, 1327.413818359375]
[71.64564514160156, -417.1459655761719, 1338.9765625]
[57.22634506225586, -432.2544860839844, 1341.1427001953125]
[29.693572998046875, -473.126708984375, 1350.67138671875]
[14.386735916137695, -499.2321472167969, 1364.41943359375]
[8.049756050109863, -505.91497802734375, 1369.46728515625]
[-5.048379421234131, -558.0938110351562, 1385.0465087890625]
[-17.785436630249023, -577.4878540039062, 1415.83447265625]
[-50.78494644165039, -587.3297119140625, 1425.298828125]
[-62.46067428588867, -602.2892456054688, 1439.7127685546875]
[-87.19801330566406, -625.723388671875, 1461.7374267578125]
[-123.62492370605469, -676.27978515625, 1456.226806640625]
[-155.39356994628906, -627.206787109375, 1423.5230712890625]
[-204.46310424804688, -683.6712036132812, 1475.661376953125]
[-208.15292358398438, -743.7988891601562, 1454.5634765625]
[-254.28628540039062, -726.42236328125, 1457.51123046875]
[-251.54263305664062, -717.8939819335938, 1467.531494140625]
[-252.0562744140625, -731.4743041992188, 1479.0655517578125]
[-253.92633056640625, -700.388916015625, 1467.0533447265625]
[-355.7362976074219, -634.80859375, 1507.8399658203125]
[-342.578857421875, -657.6920776367188, 1529.2911376953125]
[-347.1709289550781, -678.9411010742188, 1523.4393310546875]
[-388.65301513671875, -611.6361694335938, 1541.9453125]
[-454.9769287109375, -397.0143737792969, 1494.6815185546875]
[-447.8428649902344, -354.0108947753906, 1528.935546875]
[-443.91815185546875, -343.3272399902344, 1591.2718505859375]
[-446.1203308105469, -333.76513671875, 1600.311279296875]
[-425.1390380859375, -353.9889831542969, 1604.840576171875]
[-390.79925537109375, -346.38275146484375, 1626.4666748046875]
[-346.9964599609375, -278.22259521484375, 1675.3690185546875]
[-300.8243713378906, -288.25726318359375, 1700.1318359375]
[-233.3731689453125, -327.2147216796875, 1704.2054443359375]
[-184.45947265625, -334.4538879394531, 1714.3492431640625]
[-163.77601623535156, -372.8589172363281, 1764.614501953125]
[-151.5495147705078, -375.5194396972656, 1749.5826416015625]
[-143.7254180908203, -363.5367431640625, 1734.4434814453125]
[-147.75584411621094, -366.80389404296875, 1744.8939208984375]
[-150.29489135742188, -363.74700927734375, 1771.4473876953125]
[-142.24349975585938, -359.7837219238281, 1849.6156005859375]
[-139.15126037597656, -374.0585021972656, 1858.4859619140625]
[-149.6097869873047, -393.0395202636719, 1848.091064453125]
[-160.82208251953125, -390.8830261230469, 1817.1947021484375]
[-77.37908935546875, -384.7738342285156, 1805.1707763671875]
[0.06311386823654175, -267.3486022949219, 1822.522216796875]
[109.34335327148438, -305.3926086425781, 1832.6756591796875]
[101.76726531982422, -316.6811828613281, 1828.68408203125]
[51.86612319946289, -255.97515869140625, 1931.287109375]
[54.629478454589844, -250.94444274902344, 1926.9110107421875]
[163.8938751220703, -427.33135986328125, 1724.2181396484375]
[133.93692016601562, -476.5506591796875, 1796.344482421875]
[212.90782165527344, -613.3668823242188, 1866.8414306640625]
[208.4226837158203, -601.7030639648438, 1892.791015625]
[232.9568328857422, -589.7269897460938, 1899.4598388671875]
[287.4928894042969, -663.1488037109375, 1910.681640625]
[308.7203369140625, -623.6448974609375, 1917.7940673828125]
[315.4905090332031, -600.1589965820312, 1882.2232666015625]
[352.9247131347656, -580.3605346679688, 1844.9862060546875]
[394.5235595703125, -525.4047241210938, 1825.28466796875]
[409.0525207519531, -512.7327880859375, 1787.441162109375]
[404.79058837890625, -505.94073486328125, 1775.7728271484375]
[402.5867004394531, -484.0138854980469, 1757.0369873046875]
[390.19561767578125, -482.6164855957031, 1743.532470703125]
[399.7155456542969, -468.49554443359375, 1730.2757568359375]
[385.15960693359375, -458.66790771484375, 1728.1038818359375]
[380.0915222167969, -456.8663635253906, 1723.0535888671875]
[332.4438171386719, -416.02069091796875, 1705.01025390625]
[307.21783447265625, -416.135009765625, 1701.2276611328125]
[334.2046813964844, -381.0528869628906, 1772.2498779296875]
[342.7044982910156, -345.3367919921875, 1794.94189453125]
[348.135009765625, -341.1150207519531, 1836.5335693359375]
[359.3619384765625, -346.7414245605469, 1896.4371337890625]
[367.1288757324219, -353.16473388671875, 1903.6920166015625]
[387.7875061035156, -322.0899658203125, 1994.3988037109375]
[374.2157287597656, -319.67303466796875, 2042.511474609375]
[388.8831787109375, -360.53692626953125, 2033.48681640625]
[406.17572021484375, -368.88690185546875, 2065.091796875]
[387.7803039550781, -324.9864501953125, 2117.3935546875]
[348.4526062011719, -278.4160461425781, 2143.362060546875]
[323.690673828125, -280.54339599609375, 2181.66943359375]
[288.3275451660156, -303.0765686035156, 2169.838623046875]
[286.8954772949219, -302.3479919433594, 2169.505859375]
[282.51104736328125, -311.92474365234375, 2175.723388671875]
[281.78594970703125, -316.41778564453125, 2174.34130859375]
[287.7223205566406, -328.17913818359375, 2186.300537109375]
[286.76666259765625, -371.57244873046875, 2144.0322265625]
[302.8316650390625, -382.47979736328125, 2128.8359375]
[332.4916687011719, -371.1516418457031, 2088.6923828125]
[202.28335571289062, -407.8769226074219, 2086.21484375]
[202.3007049560547, -440.9799499511719, 2111.816650390625]
[186.68544006347656, -472.5850830078125, 2123.7216796875]
[183.39718627929688, -509.83154296875, 2120.1396484375]
[178.38546752929688, -558.0269775390625, 2126.6875]
[227.04591369628906, -623.9791870117188, 2016.131103515625]
[211.4942626953125, -621.2975463867188, 2012.4954833984375]
[204.93507385253906, -626.2147216796875, 1992.9921875]
[191.2769775390625, -629.87646484375, 1960.4703369140625]
[180.56466674804688, -629.81005859375, 1926.90380859375]
[179.0011749267578, -611.2635498046875, 1868.662109375]
[126.42488098144531, -573.36376953125, 1840.4913330078125]
[102.8140640258789, -537.8970947265625, 1791.7947998046875]
[50.47336959838867, -455.55810546875, 1763.2401123046875]
[44.62615966796875, -397.3459777832031, 1718.8343505859375]
[30.7866268157959, -325.10675048828125, 1712.188232421875]
[37.0002555847168, -261.8672180175781, 1695.9383544921875]
[30.297622680664062, -223.87232971191406, 1684.051025390625]
[31.281084060668945, -207.73623657226562, 1681.5333251953125]
[39.74345397949219, -200.75619506835938, 1681.2841796875]
[35.80971908569336, -186.2200164794922, 1688.054443359375]
[44.59004211425781, -165.509765625, 1669.1951904296875]
[43.37224197387695, -171.12367248535156, 1657.885986328125]
[53.57375717163086, -166.85716247558594, 1652.034423828125]
[58.38376235961914, -178.12828063964844, 1639.228759765625]
[67.4860610961914, -185.29689025878906, 1626.6829833984375]
[76.89543914794922, -193.53038024902344, 1627.109375]
[112.70645141601562, -204.0465545654297, 1633.837646484375]
[147.63133239746094, -208.94972229003906, 1657.61328125]
[199.3259735107422, -200.4060516357422, 1683.668212890625]
[252.3223114013672, -194.44320678710938, 1703.9200439453125]
[274.3026428222656, -191.25157165527344, 1735.0733642578125]
[303.2549743652344, -186.77853393554688, 1801.856689453125]
[302.1918029785156, -195.6942901611328, 1833.6934814453125]
[295.7361145019531, -205.02098083496094, 1861.7200927734375]
[292.4153747558594, -206.6177978515625, 1896.3653564453125]
[268.8490295410156, -218.5508575439453, 1968.0736083984375]
[239.79408264160156, -164.90423583984375, 1973.88037109375]
[128.11019897460938, 46.43347930908203, 1835.56787109375]
[136.61959838867188, 122.40044403076172, 1835.193115234375]
[138.36422729492188, 137.78683471679688, 1824.9210205078125]
[148.85557556152344, 132.7811737060547, 1822.4049072265625]
[171.65838623046875, 102.86370849609375, 1792.4166259765625]
[146.89356994628906, 93.25228118896484, 1809.7086181640625]
[155.7290802001953, 93.6019287109375, 1823.7464599609375]
[133.48638916015625, 82.44284057617188, 1827.93408203125]
