452
30
[222.1750946, 885.47566986, 973.9901123]
[239.01123047, 884.6446991, 987.66430664]
[271.80667114, 886.78658295, 1027.4140625]
[274.86865234, 885.48272705, 1022.24108887]
[274.41830444, 885.64316559, 1023.64868164]
[284.11224365, 886.81771088, 1026.74438477]
[293.6680603, 886.38832092, 1020.08862305]
[305.88711548, 886.55802917, 1010.71069336]
[310.81027222, 887.0966568, 1016.24584961]
[313.50027466, 886.81412506, 1011.99743652]
[313.14276123, 887.32537842, 1008.52893066]
[312.58514404, 886.56604004, 1011.03686523]
[312.16436768, 884.81532288, 1013.12805176]
[312.3036499, 882.33016968, 1013.21582031]
[314.20773315, 877.74072266, 1018.75561523]
[318.31472778, 878.10896301, 1019.27929688]
[325.16299438, 881.00170898, 1016.265625]
[331.21054077, 879.07304382, 1012.46923828]
[333.89630127, 878.675354, 1010.8515625]
[340.73178101, 880.55686951, 1016.3223877]
[348.5078125, 883.30323029, 991.14160156]
[349.66662598, 880.38523102, 989.89685059]
[349.59713745, 876.72234344, 993.37121582]
[348.58477783, 877.52643585, 981.99963379]
[347.60028076, 876.87799835, 977.17785645]
[346.21829224, 876.54199219, 973.38793945]
[340.46679688, 875.94456482, 965.0144043]
[335.41381836, 877.72283173, 965.27148438]
[331.02474976, 877.63500977, 961.82287598]
[323.45223999, 879.29292297, 958.58654785]
[322.58322144, 875.82323456, 957.85668945]
[321.28543091, 875.78007507, 956.34973145]
[318.36422729, 875.14465332, 954.6763916]
[303.84008789, 861.32499695, 958.72668457]
[303.07873535, 856.14933395, 957.93334961]
[301.09017944, 856.72272491, 943.42553711]
[301.33859253, 856.73461914, 943.3614502]
[306.51348877, 885.72589111, 851.06359863]
[313.36157227, 880.89927673, 815.37341309]
[319.22012329, 884.22127533, 790.65600586]
[330.30905151, 937.72575378, 735.5567627]
[315.55252075, 961.69367981, 726.37792969]
[318.70895386, 986.71141052, 736.17431641]
[309.43728638, 1015.30950928, 762.57116699]
[317.00979614, 1020.7792511, 781.6505127]
[278.93533325, 1058.65588379, 794.67590332]
[279.86264038, 1068.50247192, 818.19665527]
[281.14938354, 1068.12713623, 843.23986816]
[278.62008667, 1056.8102417, 872.63146973]
[262.69720459, 1083.39810181, 867.34838867]
[259.2618103, 1090.11087036, 865.36962891]
[249.53025818, 1102.45220947, 869.63793945]
[260.59161377, 1102.38183594, 926.2911377]
[200.22427368, 1124.29083252, 893.82727051]
[228.56861877, 1153.10696411, 881.48974609]
[235.32832336, 1198.73977661, 851.82092285]
[246.5443573, 1222.19769287, 845.35107422]
[268.66156006, 1310.06542969, 816.2409668]
[268.00061035, 1371.84674072, 792.77770996]
[252.48605347, 1425.46252441, 763.7298584]
[238.02680969, 1453.58959961, 772.83959961]
[225.12208557, 1485.91400146, 756.99926758]
[214.0557251, 1510.58398438, 755.01135254]
[164.3285675, 1541.36108398, 739.3626709]
[183.94638062, 1552.66711426, 705.87756348]
[183.85942078, 1562.04083252, 712.94140625]
[195.7306366, 1562.61560059, 643.97937012]
[194.66950989, 1557.94641113, 620.80639648]
[181.30264282, 1551.69512939, 565.91491699]
[187.8192749, 1575.89862061, 520.75378418]
[181.45805359, 1524.00292969, 422.11572266]
[166.5725708, 1515.8850708, 363.25549316]
[141.80039978, 1514.74841309, 313.6315918]
[126.39624023, 1500.4418335, 280.09399414]
[125.73537445, 1491.63635254, 234.1114502]
[131.27684021, 1488.26800537, 209.65856934]
[138.3260498, 1480.50878906, 186.77258301]
[152.77909851, 1483.7477417, 188.40466309]
[140.03369141, 1492.33251953, 214.4128418]
[115.88383484, 1492.60510254, 247.53430176]
[115.6109314, 1480.90362549, 290.890625]
[138.7663269, 1525.51702881, 387.54919434]
[161.43000793, 1510.7923584, 457.02966309]
[138.6673584, 1496.99163818, 573.34887695]
[22.48102379, 1414.04107666, 680.90600586]
[16.9078083, 1387.53326416, 718.89416504]
[18.50704384, 1375.35620117, 767.18823242]
[-1.81392574, 1357.88354492, 792.41369629]
[-20.07864761, 1353.69708252, 794.07348633]
[-9.04291916, 1364.84161377, 802.38195801]
[8.04678917, 1360.74023438, 795.65637207]
[2.89819574, 1396.50073242, 791.56030273]
[11.27379417, 1405.75695801, 785.70373535]
[23.67554092, 1411.48846436, 759.86804199]
[6.72557592, 1420.86376953, 757.99414062]
[-11.58911896, 1432.75500488, 750.31079102]
[-41.30900574, 1431.15545654, 745.7401123]
[-67.24264526, 1414.7387085, 741.50500488]
[-73.54356384, 1407.72918701, 712.04333496]
[-201.957901, 1402.94403076, 670.39404297]
[-292.72116089, 1365.26055908, 651.27502441]
[-322.34890747, 1369.25665283, 645.18200684]
[-409.55859375, 1276.48321533, 673.63354492]
[-490.47817993, 1248.4079895, 645.94213867]
[-524.47332764, 1214.84466553, 667.57824707]
[-538.3651123, 1192.63619995, 692.32043457]
[-516.01019287, 1219.76379395, 753.49279785]
[-528.35217285, 1226.13961792, 793.71032715]
[-538.52960205, 1216.28271484, 786.7512207]
[-497.9524231, 1215.27587891, 718.5994873]
[-505.50579834, 1241.89605713, 741.30004883]
[-499.70455933, 1250.31838989, 759.79956055]
[-452.4798584, 1249.78436279, 805.11071777]
[-398.75518799, 1224.18469238, 806.68737793]
[-295.76342773, 1208.46069336, 801.83862305]
[-245.79168701, 1194.33959961, 844.21716309]
[-147.51083374, 1148.74749756, 800.20703125]
[-79.43813324, 1157.13021851, 700.35900879]
[-38.87417221, 1154.75579834, 693.01611328]
[-3.01068664e-01, 1.16342477e+03, 6.79961060e+02]
[2.52459764, 1141.86856079, 665.92980957]
[5.66720724, 1129.04089355, 662.37609863]
[14.28396988, 1228.44839478, 680.59338379]
[44.1592865, 1233.97503662, 670.49194336]
[51.62420654, 1188.79089355, 670.08996582]
[59.58106995, 1244.9944458, 655.84606934]
[39.43593216, 1305.72024536, 684.55981445]
[54.32666016, 1386.67303467, 675.20983887]
[53.88177109, 1421.95837402, 664.90686035]
[71.76381683, 1378.06512451, 592.62451172]
[70.28443146, 1400.91784668, 601.2142334]
[86.85598755, 1397.02539062, 580.89440918]
[94.11997986, 1369.73974609, 551.89782715]
[83.03219604, 1303.97085571, 536.26416016]
[102.07928467, 1282.55145264, 498.66137695]
[112.86301422, 1285.10205078, 520.08007812]
[132.35992432, 1316.91552734, 597.59838867]
[132.47573853, 1330.11737061, 610.37512207]
[136.68113708, 1344.60437012, 629.56494141]
[125.69001007, 1343.0635376, 607.09460449]
[116.31269836, 1336.21661377, 602.49133301]
[117.13063049, 1321.05822754, 595.69287109]
[108.14946747, 1286.16131592, 576.58740234]
[155.33061218, 1244.23184204, 558.5234375]
[199.03016663, 1206.59289551, 541.38537598]
[215.21679688, 1179.40643311, 531.43444824]
[236.41470337, 1158.40283203, 536.45227051]
[268.4871521, 1110.33407593, 573.08032227]
[302.07125854, 1136.55285645, 596.77746582]
[365.52636719, 1115.37130737, 593.27978516]
[350.06390381, 1044.77702332, 723.53613281]
[322.58450317, 1048.23394775, 795.25634766]
[318.85412598, 1052.29450989, 868.62475586]
[288.25772095, 1052.67958069, 897.01245117]
[241.89593506, 1092.34799194, 961.11645508]
[218.75289917, 1097.33340454, 978.31689453]
[184.61663818, 1113.49194336, 987.27624512]
[180.45913696, 1110.93206787, 974.97412109]
[125.75524902, 1141.47793579, 923.7076416]
[91.46517944, 1160.81756592, 829.94470215]
[82.0334549, 1164.03427124, 839.53613281]
[137.31181335, 1196.65686035, 817.67346191]
[157.60003662, 1199.89196777, 761.6237793]
[133.82911682, 1231.38223267, 725.34069824]
[119.30305481, 1261.75830078, 714.03112793]
[107.21179962, 1274.21166992, 722.00585938]
[89.99311829, 1289.74545288, 695.13671875]
[38.41056824, 1381.94348145, 613.90527344]
[-12.96017838, 1439.07348633, 542.69763184]
[-24.8754425, 1488.25769043, 490.21447754]
[-48.23942947, 1515.89477539, 392.20629883]
[-38.67989731, 1508.60736084, 337.08190918]
[-22.82575607, 1484.98986816, 298.66125488]
[4.68536472, 1454.55969238, 291.66870117]
[55.73057938, 1421.769104, 284.42492676]
[100.97206879, 1386.65075684, 291.54821777]
[133.04576111, 1344.05438232, 272.4239502]
[162.3480072, 1309.81176758, 307.6862793]
[176.11105347, 1272.29510498, 314.29638672]
[189.28962708, 1255.23519897, 300.11071777]
[189.69554138, 1246.88690186, 287.77355957]
[191.03845215, 1247.87072754, 288.47241211]
[189.94258118, 1240.42800903, 280.40649414]
[248.55944824, 1361.019104, 294.57873535]
[270.05731201, 1389.19781494, 288.57275391]
[278.36798096, 1367.14508057, 250.43701172]
[272.07080078, 1412.74847412, 245.86889648]
[264.66363525, 1408.09729004, 240.15698242]
[271.37017822, 1413.91412354, 255.81201172]
[259.62478638, 1432.73156738, 259.60986328]
[257.25708008, 1427.54925537, 258.48010254]
[219.73652649, 1441.2935791, 266.85717773]
[164.44168091, 1412.23352051, 213.10083008]
[164.30647278, 1377.2010498, 217.70812988]
[110.74157715, 1385.8927002, 269.06323242]
[121.41982269, 1326.37054443, 256.61328125]
[179.41389465, 1344.24871826, 234.89294434]
[157.18884277, 1327.84588623, 246.64587402]
[161.7436676, 1299.37426758, 281.10070801]
[153.37554932, 1294.51556396, 303.06091309]
[184.97644043, 1268.15927124, 319.2121582]
[192.25183105, 1268.73986816, 345.80737305]
[203.07818604, 1281.00244141, 369.90307617]
[191.92961121, 1324.54785156, 399.48376465]
[252.71105957, 1370.82037354, 361.37133789]
[292.88543701, 1300.89907837, 382.70666504]
[290.96350098, 1306.74475098, 409.63806152]
[311.03915405, 1285.65539551, 466.50915527]
[281.61883545, 1278.57174683, 506.5012207]
[326.75918579, 1271.50769043, 546.77941895]
[341.95358276, 1178.13613892, 605.37927246]
[303.48736572, 1178.2197876, 657.27612305]
[301.51580811, 1152.31732178, 714.59204102]
[313.12478638, 1105.41403198, 754.34631348]
[287.07574463, 1079.53979492, 803.8782959]
[298.24676514, 1072.50283813, 760.92358398]
[255.09178162, 1115.00527954, 793.79968262]
[242.92417908, 1121.3331604, 898.25537109]
[258.43899536, 1118.99862671, 897.90319824]
[259.84442139, 1123.23162842, 892.85424805]
[254.47558594, 1133.9225769, 866.9119873]
[161.09941101, 1112.64248657, 884.43615723]
[161.04100037, 1126.2388916, 895.76757812]
[166.63334656, 1159.66186523, 876.00024414]
[204.83807373, 1159.84020996, 781.14538574]
[185.69082642, 1196.97775269, 746.89294434]
[179.59512329, 1249.24050903, 703.45922852]
[169.87037659, 1296.98550415, 683.85192871]
[174.20671082, 1336.27227783, 666.20166016]
[206.32048035, 1383.72302246, 612.80407715]
[246.24308777, 1399.55334473, 588.8482666]
[276.894104, 1407.86694336, 550.32067871]
[292.33825684, 1310.31588745, 549.68920898]
[286.06686401, 1356.81994629, 561.56445312]
[329.26409912, 1378.7489624, 576.23327637]
[306.00674438, 1359.44012451, 557.88354492]
[292.01992798, 1376.99383545, 589.84350586]
[325.35839844, 1376.60552979, 665.84802246]
[417.7338562, 1405.54046631, 693.60449219]
[405.71826172, 1404.18011475, 692.37927246]
[474.49856567, 1209.56671143, 832.30493164]
[478.67242432, 1183.51177979, 884.02319336]
[484.44189453, 1163.20303345, 927.75183105]
[442.03121948, 1122.96676636, 959.37536621]
[369.44711304, 1074.634552, 1029.71362305]
[342.25723267, 1075.5953064, 1009.29504395]
[333.15341187, 1088.91711426, 1065.71533203]
[299.04370117, 1052.39028931, 1140.16162109]
[316.23129272, 957.19645691, 1060.82983398]
[299.62481689, 927.67491913, 1129.26342773]
[298.77542114, 907.31292725, 1114.27490234]
[293.04852295, 859.0541954, 1121.47290039]
[261.60137939, 872.57582855, 1158.20581055]
[227.66844177, 759.13277435, 905.27539062]
[243.14929199, 721.95256805, 843.36291504]
[272.53414917, 680.97085571, 797.9498291]
[261.89910889, 671.49980164, 756.81652832]
[279.46429443, 651.6696167, 732.34411621]
[310.92428589, 661.54467773, 731.53320312]
[332.77536011, 681.66764069, 744.36853027]
[329.15310669, 686.9223175, 775.9888916]
[344.96484375, 710.52610016, 820.34558105]
[377.71908569, 749.55883789, 856.05273438]
[397.77319336, 788.11060524, 896.68933105]
[389.70327759, 797.24705505, 932.09106445]
[419.13751221, 856.31431961, 994.44616699]
[406.07296753, 917.29980469, 975.82202148]
[390.98071289, 1022.43141174, 1106.35571289]
[384.73114014, 1093.73806763, 1174.30493164]
[360.71447754, 1116.43386841, 1179.75366211]
[333.44564819, 1150.36227417, 1173.66015625]
[335.5411377, 1170.96353149, 1186.19287109]
[345.54330444, 1181.32339478, 1186.10571289]
[371.3218689, 1232.90982056, 1182.32446289]
[368.7348938, 1225.19338989, 1174.30078125]
[358.79104614, 1232.26055908, 1159.56518555]
[367.37493896, 1204.84231567, 1139.37231445]
[373.04354858, 1186.84960938, 1112.35693359]
[354.04159546, 1177.93032837, 1099.7800293]
[354.38919067, 1182.19351196, 1071.1472168]
[330.16262817, 1247.13317871, 1036.50878906]
[328.50866699, 1245.46447754, 1023.32922363]
[393.14019775, 1108.80099487, 889.96118164]
[364.60638428, 1078.57192993, 871.69189453]
[328.22729492, 1230.00500488, 858.33422852]
[309.22653198, 1304.41671753, 805.41052246]
[290.53814697, 1360.29724121, 769.43212891]
[274.09152222, 1378.71868896, 808.79309082]
[196.58992004, 1426.88830566, 715.49816895]
[209.34117126, 1425.6038208, 711.31005859]
[197.29252625, 1408.41363525, 644.58239746]
[217.56468201, 1395.76287842, 606.62011719]
[213.83148193, 1371.26855469, 545.66088867]
[227.89620972, 1348.52575684, 520.04040527]
[306.46841431, 1236.17193604, 455.33508301]
[314.20016479, 1210.92797852, 422.40344238]
[316.1993103, 1194.55453491, 396.30273438]
[307.43804932, 1164.95706177, 390.9375]
[320.23809814, 1135.71231079, 392.02636719]
[333.67773438, 1092.81341553, 410.28857422]
[323.51187134, 1112.6133728, 423.04980469]
[325.56704712, 1106.64254761, 463.0357666]
[336.23526001, 1084.67150879, 476.16943359]
[313.69665527, 1078.05993652, 477.33532715]
[352.53936768, 1018.66110229, 508.90307617]
[342.08105469, 991.19764709, 506.34082031]
[339.57373047, 975.96572876, 503.10534668]
[321.09954834, 976.57817078, 463.1307373]
[291.68417358, 958.79528809, 447.84936523]
[290.8085022, 1028.68910217, 363.47509766]
[199.75891113, 1058.21081543, 378.99462891]
[180.35012817, 1068.07592773, 339.9519043]
[137.61352539, 1094.3444519, 322.95092773]
[97.28738403, 1102.79721069, 336.24511719]
[80.05006409, 1115.66558838, 330.34484863]
[79.96544647, 1119.03225708, 328.16040039]
[79.33747101, 1130.53451538, 329.02844238]
[80.27011108, 1150.29760742, 325.32446289]
[73.5140152, 1171.38092041, 328.50195312]
[70.12319183, 1194.04998779, 327.41381836]
[71.64564514, 1217.14596558, 338.9765625]
[57.22634506, 1232.25448608, 341.1427002]
[29.693573, 1273.12670898, 350.67138672]
[14.38673592, 1299.23214722, 364.41943359]
[8.04975605, 1305.91497803, 369.46728516]
[-5.04837942, 1358.09381104, 385.04650879]
[-17.78543663, 1377.487854, 415.83447266]
[-50.78494644, 1387.32971191, 425.29882812]
[-62.46067429, 1402.28924561, 439.71276855]
[-87.19801331, 1425.72338867, 461.73742676]
[-123.62492371, 1476.27978516, 456.22680664]
[-155.39356995, 1427.20678711, 423.52307129]
[-204.46310425, 1483.67120361, 475.66137695]
[-208.15292358, 1543.79888916, 454.56347656]
[-254.2862854, 1526.42236328, 457.51123047]
[-251.54263306, 1517.89398193, 467.53149414]
[-252.05627441, 1531.4743042, 479.06555176]
[-253.92633057, 1500.38891602, 467.05334473]
[-355.73629761, 1434.80859375, 507.83996582]
[-342.57885742, 1457.69207764, 529.2911377]
[-347.17092896, 1478.94110107, 523.43933105]
[-388.65301514, 1411.63616943, 541.9453125]
[-454.97692871, 1197.01437378, 494.68151855]
[-447.84286499, 1154.01089478, 528.93554688]
[-443.91815186, 1143.32723999, 591.27185059]
[-446.12033081, 1133.76513672, 600.3112793]
[-425.13903809, 1153.98898315, 604.84057617]
[-390.79925537, 1146.38275146, 626.4666748]
[-346.99645996, 1078.22259521, 675.36901855]
[-300.82437134, 1088.25726318, 700.13183594]
[-233.37316895, 1127.21472168, 704.20544434]
[-184.45947266, 1134.45388794, 714.34924316]
[-163.77601624, 1172.85891724, 764.61450195]
[-151.54951477, 1175.5194397, 749.5826416]
[-143.72541809, 1163.53674316, 734.44348145]
[-147.75584412, 1166.80389404, 744.8939209]
[-150.29489136, 1163.74700928, 771.4473877]
[-142.24349976, 1159.78372192, 849.61560059]
[-139.15126038, 1174.0585022, 858.48596191]
[-149.60978699, 1193.03952026, 848.09106445]
[-160.82208252, 1190.88302612, 817.19470215]
[-77.37908936, 1184.77383423, 805.17077637]
[6.31138682e-02, 1.06734860e+03, 8.22522217e+02]
[109.34335327, 1105.39260864, 832.67565918]
[101.76726532, 1116.68118286, 828.68408203]
[51.8661232, 1055.97515869, 931.28710938]
[54.62947845, 1050.94444275, 926.91101074]
[163.89387512, 1227.33135986, 724.21813965]
[133.93692017, 1276.55065918, 796.34448242]
[212.90782166, 1413.36688232, 866.84143066]
[208.42268372, 1401.70306396, 892.79101562]
[232.95683289, 1389.72698975, 899.45983887]
[287.4928894, 1463.14880371, 910.68164062]
[308.72033691, 1423.64489746, 917.79406738]
[315.49050903, 1400.15899658, 882.2232666]
[352.92471313, 1380.36053467, 844.98620605]
[394.52355957, 1325.40472412, 825.28466797]
[409.05252075, 1312.73278809, 787.44116211]
[404.79058838, 1305.94073486, 775.77282715]
[402.58670044, 1284.0138855, 757.0369873]
[390.19561768, 1282.6164856, 743.5324707]
[399.71554565, 1268.49554443, 730.27575684]
[385.15960693, 1258.66790771, 728.10388184]
[380.09152222, 1256.86636353, 723.05358887]
[332.44381714, 1216.02069092, 705.01025391]
[307.21783447, 1216.13500977, 701.22766113]
[334.2046814, 1181.05288696, 772.24987793]
[342.70449829, 1145.33679199, 794.94189453]
[348.13500977, 1141.11502075, 836.53356934]
[359.36193848, 1146.74142456, 896.43713379]
[367.12887573, 1153.16473389, 903.6920166]
[387.7875061, 1122.08996582, 994.39880371]
[374.21572876, 1119.67303467, 1042.51147461]
[388.88317871, 1160.53692627, 1033.48681641]
[406.17572021, 1168.88690186, 1065.09179688]
[387.78030396, 1124.9864502, 1117.39355469]
[348.4526062, 1078.41604614, 1143.36206055]
[323.69067383, 1080.543396, 1181.66943359]
[288.32754517, 1103.0765686, 1169.83862305]
[286.89547729, 1102.34799194, 1169.50585938]
[282.51104736, 1111.92474365, 1175.72338867]
[281.78594971, 1116.41778564, 1174.34130859]
[287.72232056, 1128.17913818, 1186.30053711]
[286.7666626, 1171.57244873, 1144.03222656]
[302.83166504, 1182.47979736, 1128.8359375]
[332.4916687, 1171.15164185, 1088.69238281]
[202.28335571, 1207.87692261, 1086.21484375]
[202.30070496, 1240.97994995, 1111.81665039]
[186.68544006, 1272.58508301, 1123.72167969]
[183.39718628, 1309.83154297, 1120.13964844]
[178.38546753, 1358.02697754, 1126.6875]
[227.0459137, 1423.97918701, 1016.13110352]
[211.4942627, 1421.29754639, 1012.4954834]
[204.93507385, 1426.21472168, 992.9921875]
[191.27697754, 1429.87646484, 960.47033691]
[180.56466675, 1429.81005859, 926.90380859]
[179.00117493, 1411.2635498, 868.66210938]
[126.42488098, 1373.36376953, 840.49133301]
[102.81406403, 1337.89709473, 791.7947998]
[50.4733696, 1255.55810547, 763.2401123]
[44.62615967, 1197.34597778, 718.83435059]
[30.78662682, 1125.10675049, 712.18823242]
[37.00025558, 1061.86721802, 695.93835449]
[30.29762268, 1023.87232971, 684.05102539]
[31.28108406, 1007.73623657, 681.5333252]
[39.74345398, 1000.75619507, 681.28417969]
[35.80971909, 986.22001648, 688.05444336]
[44.59004211, 965.50976562, 669.19519043]
[43.37224197, 971.12367249, 657.88598633]
[53.57375717, 966.85716248, 652.03442383]
[58.38376236, 978.12828064, 639.22875977]
[67.4860611, 985.29689026, 626.6829834]
[76.89543915, 993.53038025, 627.109375]
[112.70645142, 1004.04655457, 633.83764648]
[147.6313324, 1008.94972229, 657.61328125]
[199.32597351, 1000.40605164, 683.66821289]
[252.3223114, 994.44320679, 703.92004395]
[274.30264282, 991.25157166, 735.07336426]
[303.25497437, 986.77853394, 801.85668945]
[302.19180298, 995.69429016, 833.69348145]
[295.7361145, 1005.02098083, 861.72009277]
[292.41537476, 1006.61779785, 896.36535645]
[268.84902954, 1018.55085754, 968.0736084]
[239.79408264, 964.90423584, 973.88037109]
[128.11019897, 753.56652069, 835.56787109]
[136.61959839, 677.59955597, 835.19311523]
[138.36422729, 662.21316528, 824.92102051]
[148.85557556, 667.21882629, 822.40490723]
[171.65838623, 697.1362915, 792.41662598]
[146.89356995, 706.74771881, 809.70861816]
[155.7290802, 706.39807129, 823.74645996]
[133.48638916, 717.55715942, 827.93408203]
[0, 0, 0]
[0, 0, 0]
[0, 0, 0]
[0, 0, 0]
[0, 0, 0]
[0, 0, 0]
[0, 0, 0]
[0, 0, 0]
[0, 0, 0]
[0, 0, 0]
[0, 0, 0]
[0, 0, 0]
[0, 0, 0]
[0, 0, 0]
[0, 0, 0]
[0, 0, 0]
[0, 0, 0]
[0, 0, 0]
[0, 0, 0]
[0, 0, 0]
[0, 0, 0]
[0, 0, 0]
[0, 0, 0]
[0, 0, 0]
[0, 0, 0]
[0, 0, 0]
[0, 0, 0]
[0, 0, 0]
[0, 0, 0]
[0, 0, 0]
[0, 0, 0]
[0, 0, 0]
[0, 0, 0]
[0, 0, 0]
[0, 0, 0]
[0, 0, 0]
[0, 0, 0]
[0, 0, 0]
[0, 0, 0]
[0, 0, 0]
[0, 0, 0]
[0, 0, 0]
[0, 0, 0]
[0, 0, 0]
[0, 0, 0]
[0, 0, 0]
[0, 0, 0]
[0, 0, 0]
[0, 0, 0]
[0, 0, 0]
[0, 0, 0]
[0, 0, 0]
[0, 0, 0]
[0, 0, 0]
[0, 0, 0]
[0, 0, 0]
[0, 0, 0]
[0, 0, 0]
[0, 0, 0]
[0, 0, 0]
[0, 0, 0]
[0, 0, 0]
[0, 0, 0]
[0, 0, 0]
[0, 0, 0]
[0, 0, 0]
[0, 0, 0]
[0, 0, 0]
[0, 0, 0]
[0, 0, 0]
[0, 0, 0]
[0, 0, 0]
[0, 0, 0]
[0, 0, 0]
[0, 0, 0]
[0, 0, 0]
[0, 0, 0]
[0, 0, 0]
[0, 0, 0]
[0, 0, 0]
[0, 0, 0]
[0, 0, 0]
[0, 0, 0]
[0, 0, 0]
[0, 0, 0]
[0, 0, 0]
[0, 0, 0]
[0, 0, 0]
[0, 0, 0]
[0, 0, 0]
[0, 0, 0]
[0, 0, 0]
[0, 0, 0]
[0, 0, 0]
[0, 0, 0]
[0, 0, 0]
[0, 0, 0]
[0, 0, 0]
[0, 0, 0]
[0, 0, 0]
[0, 0, 0]
[0, 0, 0]
[0, 0, 0]
[0, 0, 0]
[0, 0, 0]
[0, 0, 0]
[0, 0, 0]
[0, 0, 0]
[0, 0, 0]
[0, 0, 0]
[0, 0, 0]
[0, 0, 0]
[0, 0, 0]
[0, 0, 0]
[0, 0, 0]
[0, 0, 0]
[0, 0, 0]
[0, 0, 0]
[0, 0, 0]
[0, 0, 0]
[0, 0, 0]
[0, 0, 0]
[0, 0, 0]
[0, 0, 0]
[0, 0, 0]
[0, 0, 0]
[0, 0, 0]
[0, 0, 0]
[0, 0, 0]
[0, 0, 0]
[0, 0, 0]
[0, 0, 0]
[0, 0, 0]
[0, 0, 0]
[0, 0, 0]
[0, 0, 0]
[0, 0, 0]
[0, 0, 0]
[0, 0, 0]
[0, 0, 0]
[0, 0, 0]
[0, 0, 0]
[0, 0, 0]
[0, 0, 0]
[0, 0, 0]
[0, 0, 0]
[0, 0, 0]
[0, 0, 0]
[0, 0, 0]
[0, 0, 0]
[0, 0, 0]
[0, 0, 0]
[0, 0, 0]
[0, 0, 0]
[0, 0, 0]
[0, 0, 0]
[0, 0, 0]
[0, 0, 0]
[0, 0, 0]
[0, 0, 0]
[0, 0, 0]
[0, 0, 0]
[0, 0, 0]
[0, 0, 0]
[0, 0, 0]
[0, 0, 0]
[0, 0, 0]
[0, 0, 0]
[0, 0, 0]
[0, 0, 0]
[0, 0, 0]
[0, 0, 0]
[0, 0, 0]
[0, 0, 0]
[0, 0, 0]
[0, 0, 0]
[0, 0, 0]
[0, 0, 0]
[0, 0, 0]
[0, 0, 0]
[0, 0, 0]
[0, 0, 0]
[0, 0, 0]
[0, 0, 0]
[0, 0, 0]
[0, 0, 0]
[0, 0, 0]
[0, 0, 0]
[0, 0, 0]
[0, 0, 0]
[0, 0, 0]
[0, 0, 0]
[0, 0, 0]
[0, 0, 0]
[0, 0, 0]
[0, 0, 0]
[0, 0, 0]
[0, 0, 0]
[0, 0, 0]
[0, 0, 0]
[0, 0, 0]
[0, 0, 0]
[0, 0, 0]
[0, 0, 0]
[0, 0, 0]
[0, 0, 0]
[0, 0, 0]
[0, 0, 0]
[0, 0, 0]
[0, 0, 0]
[0, 0, 0]
[0, 0, 0]
[0, 0, 0]
[0, 0, 0]
[0, 0, 0]
[0, 0, 0]
[0, 0, 0]
[0, 0, 0]
[0, 0, 0]
[0, 0, 0]
[0, 0, 0]
[0, 0, 0]
[0, 0, 0]
[0, 0, 0]
[0, 0, 0]
[0, 0, 0]
[0, 0, 0]
[0, 0, 0]
[0, 0, 0]
[0, 0, 0]
[0, 0, 0]
[0, 0, 0]
[0, 0, 0]
[0, 0, 0]
[0, 0, 0]
[0, 0, 0]
[0, 0, 0]
[0, 0, 0]
[0, 0, 0]
[0, 0, 0]
[0, 0, 0]
[0, 0, 0]
[0, 0, 0]
[0, 0, 0]
[0, 0, 0]
[0, 0, 0]
[0, 0, 0]
[0, 0, 0]
[0, 0, 0]
[0, 0, 0]
[0, 0, 0]
[0, 0, 0]
[0, 0, 0]
[0, 0, 0]
[0, 0, 0]
[0, 0, 0]
[0, 0, 0]
[0, 0, 0]
[0, 0, 0]
[0, 0, 0]
[0, 0, 0]
[0, 0, 0]
[0, 0, 0]
[0, 0, 0]
[0, 0, 0]
[0, 0, 0]
[0, 0, 0]
[0, 0, 0]
[0, 0, 0]
[0, 0, 0]
[0, 0, 0]
[0, 0, 0]
[0, 0, 0]
[0, 0, 0]
[0, 0, 0]
[0, 0, 0]
[0, 0, 0]
[0, 0, 0]
[0, 0, 0]
[0, 0, 0]
[0, 0, 0]
[0, 0, 0]
[0, 0, 0]
[0, 0, 0]
[0, 0, 0]
[0, 0, 0]
[0, 0, 0]
[0, 0, 0]
[0, 0, 0]
[0, 0, 0]
[0, 0, 0]
[0, 0, 0]
[0, 0, 0]
[0, 0, 0]
[0, 0, 0]
[0, 0, 0]
[0, 0, 0]
[0, 0, 0]
[0, 0, 0]
[0, 0, 0]
[0, 0, 0]
[0, 0, 0]
[0, 0, 0]
[0, 0, 0]
[0, 0, 0]
[0, 0, 0]
[0, 0, 0]
[0, 0, 0]
[0, 0, 0]
[0, 0, 0]
[0, 0, 0]
[0, 0, 0]
[0, 0, 0]
[0, 0, 0]
[0, 0, 0]
[0, 0, 0]
[0, 0, 0]
[0, 0, 0]
[0, 0, 0]
[0, 0, 0]
[0, 0, 0]
[0, 0, 0]
[0, 0, 0]
[0, 0, 0]
[0, 0, 0]
[0, 0, 0]
[0, 0, 0]
[0, 0, 0]
[0, 0, 0]
[0, 0, 0]
[0, 0, 0]
[0, 0, 0]
[0, 0, 0]
[0, 0, 0]
[0, 0, 0]
[0, 0, 0]
[0, 0, 0]
[0, 0, 0]
[0, 0, 0]
[0, 0, 0]
[0, 0, 0]
[0, 0, 0]
[0, 0, 0]
[0, 0, 0]
[0, 0, 0]
[0, 0, 0]
[0, 0, 0]
[0, 0, 0]
[0, 0, 0]
[0, 0, 0]
[0, 0, 0]
[0, 0, 0]
[0, 0, 0]
[0, 0, 0]
[0, 0, 0]
[0, 0, 0]
[0, 0, 0]
[0, 0, 0]
[0, 0, 0]
[0, 0, 0]
[0, 0, 0]
[0, 0, 0]
[0, 0, 0]
[0, 0, 0]
[0, 0, 0]
[0, 0, 0]
[0, 0, 0]
[0, 0, 0]
[0, 0, 0]
[0, 0, 0]
[0, 0, 0]
[0, 0, 0]
[0, 0, 0]
[0, 0, 0]
[0, 0, 0]
[0, 0, 0]
[0, 0, 0]
[0, 0, 0]
[0, 0, 0]
[0, 0, 0]
[0, 0, 0]
[0, 0, 0]
[0, 0, 0]
[0, 0, 0]
[0, 0, 0]
[0, 0, 0]
[0, 0, 0]
[0, 0, 0]
[0, 0, 0]
[0, 0, 0]
[0, 0, 0]
[0, 0, 0]
[0, 0, 0]
[0, 0, 0]
[0, 0, 0]
[0, 0, 0]
[0, 0, 0]
[0, 0, 0]
[0, 0, 0]
[0, 0, 0]
[0, 0, 0]
[0, 0, 0]
[0, 0, 0]
[0, 0, 0]
[0, 0, 0]
[0, 0, 0]
[0, 0, 0]
[0, 0, 0]
[0, 0, 0]
[0, 0, 0]
[0, 0, 0]
[0, 0, 0]
[0, 0, 0]
[0, 0, 0]
[0, 0, 0]
[0, 0, 0]
[0, 0, 0]
[0, 0, 0]
[0, 0, 0]
[0, 0, 0]
[0, 0, 0]
[0, 0, 0]
[0, 0, 0]
[0, 0, 0]
[0, 0, 0]
[0, 0, 0]
[0, 0, 0]
[0, 0, 0]
[0, 0, 0]
[0, 0, 0]
[0, 0, 0]
[0, 0, 0]
[0, 0, 0]
[0, 0, 0]
[0, 0, 0]
[0, 0, 0]
[0, 0, 0]
[0, 0, 0]
[0, 0, 0]
[0, 0, 0]
[0, 0, 0]
[0, 0, 0]
[0, 0, 0]
[0, 0, 0]
[0, 0, 0]
[0, 0, 0]
[0, 0, 0]
[0, 0, 0]
[0, 0, 0]
[0, 0, 0]
[0, 0, 0]
[0, 0, 0]
