452
10
[42,194,20505]
[44,192,2052]
[48,191,2052]
[50,190,2053]
[57,186,2053]
[64,186,2052]
[66,186,2053]
[74,190,2053]
[76,189,2053]
[82.58634185791016,188.8994903564453,2052.592529296875]
[84.14419555664062,188.28472900390625,2052.931884765625]
[88.81832122802734,187.41458129882812,2053.263671875]
[90.61672973632812,187.19383239746094,2053.915771484375]
[91.54254150390625,187.03919982910156,2054.040771484375]
[97.2872543334961,186.6396942138672,2053.685302734375]
[99.83306884765625,187.2029266357422,2054.6708984375]
[100.31311798095703,187.38705444335938,2054.220458984375]
[102.14090728759766,186.30233764648438,2053.433349609375]
[102.78765869140625,186.14414978027344,2053.19140625]
[106.64971923828125,185.3113555908203,2048.22314453125]
[114.78974151611328,185.00209045410156,2047.5068359375]
[114.67845916748047,186.30836486816406,2046.699951171875]
[113.80465698242188,185.7667236328125,2044.6341552734375]
[114.08418273925781,185.62181091308594,2042.0997314453125]
[113.40496063232422,185.34442138671875,2040.1025390625]
[112.80452728271484,184.44802856445312,2036.802490234375]
[112.45780944824219,183.5889892578125,2034.3687744140625]
[112.81257629394531,183.091552734375,2033.6268310546875]
[111.13896179199219,181.78590393066406,2032.207763671875]
[105.59040069580078,181.3511505126953,2030.16015625]
[105.33405303955078,181.51771545410156,2029.2608642578125]
[105.28363800048828,181.5367889404297,2029.163330078125]
[105.2293701171875,181.39407348632812,2029.0047607421875]
[101.94662475585938,179.22601318359375,2029.447509765625]
[101.0322036743164,179.45582580566406,2031.2330322265625]
[101.0247802734375,176.9242401123047,2034.8450927734375]
[101.04694366455078,176.89808654785156,2034.8270263671875]
[94.19033813476562,178.3954315185547,2052.488525390625]
[88.39012145996094,173.31809997558594,2057.341552734375]
[87.02601623535156,174.7558135986328,2064.12548828125]
[81.7665023803711,178.31134033203125,2064.799072265625]
[72.21898651123047,183.39553833007812,2066.28466796875]
[64.09136199951172,188.80087280273438,2063.940673828125]
[50.34320831298828,192.61007690429688,2054.6064453125]
[45.74818801879883,193.29840087890625,2050.158935546875]
[34.88870620727539,191.48985290527344,2040.03955078125]
[28.664640426635742,189.83265686035156,2034.748046875]
[16.917640686035156,186.13967895507812,2017.762451171875]
[4.426578998565674,183.88909912109375,2004.9261474609375]
[-2.565481185913086,178.39666748046875,1992.577880859375]
[-18.14164161682129,175.625732421875,1980.8218994140625]
[-25.328386306762695,170.4434051513672,1978.4208984375]
[-45.40362548828125,160.11094665527344,1977.4384765625]
[-49.93864440917969,157.7167510986328,1971.2857666015625]
[-59.49198532104492,159.43939208984375,1965.207275390625]
[-61.42186737060547,161.46139526367188,1958.5372314453125]
[-63.37114334106445,165.22772216796875,1952.4259033203125]
[-62.02473831176758,174.47708129882812,1947.9090576171875]
[-62.419673919677734,182.5261993408203,1940.543212890625]
[-59.704200744628906,189.2543182373047,1934.693603515625]
[-53.41373825073242,192.3916473388672,1925.58349609375]
[-40.67221450805664,198.93560791015625,1916.69921875]
[-37.101009368896484,199.6499786376953,1910.918212890625]
[-30.000465393066406,197.8069305419922,1901.9073486328125]
[-21.20003318786621,184.6090087890625,1888.0799560546875]
[-10.284201622009277,183.21966552734375,1871.0081787109375]
[0.29364585876464844,180.25497436523438,1860.1033935546875]
[7.315434455871582,180.02195739746094,1855.2357177734375]
[26.772228240966797,177.2547149658203,1850.9073486328125]
[29.784996032714844,176.87266540527344,1852.9683837890625]
[49.51580047607422,164.51312255859375,1856.7784423828125]
[56.10633087158203,161.01492309570312,1854.0230712890625]
[62.638267517089844,164.54856872558594,1850.0789794921875]
[66.08979034423828,166.6388397216797,1849.3458251953125]
[81.2741928100586,176.08616638183594,1851.2352294921875]
[85.6624755859375,190.31149291992188,1847.574462890625]
[90.71466064453125,198.1758575439453,1848.084716796875]
[101.55827331542969,207.25643920898438,1844.2802734375]
[110.30667877197266,212.98953247070312,1843.6324462890625]
[116.62256622314453,204.38742065429688,1834.9512939453125]
[117.8240737915039,206.5536651611328,1833.510009765625]
[112.84724426269531,205.9026336669922,1831.671630859375]
[114.34233093261719,197.5158233642578,1831.274169921875]
[123.87711334228516,189.01846313476562,1840.607177734375]
[137.48658752441406,180.37159729003906,1871.672119140625]
[144.4727325439453,168.2922821044922,1889.800537109375]
[142.14674377441406,153.9924774169922,1909.446533203125]
[152.86068725585938,149.595703125,1908.309814453125]
[157.37490844726562,148.81912231445312,1901.1168212890625]
[164.176513671875,152.69398498535156,1899.6854248046875]
[154.05291748046875,154.76406860351562,1883.8936767578125]
[150.93038940429688,162.29428100585938,1877.2313232421875]
[150.12823486328125,165.77505493164062,1873.386474609375]
[150.62893676757812,183.40357971191406,1848.28125]
[142.2947235107422,198.00445556640625,1833.4500732421875]
[132.35206604003906,208.68240356445312,1817.420166015625]
[127.88400268554688,213.58824157714844,1804.059326171875]
[129.18389892578125,211.873046875,1796.3482666015625]
[128.51463317871094,206.014404296875,1781.660888671875]
[135.4168701171875,186.40585327148438,1769.9478759765625]
[133.70132446289062,166.7471466064453,1753.83251953125]
[133.57408142089844,150.0416717529297,1743.68359375]
[136.67425537109375,133.20010375976562,1732.57080078125]
[142.71849060058594,134.7977294921875,1723.3214111328125]
[147.2237548828125,142.5701446533203,1724.15380859375]
[158.73399353027344,150.5327911376953,1710.187255859375]
[164.66648864746094,163.86012268066406,1708.731201171875]
[172.401611328125,170.72048950195312,1706.0921630859375]
[188.51014709472656,176.7639923095703,1711.0875244140625]
[199.97622680664062,177.27835083007812,1719.7945556640625]
[204.4720001220703,173.45079040527344,1726.0584716796875]
[216.23085021972656,159.96229553222656,1734.78466796875]
[245.7607879638672,145.42100524902344,1732.470458984375]
[248.24203491210938,133.0431365966797,1729.3726806640625]
[253.39730834960938,138.09588623046875,1727.2730712890625]
[257.0688171386719,139.1180419921875,1727.02294921875]
[262.6971740722656,142.22845458984375,1726.5731201171875]
[266.65142822265625,154.52915954589844,1722.1314697265625]
[264.1697082519531,161.6665496826172,1723.3203125]
[264.1837158203125,164.75390625,1728.046630859375]
[263.1760559082031,172.36749267578125,1733.3394775390625]
[263.6805725097656,177.9443359375,1739.1859130859375]
[264.7112121582031,184.0463409423828,1748.92138671875]
[260.3056640625,183.08155822753906,1763.67822265625]
[253.6344757080078,183.10707092285156,1774.429931640625]
[251.65167236328125,184.07058715820312,1779.6314697265625]
[223.10833740234375,186.2333526611328,1803.68408203125]
[208.83290100097656,181.22817993164062,1817.356689453125]
[181.1752166748047,169.9794158935547,1825.4833984375]
[156.1494903564453,168.31468200683594,1808.494873046875]
[142.44554138183594,148.71633911132812,1785.2911376953125]
[146.8212432861328,139.72157287597656,1780.3499755859375]
[151.54156494140625,123.37548828125,1799.1058349609375]
[140.56515502929688,117.6785659790039,1796.552001953125]
[121.87844848632812,124.41239929199219,1806.2857666015625]
[105.52436828613281,136.0298309326172,1810.449462890625]
[92.22925567626953,146.48902893066406,1826.4632568359375]
[76.26923370361328,161.4015655517578,1839.7012939453125]
[56.63331604003906,175.91856384277344,1849.9681396484375]
[37.8005485534668,192.58180236816406,1855.7691650390625]
[25.982912063598633,198.2325439453125,1859.2139892578125]
[7.717175006866455,198.43853759765625,1852.6658935546875]
[-4.579934120178223,192.6876678466797,1849.1546630859375]
[-27.648059844970703,178.42938232421875,1839.3355712890625]
[-40.77468490600586,163.65260314941406,1840.7716064453125]
[-60.67436599731445,135.846923828125,1842.6488037109375]
[-72.06078338623047,127.2081298828125,1845.05615234375]
[-80.49488067626953,124.69547271728516,1847.6036376953125]
[-86.84232330322266,131.9012451171875,1846.0484619140625]
[-90.74136352539062,137.0052032470703,1842.170654296875]
[-95.28529357910156,145.03549194335938,1838.95263671875]
[-100.63420867919922,155.1587677001953,1835.1226806640625]
[-100.60067749023438,162.79647827148438,1831.4725341796875]
[-103.94027709960938,169.01112365722656,1825.57080078125]
[-111.15238189697266,180.19247436523438,1818.25390625]
[-113.318359375,182.13365173339844,1812.033203125]
[-114.4183349609375,182.3037872314453,1803.2515869140625]
[-113.29688262939453,185.2050323486328,1792.703369140625]
[-112.40630340576172,185.1700897216797,1775.095458984375]
[-118.3746566772461,175.3760986328125,1754.192626953125]
[-116.53732299804688,165.3623504638672,1732.489990234375]
[-115.94864654541016,154.04713439941406,1722.6541748046875]
[-120.027099609375,135.83580017089844,1710.12451171875]
[-128.41934204101562,119.70060729980469,1688.5484619140625]
[-133.35731506347656,105.97509765625,1660.71826171875]
[-145.20346069335938,109.94970703125,1634.7666015625]
[-148.53660583496094,118.3476333618164,1611.1678466796875]
[-155.5216064453125,133.5962371826172,1584.0677490234375]
[-163.22549438476562,139.50767517089844,1552.6134033203125]
[-170.2969207763672,152.42672729492188,1525.750732421875]
[-174.4886932373047,157.12765502929688,1502.8924560546875]
[-179.58792114257812,154.6235809326172,1482.659423828125]
[-180.52005004882812,149.51214599609375,1460.8094482421875]
[-178.26348876953125,130.0351104736328,1444.754150390625]
[-171.1739959716797,119.71038818359375,1423.0780029296875]
[-172.2650146484375,118.98529052734375,1416.7926025390625]
[-166.17941284179688,127.99781799316406,1392.7911376953125]
[-170.2963104248047,126.97949981689453,1402.7900390625]
[-175.24851989746094,133.13551330566406,1376.304931640625]
[-180.3333282470703,135.01988220214844,1369.522705078125]
[-195.11984252929688,139.5247039794922,1344.1854248046875]
[-189.2832489013672,137.84559631347656,1327.979736328125]
[-191.62940979003906,140.5162353515625,1330.7193603515625]
[-194.38941955566406,134.0894775390625,1349.2578125]
[-185.95533752441406,138.60903930664062,1342.33349609375]
[-176.6165771484375,142.59100341796875,1355.26806640625]
[-166.98912048339844,140.10585021972656,1395.5845947265625]
[-147.76719665527344,147.9248046875,1402.4100341796875]
[-141.0228271484375,147.4973907470703,1400.1390380859375]
[-137.63417053222656,139.30984497070312,1412.3358154296875]
[-136.63018798828125,131.30270385742188,1433.9384765625]
[-135.12652587890625,130.31600952148438,1460.4063720703125]
[-130.27545166015625,139.37184143066406,1483.9232177734375]
[-121.57666015625,142.28102111816406,1514.4017333984375]
[-119.68746185302734,147.14588928222656,1560.5198974609375]
[-114.9079818725586,145.80458068847656,1589.988525390625]
[-110.66163635253906,136.6382598876953,1627.5177001953125]
[-98.67719268798828,137.6181640625,1658.4229736328125]
[-88.60548400878906,144.1971435546875,1683.921142578125]
[-74.73090362548828,157.432861328125,1712.92626953125]
[-65.75072479248047,169.99813842773438,1741.2607421875]
[-61.91258239746094,179.4745330810547,1769.6336669921875]
[-56.97779083251953,187.16693115234375,1795.0291748046875]
[-48.547420501708984,188.81715393066406,1822.517822265625]
[-38.58087921142578,191.3544464111328,1848.66162109375]
[-26.15138816833496,191.0691680908203,1866.5738525390625]
[-23.022262573242188,189.30836486816406,1883.0318603515625]
[-1.1634212732315063,181.12066650390625,1908.2667236328125]
[5.52061128616333,180.79296875,1940.2972412109375]
[12.356925010681152,174.81845092773438,1974.8623046875]
[25.21767807006836,168.9822998046875,2008.11962890625]
[30.98912239074707,154.5762481689453,2032.7503662109375]
[42.39006805419922,148.3419189453125,2053.90234375]
[53.34165954589844,158.4138946533203,2066.638671875]
[57.926170349121094,167.72662353515625,2075.1630859375]
[63.58753204345703,185.01976013183594,2081.0654296875]
[73.39979553222656,205.3250274658203,2081.724365234375]
[82.0344467163086,226.89987182617188,2078.089599609375]
[88.9762191772461,239.43878173828125,2083.24560546875]
[92.46746826171875,240.44528198242188,2083.539306640625]
[100.16056823730469,231.10546875,2081.642822265625]
[108.65199279785156,219.9726104736328,2082.572021484375]
[110.41077423095703,197.29554748535156,2087.365234375]
[109.03250122070312,183.71067810058594,2082.470947265625]
[116.59231567382812,176.7128448486328,2086.785400390625]
[118.38326263427734,180.05235290527344,2086.590087890625]
[123.47014617919922,183.57179260253906,2079.60009765625]
[127.13372802734375,185.3536376953125,2073.3330078125]
[149.58302307128906,196.86233520507812,2074.91064453125]
[156.59429931640625,202.11566162109375,2082.91943359375]
[141.94544982910156,222.72357177734375,2092.7685546875]
[134.73391723632812,246.3273162841797,2106.131591796875]
[129.28643798828125,276.7575378417969,2099.015625]
[118.85906982421875,301.23834228515625,2111.86865234375]
[119.66189575195312,309.7520446777344,2114.442138671875]
[119.01069641113281,311.8160095214844,2130.8662109375]
[121.86145782470703,300.60833740234375,2133.0322265625]
[126.61044311523438,281.4394226074219,2141.535400390625]
[123.60112762451172,260.3417663574219,2149.804443359375]
[116.8014907836914,240.1230926513672,2163.45703125]
[113.65131378173828,198.9839324951172,2174.3974609375]
[113.33673095703125,181.41757202148438,2188.59130859375]
[114.09595489501953,169.66539001464844,2203.18359375]
[113.0324935913086,159.87152099609375,2211.74609375]
[123.32389831542969,140.84283447265625,2230.589599609375]
[130.02505493164062,125.85009765625,2238.648681640625]
[132.58489990234375,106.56336975097656,2247.13232421875]
[130.4398956298828,80.90447235107422,2258.3056640625]
[131.18896484375,68.7716064453125,2253.630126953125]
[130.16050720214844,35.928836822509766,2258.356689453125]
[132.33596801757812,6.580050468444824,2265.825439453125]
[137.13055419921875,25.07191276550293,2265.720703125]
[141.79583740234375,47.70111846923828,2265.136474609375]
[143.714599609375,80.31757354736328,2273.95654296875]
[138.90325927734375,96.23336029052734,2273.795654296875]
[139.72145080566406,100.28147888183594,2276.562255859375]
[140.1291961669922,99.36378479003906,2281.223876953125]
[144.02554321289062,95.37505340576172,2273.87890625]
[147.9454803466797,80.76066589355469,2272.64208984375]
[154.79458618164062,65.46353149414062,2267.829345703125]
[154.50506591796875,51.859588623046875,2260.431640625]
[155.6717987060547,29.63800621032715,2247.411865234375]
[152.60215759277344,2.9969635009765625,2246.11279296875]
[150.61355590820312,45.213836669921875,2233.9443359375]
[145.3359832763672,96.79154205322266,2220.7197265625]
[142.48159790039062,152.33029174804688,2201.10546875]
[142.7437744140625,202.94610595703125,2177.2861328125]
[133.74246215820312,254.3199920654297,2156.083740234375]
[132.4685516357422,297.20166015625,2140.823974609375]
[130.21836853027344,312.1346130371094,2121.8525390625]
[124.85453796386719,346.4548034667969,2116.588623046875]
[125.21820068359375,355.6042785644531,2113.63232421875]
[128.6481475830078,351.0876770019531,2102.9287109375]
[127.05853271484375,329.5167236328125,2085.952880859375]
[132.7310028076172,316.2969970703125,2084.052734375]
[130.3178253173828,273.135498046875,2078.99755859375]
[127.32383728027344,240.37371826171875,2086.77880859375]
[124.23435974121094,216.927001953125,2082.4013671875]
[124.45948791503906,196.3035888671875,2074.285400390625]
[113.84494018554688,173.3455047607422,2057.73876953125]
[109.85733795166016,155.64772033691406,2046.17236328125]
[101.13394165039062,146.98548889160156,2031.444580078125]
[96.61358642578125,137.00341796875,2008.2952880859375]
[94.4009780883789,134.593017578125,1983.222900390625]
[85.17265319824219,134.1034393310547,1961.3983154296875]
[74.8363037109375,140.7646942138672,1947.80615234375]
[68.06171417236328,143.54042053222656,1938.533447265625]
[64.41641235351562,139.5638885498047,1922.60498046875]
[64.17182159423828,145.77536010742188,1901.09765625]
[65.42471313476562,157.1165771484375,1878.557373046875]
[66.98790740966797,156.3070068359375,1849.8958740234375]
[65.604736328125,156.5183868408203,1836.52880859375]
[57.5953369140625,160.17160034179688,1810.1165771484375]
[58.08781433105469,162.43057250976562,1807.620849609375]
[55.10721969604492,163.9276885986328,1787.742431640625]
[56.38212203979492,167.02001953125,1759.9847412109375]
[59.373600006103516,163.15211486816406,1730.0089111328125]
[74.64940643310547,167.0286102294922,1695.817138671875]
[70.87448120117188,162.95753479003906,1677.8106689453125]
[73.15103149414062,158.843505859375,1647.68408203125]
[77.9966049194336,161.62881469726562,1603.6517333984375]
[75.469482421875,152.82591247558594,1568.8807373046875]
[76.63958740234375,143.1493377685547,1540.9334716796875]
[77.72008514404297,127.5682601928711,1519.5347900390625]
[77.73534393310547,122.64324188232422,1502.397705078125]
[83.1084213256836,112.8286361694336,1490.298583984375]
[82.70401763916016,110.87267303466797,1485.6513671875]
[81.81053161621094,113.8951416015625,1479.84423828125]
[82.0277099609375,117.61285400390625,1473.68310546875]
[84.76850128173828,124.55158996582031,1466.8177490234375]
[90.34541320800781,132.7122802734375,1464.990234375]
[90.8084487915039,140.49130249023438,1458.101318359375]
[87.8420639038086,143.79640197753906,1461.151123046875]
[89.66749572753906,149.24429321289062,1462.9560546875]
[90.45924377441406,155.5486297607422,1467.0029296875]
[88.50411987304688,162.86814880371094,1472.3541259765625]
[89.3759994506836,164.94142150878906,1469.060546875]
[91.71106719970703,162.85787963867188,1461.41845703125]
[88.86327362060547,159.25228881835938,1454.018310546875]
[81.39004516601562,159.07894897460938,1451.0311279296875]
[64.9625473022461,165.05055236816406,1464.783447265625]
[53.568939208984375,163.42723083496094,1474.2042236328125]
[45.854244232177734,160.67237854003906,1492.6591796875]
[38.8303337097168,161.079345703125,1494.2347412109375]
[37.487648010253906,158.42066955566406,1499.3397216796875]
[46.77683639526367,137.7630157470703,1554.38525390625]
[57.38316345214844,135.75927734375,1554.8858642578125]
[69.13189697265625,137.27723693847656,1557.9476318359375]
[67.23749542236328,144.1555938720703,1554.1912841796875]
[69.16423034667969,152.85780334472656,1549.8740234375]
[62.68637466430664,169.32489013671875,1547.31689453125]
[57.9278678894043,191.54742431640625,1542.089111328125]
[48.26511764526367,206.53726196289062,1528.6629638671875]
[38.73291778564453,221.19528198242188,1516.1817626953125]
[24.266002655029297,226.4469757080078,1499.7310791015625]
[8.735333442687988,236.3779754638672,1479.6376953125]
[-13.11417293548584,240.64453125,1474.778564453125]
[-39.334651947021484,225.07496643066406,1491.0206298828125]
[-61.718284606933594,206.5970916748047,1487.4881591796875]
[-87.38299560546875,183.9610137939453,1493.041748046875]
[-108.25921630859375,162.09962463378906,1501.759521484375]
[-119.58154296875,144.7167205810547,1498.6119384765625]
[-126.28550720214844,135.23080444335938,1492.5919189453125]
[-131.65171813964844,125.86571502685547,1483.20703125]
[-151.12693786621094,128.8551025390625,1486.4852294921875]
[-165.79444885253906,133.49896240234375,1486.8958740234375]
[-174.81900024414062,135.8148193359375,1489.271728515625]
[-181.64013671875,145.64303588867188,1492.7906494140625]
[-191.25143432617188,153.192138671875,1495.9810791015625]
[-192.07089233398438,161.7868194580078,1500.626708984375]
[-190.07388305664062,165.1409454345703,1506.072265625]
[-184.15191650390625,183.28103637695312,1514.6885986328125]
[-184.3643035888672,182.3677520751953,1524.1492919921875]
[-181.27499389648438,182.61288452148438,1535.043701171875]
[-173.0086212158203,175.0875244140625,1549.057373046875]
[-166.6842803955078,170.6297149658203,1565.5357666015625]
[-167.2261505126953,158.60238647460938,1581.0267333984375]
[-163.73008728027344,141.92784118652344,1583.211181640625]
[-163.6337890625,127.17455291748047,1606.9493408203125]
[-160.02346801757812,130.9100799560547,1628.6756591796875]
[-156.66525268554688,128.5507354736328,1638.372802734375]
[-137.6627960205078,138.7077178955078,1665.438720703125]
[-122.51593017578125,156.6768798828125,1683.4246826171875]
[-113.9626235961914,172.52700805664062,1698.4366455078125]
[-101.558837890625,197.27244567871094,1712.6923828125]
[-92.78927612304688,214.33895874023438,1725.1724853515625]
[-84.98942565917969,225.46351623535156,1746.2576904296875]
[-69.01359558105469,231.88446044921875,1763.57080078125]
[-56.65181350708008,238.04635620117188,1781.1240234375]
[-37.819522857666016,238.0022735595703,1791.366455078125]
[-20.472232818603516,233.15744018554688,1796.750732421875]
[-3.8937182426452637,217.61585998535156,1803.363525390625]
[11.838386535644531,198.42489624023438,1811.7841796875]
[32.18141555786133,179.95703125,1818.2529296875]
[47.56882095336914,163.56658935546875,1821.0498046875]
[56.62477111816406,156.30702209472656,1827.3609619140625]
[67.84468841552734,152.1124267578125,1838.6759033203125]
[77.51923370361328,157.66043090820312,1856.1099853515625]
[84.09144592285156,165.993896484375,1866.625732421875]
[88.5629653930664,174.6711883544922,1877.0567626953125]
[96.27692413330078,184.7905731201172,1897.198974609375]
[110.14478302001953,189.72666931152344,1926.121337890625]
[117.50199890136719,205.0650634765625,1947.1904296875]
[121.70506286621094,205.88575744628906,1962.36083984375]
[126.92138671875,209.40904235839844,1978.7540283203125]
[129.22683715820312,213.44789123535156,1988.6619873046875]
[128.81344604492188,209.8623809814453,2002.9869384765625]
[130.4284210205078,204.48150634765625,2018.400146484375]
[132.57073974609375,199.94406127929688,2039.4365234375]
[136.59326171875,201.6902618408203,2061.438232421875]
[143.6260223388672,198.2739715576172,2074.55419921875]
[144.54449462890625,191.7017364501953,2089.74560546875]
[144.23223876953125,185.87010192871094,2105.91845703125]
[149.42288208007812,184.67364501953125,2129.94921875]
[149.78028869628906,179.9246826171875,2157.27880859375]
[153.70831298828125,174.73207092285156,2176.270263671875]
[162.61175537109375,176.27041625976562,2201.941162109375]
[168.22996520996094,176.9585418701172,2222.251708984375]
[168.31787109375,186.98138427734375,2242.7734375]
[169.3472442626953,193.89468383789062,2253.68994140625]
[173.1258544921875,214.34588623046875,2263.4814453125]
[181.91842651367188,220.2460174560547,2267.754638671875]
[187.52951049804688,229.65159606933594,2281.77392578125]
[192.4250946044922,236.23806762695312,2294.883056640625]
[191.69227600097656,234.21633911132812,2310.32080078125]
[193.65553283691406,234.44140625,2321.29345703125]
[194.09776306152344,233.93788146972656,2331.28369140625]
[199.10227966308594,233.06201171875,2331.041259765625]
[204.07012939453125,218.81256103515625,2331.354248046875]
[209.18370056152344,209.47071838378906,2334.495361328125]
[218.85377502441406,194.23568725585938,2341.097412109375]
[228.38563537597656,173.71530151367188,2343.765625]
[232.24652099609375,164.98379516601562,2337.04248046875]
[241.76316833496094,163.59329223632812,2329.6826171875]
[244.20895385742188,164.14344787597656,2317.755615234375]
[247.60076904296875,166.71217346191406,2315.52978515625]
[246.72401428222656,180.1973876953125,2311.1025390625]
[246.51123046875,186.2512969970703,2309.53857421875]
[240.3836669921875,200.9442901611328,2310.697021484375]
[232.62266540527344,204.88058471679688,2310.432861328125]
[225.39576721191406,204.8878631591797,2309.481689453125]
[219.6218719482422,206.16114807128906,2310.72802734375]
[214.5355987548828,198.11048889160156,2306.04931640625]
[206.38702392578125,191.4264678955078,2303.80078125]
[199.21328735351562,184.36544799804688,2297.771240234375]
[191.01071166992188,176.25430297851562,2291.67578125]
[178.5545654296875,173.58999633789062,2280.927978515625]
[166.91952514648438,171.02149963378906,2272.135009765625]
[157.8506622314453,167.28189086914062,2272.05517578125]
[153.1763458251953,160.91233825683594,2258.34033203125]
[146.63485717773438,150.80213928222656,2246.613525390625]
[130.63270568847656,142.39340209960938,2227.518310546875]
[116.33560180664062,139.09390258789062,2206.27978515625]
[103.32150268554688,138.01516723632812,2189.313720703125]
[93.19587707519531,139.55062866210938,2164.417724609375]
[81.4193344116211,138.19979858398438,2145.08447265625]
[74.08605194091797,141.42221069335938,2124.31005859375]
[63.550018310546875,143.04486083984375,2102.70703125]
[55.06674575805664,148.33355712890625,2083.602294921875]
[45.16317367553711,151.3745574951172,2063.1611328125]
[37.43328094482422,146.1721649169922,2039.03955078125]
[31.34583282470703,149.7191162109375,2013.224609375]
[22.32257843017578,149.30831909179688,1986.939208984375]
[15.861531257629395,144.34280395507812,1965.2562255859375]
[0.5826613903045654,133.6724090576172,1937.573974609375]
[-8.742828369140625,126.2096939086914,1902.6015625]
[-19.92935562133789,125.23384094238281,1879.7528076171875]
[-24.027164459228516,124.042724609375,1848.445556640625]
[-25.988513946533203,126.36392974853516,1841.7991943359375]
[-34.46199417114258,130.7125244140625,1793.0977783203125]
[-35.53217315673828,135.1345672607422,1769.06591796875]
[-37.538658142089844,140.41722106933594,1743.80615234375]
[0,0,0]
[0,0,0]
[0,0,0]
[0,0,0]
[0,0,0]
[0,0,0]
[0,0,0]
[0,0,0]
[0,0,0]
[0,0,0]
[0,0,0]
[0,0,0]
[0,0,0]
[0,0,0]
[0,0,0]
[0,0,0]
[0,0,0]
[0,0,0]
[0,0,0]
[0,0,0]
[0,0,0]
[0,0,0]
[0,0,0]
[0,0,0]
[0,0,0]
[0,0,0]
[0,0,0]
[0,0,0]
[0,0,0]
[0,0,0]
[0,0,0]
[0,0,0]
[0,0,0]
[0,0,0]
[0,0,0]
[0,0,0]
[0,0,0]
[0,0,0]
[0,0,0]
[0,0,0]
[0,0,0]
[0,0,0]
[0,0,0]
[0,0,0]
[0,0,0]
[0,0,0]
[0,0,0]
[0,0,0]
[0,0,0]
[0,0,0]
[0,0,0]
[0,0,0]
[0,0,0]
[0,0,0]
[0,0,0]
[0,0,0]
[0,0,0]
[0,0,0]
[0,0,0]
[0,0,0]
[0,0,0]
[0,0,0]
[0,0,0]
[0,0,0]
[0,0,0]
[0,0,0]
[0,0,0]
[0,0,0]
[0,0,0]
[0,0,0]
[0,0,0]
[0,0,0]
[0,0,0]
[0,0,0]
[0,0,0]
[0,0,0]
[0,0,0]
[0,0,0]
[0,0,0]
[0,0,0]
[0,0,0]
[0,0,0]
[0,0,0]
[0,0,0]
[0,0,0]
[0,0,0]
[0,0,0]
[0,0,0]
[0,0,0]
[0,0,0]
[0,0,0]
[0,0,0]
[0,0,0]
[0,0,0]
[0,0,0]
[0,0,0]
[0,0,0]
[0,0,0]
[0,0,0]
[0,0,0]
[0,0,0]
[0,0,0]
[0,0,0]
[0,0,0]
[0,0,0]
[0,0,0]
[0,0,0]
[0,0,0]
[0,0,0]
[0,0,0]
[0,0,0]
[0,0,0]
[0,0,0]
[0,0,0]
[0,0,0]
[0,0,0]
[0,0,0]
[0,0,0]
[0,0,0]
[0,0,0]
[0,0,0]
[0,0,0]
[0,0,0]
[0,0,0]
[0,0,0]
[0,0,0]
[0,0,0]
[0,0,0]
[0,0,0]
[0,0,0]
[0,0,0]
[0,0,0]
[0,0,0]
[0,0,0]
[0,0,0]
[0,0,0]
[0,0,0]
[0,0,0]
[0,0,0]
[0,0,0]
[0,0,0]
[0,0,0]
[0,0,0]
[0,0,0]
[0,0,0]
[0,0,0]
[0,0,0]
[0,0,0]
[0,0,0]
[0,0,0]
[0,0,0]
[0,0,0]
[0,0,0]
[0,0,0]
[0,0,0]
[0,0,0]
[0,0,0]
[0,0,0]
[0,0,0]
[0,0,0]
[0,0,0]
[0,0,0]
[0,0,0]
[0,0,0]
[0,0,0]
[0,0,0]
[0,0,0]
[0,0,0]
[0,0,0]
[0,0,0]
[0,0,0]
[0,0,0]
[0,0,0]
[0,0,0]
[0,0,0]
[0,0,0]
[0,0,0]
[0,0,0]
[0,0,0]
[0,0,0]
[0,0,0]
[0,0,0]
[0,0,0]
[0,0,0]
[0,0,0]
[0,0,0]
[0,0,0]
[0,0,0]
[0,0,0]
[0,0,0]
[0,0,0]
[0,0,0]
[0,0,0]
[0,0,0]
[0,0,0]
[0,0,0]
[0,0,0]
[0,0,0]
[0,0,0]
[0,0,0]
[0,0,0]
[0,0,0]
[0,0,0]
[0,0,0]
[0,0,0]
[0,0,0]
[0,0,0]
[0,0,0]
[0,0,0]
[0,0,0]
[0,0,0]
[0,0,0]
[0,0,0]
[0,0,0]
[0,0,0]
[0,0,0]
[0,0,0]
[0,0,0]
[0,0,0]
[0,0,0]
[0,0,0]
[0,0,0]
[0,0,0]
[0,0,0]
[0,0,0]
[0,0,0]
[0,0,0]
[0,0,0]
[0,0,0]
[0,0,0]
[0,0,0]
[0,0,0]
[0,0,0]
[0,0,0]
[0,0,0]
[0,0,0]
[0,0,0]
[0,0,0]
[0,0,0]
[0,0,0]
[0,0,0]
[0,0,0]
[0,0,0]
[0,0,0]
[0,0,0]
[0,0,0]
[0,0,0]
[0,0,0]
[0,0,0]
[0,0,0]
[0,0,0]
[0,0,0]
[0,0,0]
[0,0,0]
[0,0,0]
[0,0,0]
[0,0,0]
[0,0,0]
[0,0,0]
[0,0,0]
[0,0,0]
[0,0,0]
[0,0,0]
[0,0,0]
[0,0,0]
[0,0,0]
[0,0,0]
[0,0,0]
[0,0,0]
[0,0,0]
[0,0,0]
[0,0,0]
[0,0,0]
[0,0,0]
[0,0,0]
[0,0,0]
[0,0,0]
[0,0,0]
[0,0,0]
[0,0,0]
[0,0,0]
[0,0,0]
[0,0,0]
[0,0,0]
[0,0,0]
[0,0,0]
[0,0,0]
[0,0,0]
[0,0,0]
[0,0,0]
[0,0,0]
[0,0,0]
[0,0,0]
[0,0,0]
[0,0,0]
[0,0,0]
[0,0,0]
[0,0,0]
[0,0,0]
[0,0,0]
[0,0,0]
[0,0,0]
[0,0,0]
[0,0,0]
[0,0,0]
[0,0,0]
[0,0,0]
[0,0,0]
[0,0,0]
[0,0,0]
[0,0,0]
[0,0,0]
[0,0,0]
[0,0,0]
[0,0,0]
[0,0,0]
[0,0,0]
[0,0,0]
[0,0,0]
[0,0,0]
[0,0,0]
[0,0,0]
[0,0,0]
[0,0,0]
[0,0,0]
[0,0,0]
[0,0,0]
[0,0,0]
[0,0,0]
[0,0,0]
[0,0,0]
[0,0,0]
[0,0,0]
[0,0,0]
[0,0,0]
[0,0,0]
[0,0,0]
[0,0,0]
[0,0,0]
[0,0,0]
[0,0,0]
[0,0,0]
[0,0,0]
[0,0,0]
[0,0,0]
[0,0,0]
[0,0,0]
[0,0,0]
[0,0,0]
[0,0,0]
[0,0,0]
[0,0,0]
[0,0,0]
[0,0,0]
[0,0,0]
[0,0,0]
[0,0,0]
[0,0,0]
[0,0,0]
[0,0,0]
[0,0,0]
[0,0,0]
[0,0,0]
[0,0,0]
[0,0,0]
[0,0,0]
[0,0,0]
[0,0,0]
[0,0,0]
[0,0,0]
[0,0,0]
[0,0,0]
[0,0,0]
[0,0,0]
[0,0,0]
[0,0,0]
[0,0,0]
[0,0,0]
[0,0,0]
[0,0,0]
[0,0,0]
[0,0,0]
[0,0,0]
[0,0,0]
[0,0,0]
[0,0,0]
[0,0,0]
[0,0,0]
[0,0,0]
[0,0,0]
[0,0,0]
[0,0,0]
[0,0,0]
[0,0,0]
[0,0,0]
[0,0,0]
[0,0,0]
[0,0,0]
[0,0,0]
[0,0,0]
[0,0,0]
[0,0,0]
[0,0,0]
[0,0,0]
[0,0,0]
[0,0,0]
[0,0,0]
[0,0,0]
[0,0,0]
[0,0,0]
[0,0,0]
[0,0,0]
[0,0,0]
[0,0,0]
[0,0,0]
[0,0,0]
[0,0,0]
[0,0,0]
[0,0,0]
[0,0,0]
[0,0,0]
[0,0,0]
[0,0,0]
[0,0,0]
[0,0,0]
[0,0,0]
[0,0,0]
[0,0,0]
[0,0,0]
[0,0,0]
[0,0,0]
[0,0,0]
[0,0,0]
[0,0,0]
[0,0,0]
[0,0,0]
[0,0,0]
[0,0,0]
[0,0,0]
[0,0,0]
[0,0,0]
[0,0,0]
[0,0,0]
[0,0,0]
[0,0,0]
[0,0,0]
[0,0,0]
[0,0,0]
[0,0,0]
[0,0,0]
[0,0,0]
[0,0,0]
