452
30
[37.236778259277344, 1700.3779296875, 1039.1767578125]
[30.15203857421875, 1705.49072265625, 1040.8980712890625]
[28.175439834594727, 1703.1705322265625, 1041.86962890625]
[24.310678482055664, 1706.367431640625, 1043.5338134765625]
[25.11873435974121, 1699.1625366210938, 1029.6705322265625]
[26.89162254333496, 1699.3759765625, 1031.107421875]
[15.506699562072754, 1705.519775390625, 1038.2640380859375]
[15.917248725891113, 1703.7593994140625, 1048.12890625]
[7.837246894836426, 1711.6841430664062, 1041.6953125]
[1.8247663974761963, 1711.0390625, 1046.4205322265625]
[0.04819408059120178, 1709.9447021484375, 1040.728759765625]
[-3.8922839164733887, 1710.3674926757812, 1037.5731201171875]
[-0.18139556050300598, 1705.6821899414062, 1030.150634765625]
[-2.3035295009613037, 1705.616455078125, 1031.1875]
[-7.584311008453369, 1699.6390991210938, 1028.4766845703125]
[-9.312363624572754, 1704.5451049804688, 1029.61279296875]
[-10.421479225158691, 1707.4458618164062, 1030.1573486328125]
[-10.286530494689941, 1702.449951171875, 1028.2725830078125]
[-11.27043342590332, 1702.176513671875, 1028.616455078125]
[-15.700336456298828, 1701.2132568359375, 1028.7978515625]
[-19.340206146240234, 1701.7600708007812, 1032.8240966796875]
[-17.896875381469727, 1701.3748779296875, 1025.93212890625]
[-19.80851936340332, 1699.5716552734375, 1028.898193359375]
[-19.799396514892578, 1698.6365356445312, 1024.9974365234375]
[-24.0007266998291, 1702.450439453125, 1029.2578125]
[-25.7170352935791, 1701.4212646484375, 1026.4012451171875]
[-30.351638793945312, 1701.2681884765625, 1029.336181640625]
[-31.520254135131836, 1697.5440673828125, 1025.4281005859375]
[-35.968605041503906, 1695.36669921875, 1027.8292236328125]
[-33.73542022705078, 1696.3098754882812, 1024.0283203125]
[-34.991058349609375, 1696.8554077148438, 1026.8056640625]
[-35.22471618652344, 1696.9083251953125, 1027.078369140625]
[-36.13003921508789, 1697.1915283203125, 1027.049560546875]
[-42.42985153198242, 1692.9347534179688, 1024.758544921875]
[-44.05628967285156, 1695.04638671875, 1021.452392578125]
[-52.02567672729492, 1691.2366943359375, 1012.4234619140625]
[-52.34726333618164, 1691.476318359375, 1012.031494140625]
[-65.18323516845703, 1699.094970703125, 1002.0181884765625]
[-74.7490463256836, 1694.6248168945312, 994.8594970703125]
[-74.5179672241211, 1692.4420776367188, 972.578125]
[-90.05843353271484, 1695.580322265625, 974.153564453125]
[-86.11122131347656, 1706.6983642578125, 958.4617919921875]
[-86.44813537597656, 1706.39794921875, 941.91552734375]
[-77.83135986328125, 1705.08447265625, 932.2696533203125]
[-71.2220230102539, 1701.9818115234375, 921.8907470703125]
[-62.544837951660156, 1696.9395141601562, 913.8695068359375]
[-54.51340103149414, 1696.07470703125, 910.80810546875]
[-47.568912506103516, 1696.6187133789062, 915.68310546875]
[-37.659584045410156, 1704.504150390625, 912.9605712890625]
[-26.77464485168457, 1697.41455078125, 911.8133544921875]
[-13.844001770019531, 1692.4736938476562, 894.660888671875]
[0.08487887680530548, 1686.8314819335938, 896.3253173828125]
[7.977301120758057, 1676.808349609375, 904.629150390625]
[19.556045532226562, 1669.3639526367188, 895.1376953125]
[32.95270538330078, 1665.9362182617188, 891.8936767578125]
[42.884498596191406, 1670.3733520507812, 915.4114990234375]
[58.41708755493164, 1674.3770751953125, 907.3416748046875]
[70.74982452392578, 1685.6632690429688, 894.5679931640625]
[82.08082580566406, 1688.8330078125, 879.8251953125]
[96.154541015625, 1701.5824584960938, 869.2020263671875]
[103.27833557128906, 1710.7007446289062, 867.0819091796875]
[117.05154418945312, 1718.6089477539062, 864.1492919921875]
[118.5287857055664, 1718.8001098632812, 846.953369140625]
[128.9449920654297, 1723.3709106445312, 869.4332275390625]
[126.83460235595703, 1690.7192993164062, 866.3236083984375]
[116.66437530517578, 1684.0497436523438, 864.6033935546875]
[116.39900970458984, 1670.7362670898438, 872.3824462890625]
[87.05187225341797, 1690.5509033203125, 891.8804931640625]
[73.98564147949219, 1683.1635131835938, 888.1414794921875]
[64.53215789794922, 1692.3882446289062, 890.591552734375]
[52.44388961791992, 1675.000732421875, 884.9429931640625]
[42.184391021728516, 1664.0887451171875, 882.033203125]
[29.858787536621094, 1669.6768188476562, 884.29833984375]
[20.56135368347168, 1674.6073608398438, 891.760986328125]
[4.127312660217285, 1682.828125, 900.0252685546875]
[-7.202736854553223, 1686.1817626953125, 906.2342529296875]
[-16.97305679321289, 1689.0725708007812, 917.5472412109375]
[-13.400771141052246, 1683.9207763671875, 919.767333984375]
[-16.311586380004883, 1673.0525512695312, 934.24658203125]
[-20.956398010253906, 1649.8779907226562, 933.934814453125]
[-18.781877517700195, 1645.876953125, 947.368896484375]
[-26.895648956298828, 1635.0427856445312, 960.211181640625]
[-75.04668426513672, 1638.0415649414062, 985.8046875]
[-39.56907272338867, 1611.8980712890625, 974.000244140625]
[-36.01156997680664, 1645.099609375, 991.394775390625]
[-45.459495544433594, 1623.442626953125, 995.24267578125]
[-37.976139068603516, 1619.518798828125, 998.4302978515625]
[-45.63766098022461, 1601.1369018554688, 997.9432373046875]
[-62.13810348510742, 1597.125732421875, 989.1029052734375]
[-58.18756866455078, 1608.0261840820312, 981.7301025390625]
[-28.081663131713867, 1582.6080322265625, 953.683349609375]
[-32.572513580322266, 1616.6094970703125, 966.471435546875]
[-12.591414451599121, 1623.0109252929688, 946.8243408203125]
[-23.698768615722656, 1632.0283203125, 928.6197509765625]
[-29.689029693603516, 1666.553466796875, 930.733642578125]
[-49.78224563598633, 1692.7562255859375, 934.405029296875]
[-53.41816711425781, 1687.7473754882812, 922.0584716796875]
[-75.5886001586914, 1683.9830322265625, 915.737060546875]
[-105.5530014038086, 1674.81787109375, 905.0272216796875]
[-98.6682357788086, 1642.690673828125, 891.0560302734375]
[-129.7742462158203, 1590.2896728515625, 851.94775390625]
[-140.82923889160156, 1601.6727905273438, 855.8736572265625]
[-155.81683349609375, 1571.7884521484375, 832.6995849609375]
[-165.87924194335938, 1599.0980224609375, 834.9810791015625]
[-173.84268188476562, 1611.141357421875, 838.236572265625]
[-202.80894470214844, 1607.6295776367188, 821.00830078125]
[-205.28797912597656, 1618.0277099609375, 817.78515625]
[-233.9515380859375, 1628.9896240234375, 803.2220458984375]
[-232.6805419921875, 1626.4122314453125, 804.6181640625]
[-263.12396240234375, 1658.4749145507812, 801.5277099609375]
[-258.50543212890625, 1653.4622192382812, 822.905517578125]
[-260.08221435546875, 1633.7332763671875, 835.455078125]
[-251.2508087158203, 1617.4959716796875, 826.520263671875]
[-259.2314147949219, 1597.5748901367188, 824.3370361328125]
[-252.4464111328125, 1578.4339599609375, 872.1353759765625]
[-255.38134765625, 1574.1834106445312, 880.4395751953125]
[-269.9365234375, 1569.1951904296875, 876.5906982421875]
[-279.0839538574219, 1600.51611328125, 903.362060546875]
[-260.7232666015625, 1607.98388671875, 919.1705322265625]
[-254.8671112060547, 1610.7128295898438, 915.88232421875]
[-254.5171356201172, 1634.5841064453125, 919.263671875]
[-260.3990173339844, 1632.63427734375, 903.5679931640625]
[-225.14793395996094, 1658.1934204101562, 906.425537109375]
[-213.91937255859375, 1671.8688354492188, 895.10009765625]
[-198.5464630126953, 1670.4039306640625, 882.9364013671875]
[-178.4587860107422, 1692.1815795898438, 869.0753173828125]
[-173.70977783203125, 1707.0325317382812, 851.9061279296875]
[-155.08718872070312, 1704.4491577148438, 828.1907958984375]
[-152.212890625, 1696.170166015625, 816.7125244140625]
[-144.4834747314453, 1667.7420043945312, 798.1800537109375]
[-144.70008850097656, 1666.1610107421875, 802.2008056640625]
[-132.77725219726562, 1645.07080078125, 792.8504638671875]
[-111.4626693725586, 1643.2587280273438, 780.52490234375]
[-93.90222930908203, 1624.6922607421875, 769.52734375]
[-83.23114776611328, 1630.7481689453125, 757.881591796875]
[-74.36528778076172, 1641.1651611328125, 750.6280517578125]
[-69.62765502929688, 1667.0061645507812, 753.9423828125]
[-64.47361755371094, 1691.4556274414062, 750.72998046875]
[-55.45625305175781, 1711.0589599609375, 749.946533203125]
[-46.86126708984375, 1726.7826538085938, 751.9967041015625]
[-41.37236785888672, 1731.736083984375, 757.320068359375]
[-34.323123931884766, 1727.0430908203125, 763.8070068359375]
[-25.357696533203125, 1721.9594116210938, 773.765625]
[-24.14429473876953, 1702.3807373046875, 790.021728515625]
[-14.749216079711914, 1681.7689208984375, 809.4945068359375]
[7.930942058563232, 1659.3740844726562, 819.8385009765625]
[17.825584411621094, 1648.543701171875, 834.5045166015625]
[42.70685958862305, 1647.8942260742188, 840.8389892578125]
[56.366119384765625, 1655.0316772460938, 832.7225341796875]
[74.70733642578125, 1665.4415893554688, 818.564453125]
[87.15192413330078, 1678.5776977539062, 811.553955078125]
[101.34895324707031, 1682.9912719726562, 763.09228515625]
[94.10477447509766, 1702.647216796875, 796.653076171875]
[119.41180419921875, 1706.6544189453125, 777.829833984375]
[136.62844848632812, 1691.768798828125, 733.99560546875]
[144.4427947998047, 1702.0278930664062, 734.5946044921875]
[149.99681091308594, 1713.2432250976562, 735.39111328125]
[158.46731567382812, 1717.5123901367188, 729.3836669921875]
[167.7657928466797, 1710.8952026367188, 687.157958984375]
[171.68203735351562, 1704.3414306640625, 693.6728515625]
[172.20701599121094, 1694.7205810546875, 681.5184326171875]
[173.11318969726562, 1679.7037963867188, 665.824951171875]
[177.13035583496094, 1661.2670288085938, 655.5421142578125]
[183.40151977539062, 1639.3798828125, 635.052001953125]
[185.4474639892578, 1623.9869995117188, 639.421875]
[187.1435546875, 1629.135498046875, 633.7373046875]
[195.9810791015625, 1647.0614013671875, 628.201416015625]
[195.34921264648438, 1669.1239013671875, 629.24658203125]
[223.3181915283203, 1651.7803344726562, 602.4305419921875]
[226.6107177734375, 1657.025634765625, 594.4356689453125]
[233.13836669921875, 1667.7677001953125, 587.4356689453125]
[238.963134765625, 1666.412353515625, 561.47216796875]
[248.4429473876953, 1659.8016967773438, 533.6337890625]
[253.8710174560547, 1627.5332641601562, 545.82861328125]
[268.6034851074219, 1597.7275390625, 516.477294921875]
[269.78277587890625, 1599.9567260742188, 511.0384521484375]
[271.0976867675781, 1620.31640625, 519.4012451171875]
[274.04345703125, 1618.6650390625, 508.1768798828125]
[273.30181884765625, 1619.8084716796875, 511.364501953125]
[275.2256774902344, 1624.2588500976562, 501.720947265625]
[273.56011962890625, 1620.1209716796875, 500.83154296875]
[272.6273193359375, 1616.0204467773438, 500.40869140625]
[277.51544189453125, 1625.7178344726562, 502.412841796875]
[276.218505859375, 1622.22265625, 500.90283203125]
[276.8804931640625, 1617.9645385742188, 507.7552490234375]
[275.0893859863281, 1610.0913696289062, 517.33056640625]
[277.5987243652344, 1628.951416015625, 532.0880126953125]
[271.4549865722656, 1628.0909423828125, 551.68994140625]
[267.0333251953125, 1619.2840576171875, 571.8828125]
[260.8074645996094, 1606.3442993164062, 582.2811279296875]
[251.21670532226562, 1589.3019409179688, 589.9517822265625]
[242.47232055664062, 1599.0703735351562, 607.912841796875]
[220.33334350585938, 1638.868896484375, 644.607666015625]
[218.12811279296875, 1629.813720703125, 648.718017578125]
[205.7588653564453, 1623.8092041015625, 661.03271484375]
[197.181640625, 1625.9192504882812, 666.78466796875]
[181.54635620117188, 1622.46240234375, 666.4398193359375]
[168.34640502929688, 1632.2566528320312, 678.1639404296875]
[173.35597229003906, 1637.7335205078125, 682.49365234375]
[158.33148193359375, 1648.7014770507812, 698.0589599609375]
[147.9901123046875, 1662.93701171875, 714.9835205078125]
[143.32574462890625, 1676.984130859375, 730.9710693359375]
[130.0895233154297, 1686.0450439453125, 751.053466796875]
[111.42588806152344, 1693.20849609375, 776.107666015625]
[100.82127380371094, 1700.9276733398438, 794.2427978515625]
[100.44380950927734, 1699.4649047851562, 809.677978515625]
[100.3412094116211, 1694.1998291015625, 822.8797607421875]
[96.74835968017578, 1689.2069091796875, 841.3111572265625]
[83.47288513183594, 1690.3134155273438, 873.21044921875]
[80.55626678466797, 1673.6565551757812, 893.27490234375]
[72.49073791503906, 1669.0593872070312, 928.823486328125]
[68.13579559326172, 1649.0667724609375, 935.5721435546875]
[69.34525299072266, 1627.1141357421875, 944.9349365234375]
[55.606590270996094, 1662.802978515625, 972.418701171875]
[42.69915771484375, 1685.74609375, 990.139404296875]
[40.873069763183594, 1703.8972778320312, 976.053955078125]
[28.70182228088379, 1725.02197265625, 976.3995361328125]
[16.57602882385254, 1739.8190307617188, 984.6187744140625]
[4.428809642791748, 1753.7374877929688, 984.7706298828125]
[-10.440533638000488, 1762.9711303710938, 1018.890869140625]
[-27.993154525756836, 1760.4652099609375, 1048.958740234375]
[-34.26804733276367, 1746.1817626953125, 1040.7529296875]
[-60.388790130615234, 1720.8989868164062, 1081.523681640625]
[-62.355079650878906, 1687.5940551757812, 1057.5498046875]
[-65.7379379272461, 1675.0125122070312, 1068.467041015625]
[-79.05772399902344, 1679.303466796875, 1103.659423828125]
[-80.31710815429688, 1680.0840454101562, 1111.226806640625]
[-80.7900161743164, 1680.7289428710938, 1130.94189453125]
[-64.19822692871094, 1684.0189819335938, 1101.05908203125]
[-58.93191146850586, 1693.9146728515625, 1108.215576171875]
[-55.94070053100586, 1728.4002075195312, 1142.843017578125]
[-52.64741897583008, 1755.6495971679688, 1151.212646484375]
[-47.608306884765625, 1793.2076416015625, 1167.61767578125]
[-35.091163635253906, 1820.100830078125, 1166.16162109375]
[-34.74699783325195, 1835.4249267578125, 1167.2607421875]
[-30.123512268066406, 1836.725341796875, 1162.51171875]
[-29.62429428100586, 1830.0113525390625, 1170.489990234375]
[-30.62610626220703, 1809.7214965820312, 1170.094482421875]
[-27.496492385864258, 1792.09033203125, 1165.7646484375]
[-30.48459243774414, 1765.1415405273438, 1167.31884765625]
[-20.677066802978516, 1717.0186157226562, 1153.350341796875]
[-15.132890701293945, 1689.4603881835938, 1113.2548828125]
[-7.549087047576904, 1669.4498901367188, 1087.57275390625]
[-4.017278671264648, 1643.1004028320312, 1069.173095703125]
[-7.663395404815674, 1623.6973876953125, 1060.52685546875]
[-20.6460018157959, 1604.257568359375, 1050.812255859375]
[-24.223880767822266, 1570.3344116210938, 1037.6966552734375]
[-27.830232620239258, 1532.3493041992188, 1018.553466796875]
[-37.987518310546875, 1514.6267700195312, 1038.339599609375]
[-35.4885368347168, 1446.6051635742188, 1010.5400390625]
[-36.38785171508789, 1401.5459594726562, 995.834716796875]
[-36.826133728027344, 1365.8718872070312, 991.919677734375]
[-40.202823638916016, 1339.9039306640625, 989.796142578125]
[-39.88050842285156, 1315.2719116210938, 990.303466796875]
[-39.61229705810547, 1299.0932922363281, 995.6851806640625]
[-39.03556442260742, 1291.4999694824219, 999.2918701171875]
[-37.90272521972656, 1297.3504943847656, 1006.29541015625]
[-35.712440490722656, 1303.5709838867188, 1009.794677734375]
[-28.3752384185791, 1323.1666259765625, 1000.30419921875]
[-30.372385025024414, 1353.2420654296875, 1017.9202880859375]
[-26.665119171142578, 1368.988037109375, 1007.396240234375]
[-32.65877151489258, 1404.3971557617188, 1011.0146484375]
[-31.944028854370117, 1461.1976928710938, 1029.6265869140625]
[-42.6832275390625, 1526.798583984375, 1049.767578125]
[-52.75352478027344, 1604.2255859375, 1054.8798828125]
[-49.788490295410156, 1674.0221557617188, 1047.8861083984375]
[-62.09868240356445, 1729.0675048828125, 1053.0185546875]
[-84.66300201416016, 1784.9968872070312, 1039.123779296875]
[-73.30567169189453, 1814.257568359375, 1035.257568359375]
[-83.82775115966797, 1837.241943359375, 1044.9569091796875]
[-90.66014099121094, 1872.481689453125, 1052.9619140625]
[-83.24592590332031, 1882.345703125, 1038.9678955078125]
[-80.81067657470703, 1883.828125, 1050.55126953125]
[-78.07087707519531, 1856.3248291015625, 1043.2391357421875]
[-81.77289581298828, 1833.194091796875, 1054.585205078125]
[-89.8244857788086, 1788.6965942382812, 1057.432861328125]
[-98.09986114501953, 1752.1304321289062, 1075.38427734375]
[-102.86669921875, 1721.3313598632812, 1079.077880859375]
[-103.76473236083984, 1699.816162109375, 1070.783447265625]
[-105.89990234375, 1674.40869140625, 1066.940673828125]
[-115.06326293945312, 1656.92333984375, 1065.115478515625]
[-120.0190200805664, 1656.3076782226562, 1054.07958984375]
[-112.22965240478516, 1656.9398193359375, 1039.5333251953125]
[-97.87018585205078, 1657.7865600585938, 1018.759033203125]
[-88.59427642822266, 1642.716064453125, 990.4705810546875]
[-82.50619506835938, 1652.2676391601562, 965.51953125]
[-70.7494888305664, 1666.836669921875, 936.462158203125]
[-62.15438461303711, 1659.63232421875, 907.14013671875]
[-48.380069732666016, 1665.5153198242188, 887.12744140625]
[-43.97325897216797, 1670.6677856445312, 869.21484375]
[-40.12683868408203, 1658.5374755859375, 840.3251953125]
[-43.151573181152344, 1660.848876953125, 820.1990966796875]
[-42.50165557861328, 1665.4529418945312, 797.2257080078125]
[-42.35515213012695, 1672.9119262695312, 774.3648681640625]
[-41.419677734375, 1673.6100463867188, 764.846923828125]
[-36.47261428833008, 1674.0764770507812, 740.6158447265625]
[-32.37812423706055, 1669.9246215820312, 731.0968017578125]
[-36.058658599853516, 1673.5758666992188, 727.5916748046875]
[-39.56486129760742, 1682.5343017578125, 721.9970703125]
[-37.07844924926758, 1683.2794799804688, 699.2950439453125]
[-29.750160217285156, 1679.6769409179688, 658.8851318359375]
[-31.97871208190918, 1674.7059936523438, 638.929443359375]
[-32.94957733154297, 1663.4796752929688, 611.99365234375]
[-34.758514404296875, 1647.6638793945312, 588.6488037109375]
[-38.403289794921875, 1644.1790771484375, 579.030517578125]
[-42.234683990478516, 1630.778564453125, 550.5694580078125]
[-40.344539642333984, 1621.946533203125, 515.6224365234375]
[-42.14472198486328, 1618.9130859375, 490.5872802734375]
[-44.949954986572266, 1625.4995727539062, 477.4732666015625]
[-42.28768539428711, 1627.5794067382812, 461.8546142578125]
[-45.824432373046875, 1637.985595703125, 461.406005859375]
[-40.167076110839844, 1641.6864013671875, 456.1572265625]
[-37.49249267578125, 1639.8292236328125, 446.61474609375]
[-31.684011459350586, 1649.4550170898438, 445.31787109375]
[-29.42084312438965, 1660.564208984375, 461.016845703125]
[-27.937469482421875, 1659.8644409179688, 461.037841796875]
[-14.894135475158691, 1652.9937744140625, 461.304931640625]
[-14.528792381286621, 1646.6580810546875, 463.909912109375]
[-16.405025482177734, 1644.475341796875, 467.0400390625]
[-25.07065773010254, 1649.0816040039062, 472.0216064453125]
[-24.708282470703125, 1660.7848510742188, 480.3780517578125]
[-22.96690559387207, 1660.73681640625, 480.4345703125]
[-27.177724838256836, 1681.9525756835938, 502.2608642578125]
[-13.550539016723633, 1659.4697875976562, 471.9276123046875]
[-21.22783660888672, 1650.0508422851562, 495.757080078125]
[-7.265995979309082, 1655.0407104492188, 529.314697265625]
[2.445805788040161, 1652.4772338867188, 535.2392578125]
[9.15410327911377, 1656.032958984375, 545.7489013671875]
[27.236257553100586, 1654.5535888671875, 549.6907958984375]
[32.287784576416016, 1655.5488891601562, 566.029052734375]
[45.068294525146484, 1680.9661254882812, 572.684814453125]
[53.38251495361328, 1713.2285766601562, 582.48583984375]
[63.274383544921875, 1725.0590209960938, 583.1954345703125]
[60.74070739746094, 1736.1546630859375, 582.3980712890625]
[62.79800796508789, 1717.9572143554688, 588.5389404296875]
[41.503028869628906, 1739.971435546875, 595.563232421875]
[43.52165603637695, 1723.8468017578125, 600.334228515625]
[37.01618194580078, 1684.3046875, 595.3975830078125]
[22.871217727661133, 1649.7260131835938, 586.0926513671875]
[13.82949161529541, 1625.2090454101562, 573.0552978515625]
[5.946859836578369, 1636.0044555664062, 566.8336181640625]
[21.67058753967285, 1631.0936889648438, 561.5557861328125]
[23.092641830444336, 1620.5213623046875, 538.76513671875]
[27.358047485351562, 1618.0142822265625, 520.9259033203125]
[26.14121437072754, 1621.2674560546875, 492.026123046875]
[19.99382972717285, 1637.8643798828125, 482.751953125]
[18.340227127075195, 1643.1157836914062, 473.869873046875]
[17.296798706054688, 1656.807373046875, 462.5458984375]
[12.667536735534668, 1661.4354248046875, 453.5855712890625]
[9.848484992980957, 1660.9797973632812, 437.9171142578125]
[18.08622932434082, 1664.861572265625, 440.7239990234375]
[42.88892364501953, 1674.4115600585938, 440.1619873046875]
[50.00566482543945, 1690.7063598632812, 460.28466796875]
[68.00064086914062, 1705.849609375, 472.447021484375]
[80.27886962890625, 1689.392578125, 476.0089111328125]
[98.96240997314453, 1687.448974609375, 480.991943359375]
[107.6561508178711, 1682.6497192382812, 498.983154296875]
[120.08985137939453, 1679.71533203125, 511.6025390625]
[129.3846893310547, 1648.0308227539062, 512.990966796875]
[110.93183135986328, 1662.0960693359375, 547.4293212890625]
[98.4875717163086, 1658.5211791992188, 552.455322265625]
[89.9647445678711, 1669.4345703125, 566.8245849609375]
[89.4842529296875, 1686.2322998046875, 576.9990234375]
[89.2812271118164, 1700.4996337890625, 587.894287109375]
[80.69445037841797, 1715.737548828125, 593.71435546875]
[76.6056900024414, 1728.492919921875, 614.1746826171875]
[70.4101333618164, 1738.5057983398438, 621.06689453125]
[69.65335083007812, 1742.267822265625, 634.9505615234375]
[68.27449798583984, 1749.8734130859375, 650.027099609375]
[64.86978149414062, 1750.4713134765625, 666.9625244140625]
[64.49136352539062, 1732.015380859375, 689.5347900390625]
[62.261871337890625, 1727.5401000976562, 725.1507568359375]
[51.12549591064453, 1714.0989379882812, 757.3433837890625]
[41.372684478759766, 1692.14013671875, 778.532470703125]
[22.686294555664062, 1673.2427978515625, 809.7725830078125]
[13.423966407775879, 1650.0238647460938, 843.5740966796875]
[-7.894121170043945, 1643.1534423828125, 882.804931640625]
[-30.23101043701172, 1664.5631713867188, 912.6405029296875]
[-41.429786682128906, 1674.902099609375, 937.8939208984375]
[-52.84532928466797, 1680.3118286132812, 947.3900146484375]
[-59.226924896240234, 1691.2660522460938, 968.633544921875]
[-70.38935852050781, 1691.0640258789062, 977.8797607421875]
[-69.93717956542969, 1704.0006713867188, 994.0513916015625]
[-80.3543472290039, 1711.4010009765625, 1002.8662109375]
[-76.40094757080078, 1712.5564575195312, 1004.3785400390625]
[-79.07301330566406, 1713.7391357421875, 1010.1800537109375]
[-76.9515151977539, 1703.6470336914062, 1014.4818115234375]
[-95.05040740966797, 1718.7139282226562, 1025.8719482421875]
[-86.02289581298828, 1714.2084350585938, 1039.6151123046875]
[-80.86309051513672, 1711.9271850585938, 1044.7244873046875]
[-82.65916442871094, 1708.619384765625, 1075.148193359375]
[-76.61810302734375, 1713.9367065429688, 1078.984130859375]
[-69.59623718261719, 1705.1113891601562, 1094.189453125]
[-57.98427200317383, 1695.2721557617188, 1100.887939453125]
[-46.232303619384766, 1691.5462036132812, 1114.85400390625]
[-37.35721206665039, 1682.0773315429688, 1120.090576171875]
[-35.19493103027344, 1671.354248046875, 1120.739990234375]
[-34.063087463378906, 1664.2974853515625, 1115.600830078125]
[-36.28706741333008, 1668.9109497070312, 1110.7958984375]
[-39.51013946533203, 1674.859130859375, 1118.822998046875]
[-41.88814163208008, 1689.36962890625, 1118.802978515625]
[-42.91017150878906, 1697.3379516601562, 1118.1337890625]
[-45.877899169921875, 1702.20166015625, 1127.168212890625]
[-51.576656341552734, 1706.9578247070312, 1124.950927734375]
[-64.318115234375, 1711.0414428710938, 1137.685791015625]
[-69.44684600830078, 1717.4760131835938, 1151.087158203125]
[-78.89261627197266, 1712.8131713867188, 1157.254638671875]
[-90.10042572021484, 1714.8753051757812, 1170.516357421875]
[-99.15554809570312, 1712.7346801757812, 1183.917236328125]
[-114.64930725097656, 1705.47265625, 1198.82421875]
[-128.43003845214844, 1680.9842529296875, 1210.83740234375]
[-133.03680419921875, 1653.8108520507812, 1218.270751953125]
[-146.26527404785156, 1642.0535888671875, 1233.86474609375]
[-157.9084930419922, 1648.6095581054688, 1239.393798828125]
[-164.4751434326172, 1644.9679565429688, 1248.893798828125]
[-162.2678680419922, 1663.3861083984375, 1242.731689453125]
[-169.00489807128906, 1672.4144287109375, 1238.017822265625]
[-168.63592529296875, 1678.9674682617188, 1232.90283203125]
[-178.05938720703125, 1693.0795288085938, 1231.1787109375]
[-177.1170196533203, 1704.9616088867188, 1222.93115234375]
[-177.78414916992188, 1705.6369018554688, 1216.190673828125]
[-173.21527099609375, 1702.9073486328125, 1206.1611328125]
[-167.90106201171875, 1693.8717651367188, 1198.084228515625]
[-158.07676696777344, 1681.9558715820312, 1179.5185546875]
[-145.06243896484375, 1669.2548217773438, 1150.80126953125]
[-130.7570037841797, 1661.060546875, 1128.397216796875]
[-115.7267074584961, 1652.5597534179688, 1108.944580078125]
[-97.0494613647461, 1645.7528076171875, 1076.90673828125]
[-83.31431579589844, 1634.9950561523438, 1053.19482421875]
[-66.166015625, 1616.4669189453125, 1028.321044921875]
[-46.37532043457031, 1598.4874267578125, 995.06689453125]
[-39.39692306518555, 1589.54833984375, 980.3125]
[-32.17988967895508, 1580.2677001953125, 961.698974609375]
[-33.047630310058594, 1583.3828735351562, 948.3463134765625]
[-34.48512268066406, 1583.1587524414062, 935.7288818359375]
[-29.403484344482422, 1590.8432006835938, 923.928466796875]
[-21.23261833190918, 1600.6871948242188, 897.75927734375]
[-22.700578689575195, 1607.2269897460938, 885.547607421875]
[-13.024450302124023, 1613.8223876953125, 863.5115966796875]
[-10.539652824401855, 1631.5521240234375, 845.176025390625]
[0.09002722799777985, 1636.1575317382812, 817.51318359375]
[4.3012800216674805, 1644.8768310546875, 804.28076171875]
[11.374653816223145, 1644.8671264648438, 797.405517578125]
[15.843864440917969, 1647.06689453125, 781.0712890625]
[22.915756225585938, 1643.4534301757812, 771.8328857421875]
[28.3201847076416, 1634.7310180664062, 753.861328125]
[34.24180221557617, 1633.8115234375, 737.20654296875]
[39.4134521484375, 1626.7842407226562, 719.439208984375]
[38.36066818237305, 1628.78857421875, 707.0570068359375]
[39.8880500793457, 1630.9589233398438, 689.724609375]
[39.00102233886719, 1635.1126098632812, 671.666259765625]
[39.974609375, 1646.3004760742188, 657.6932373046875]
[0, 0, 0]
[0, 0, 0]
[0, 0, 0]
[0, 0, 0]
[0, 0, 0]
[0, 0, 0]
[0, 0, 0]
[0, 0, 0]
[0, 0, 0]
[0, 0, 0]
[0, 0, 0]
[0, 0, 0]
[0, 0, 0]
[0, 0, 0]
[0, 0, 0]
[0, 0, 0]
[0, 0, 0]
[0, 0, 0]
[0, 0, 0]
[0, 0, 0]
[0, 0, 0]
[0, 0, 0]
[0, 0, 0]
[0, 0, 0]
[0, 0, 0]
[0, 0, 0]
[0, 0, 0]
[0, 0, 0]
[0, 0, 0]
[0, 0, 0]
[0, 0, 0]
[0, 0, 0]
[0, 0, 0]
[0, 0, 0]
[0, 0, 0]
[0, 0, 0]
[0, 0, 0]
[0, 0, 0]
[0, 0, 0]
[0, 0, 0]
[0, 0, 0]
[0, 0, 0]
[0, 0, 0]
[0, 0, 0]
[0, 0, 0]
[0, 0, 0]
[0, 0, 0]
[0, 0, 0]
[0, 0, 0]
[0, 0, 0]
[0, 0, 0]
[0, 0, 0]
[0, 0, 0]
[0, 0, 0]
[0, 0, 0]
[0, 0, 0]
[0, 0, 0]
[0, 0, 0]
[0, 0, 0]
[0, 0, 0]
[0, 0, 0]
[0, 0, 0]
[0, 0, 0]
[0, 0, 0]
[0, 0, 0]
[0, 0, 0]
[0, 0, 0]
[0, 0, 0]
[0, 0, 0]
[0, 0, 0]
[0, 0, 0]
[0, 0, 0]
[0, 0, 0]
[0, 0, 0]
[0, 0, 0]
[0, 0, 0]
[0, 0, 0]
[0, 0, 0]
[0, 0, 0]
[0, 0, 0]
[0, 0, 0]
[0, 0, 0]
[0, 0, 0]
[0, 0, 0]
[0, 0, 0]
[0, 0, 0]
[0, 0, 0]
[0, 0, 0]
[0, 0, 0]
[0, 0, 0]
[0, 0, 0]
[0, 0, 0]
[0, 0, 0]
[0, 0, 0]
[0, 0, 0]
[0, 0, 0]
[0, 0, 0]
[0, 0, 0]
[0, 0, 0]
[0, 0, 0]
[0, 0, 0]
[0, 0, 0]
[0, 0, 0]
[0, 0, 0]
[0, 0, 0]
[0, 0, 0]
[0, 0, 0]
[0, 0, 0]
[0, 0, 0]
[0, 0, 0]
[0, 0, 0]
[0, 0, 0]
[0, 0, 0]
[0, 0, 0]
[0, 0, 0]
[0, 0, 0]
[0, 0, 0]
[0, 0, 0]
[0, 0, 0]
[0, 0, 0]
[0, 0, 0]
[0, 0, 0]
[0, 0, 0]
[0, 0, 0]
[0, 0, 0]
[0, 0, 0]
[0, 0, 0]
[0, 0, 0]
[0, 0, 0]
[0, 0, 0]
[0, 0, 0]
[0, 0, 0]
[0, 0, 0]
[0, 0, 0]
[0, 0, 0]
[0, 0, 0]
[0, 0, 0]
[0, 0, 0]
[0, 0, 0]
[0, 0, 0]
[0, 0, 0]
[0, 0, 0]
[0, 0, 0]
[0, 0, 0]
[0, 0, 0]
[0, 0, 0]
[0, 0, 0]
[0, 0, 0]
[0, 0, 0]
[0, 0, 0]
[0, 0, 0]
[0, 0, 0]
[0, 0, 0]
[0, 0, 0]
[0, 0, 0]
[0, 0, 0]
[0, 0, 0]
[0, 0, 0]
[0, 0, 0]
[0, 0, 0]
[0, 0, 0]
[0, 0, 0]
[0, 0, 0]
[0, 0, 0]
[0, 0, 0]
[0, 0, 0]
[0, 0, 0]
[0, 0, 0]
[0, 0, 0]
[0, 0, 0]
[0, 0, 0]
[0, 0, 0]
[0, 0, 0]
[0, 0, 0]
[0, 0, 0]
[0, 0, 0]
[0, 0, 0]
[0, 0, 0]
[0, 0, 0]
[0, 0, 0]
[0, 0, 0]
[0, 0, 0]
[0, 0, 0]
[0, 0, 0]
[0, 0, 0]
[0, 0, 0]
[0, 0, 0]
[0, 0, 0]
[0, 0, 0]
[0, 0, 0]
[0, 0, 0]
[0, 0, 0]
[0, 0, 0]
[0, 0, 0]
[0, 0, 0]
[0, 0, 0]
[0, 0, 0]
[0, 0, 0]
[0, 0, 0]
[0, 0, 0]
[0, 0, 0]
[0, 0, 0]
[0, 0, 0]
[0, 0, 0]
[0, 0, 0]
[0, 0, 0]
[0, 0, 0]
[0, 0, 0]
[0, 0, 0]
[0, 0, 0]
[0, 0, 0]
[0, 0, 0]
[0, 0, 0]
[0, 0, 0]
[0, 0, 0]
[0, 0, 0]
[0, 0, 0]
[0, 0, 0]
[0, 0, 0]
[0, 0, 0]
[0, 0, 0]
[0, 0, 0]
[0, 0, 0]
[0, 0, 0]
[0, 0, 0]
[0, 0, 0]
[0, 0, 0]
[0, 0, 0]
[0, 0, 0]
[0, 0, 0]
[0, 0, 0]
[0, 0, 0]
[0, 0, 0]
[0, 0, 0]
[0, 0, 0]
[0, 0, 0]
[0, 0, 0]
[0, 0, 0]
[0, 0, 0]
[0, 0, 0]
[0, 0, 0]
[0, 0, 0]
[0, 0, 0]
[0, 0, 0]
[0, 0, 0]
[0, 0, 0]
[0, 0, 0]
[0, 0, 0]
[0, 0, 0]
[0, 0, 0]
[0, 0, 0]
[0, 0, 0]
[0, 0, 0]
[0, 0, 0]
[0, 0, 0]
[0, 0, 0]
[0, 0, 0]
[0, 0, 0]
[0, 0, 0]
[0, 0, 0]
[0, 0, 0]
[0, 0, 0]
[0, 0, 0]
[0, 0, 0]
[0, 0, 0]
[0, 0, 0]
[0, 0, 0]
[0, 0, 0]
[0, 0, 0]
[0, 0, 0]
[0, 0, 0]
[0, 0, 0]
[0, 0, 0]
[0, 0, 0]
[0, 0, 0]
[0, 0, 0]
[0, 0, 0]
[0, 0, 0]
[0, 0, 0]
[0, 0, 0]
[0, 0, 0]
[0, 0, 0]
[0, 0, 0]
[0, 0, 0]
[0, 0, 0]
[0, 0, 0]
[0, 0, 0]
[0, 0, 0]
[0, 0, 0]
[0, 0, 0]
[0, 0, 0]
[0, 0, 0]
[0, 0, 0]
[0, 0, 0]
[0, 0, 0]
[0, 0, 0]
[0, 0, 0]
[0, 0, 0]
[0, 0, 0]
[0, 0, 0]
[0, 0, 0]
[0, 0, 0]
[0, 0, 0]
[0, 0, 0]
[0, 0, 0]
[0, 0, 0]
[0, 0, 0]
[0, 0, 0]
[0, 0, 0]
[0, 0, 0]
[0, 0, 0]
[0, 0, 0]
[0, 0, 0]
[0, 0, 0]
[0, 0, 0]
[0, 0, 0]
[0, 0, 0]
[0, 0, 0]
[0, 0, 0]
[0, 0, 0]
[0, 0, 0]
[0, 0, 0]
[0, 0, 0]
[0, 0, 0]
[0, 0, 0]
[0, 0, 0]
[0, 0, 0]
[0, 0, 0]
[0, 0, 0]
[0, 0, 0]
[0, 0, 0]
[0, 0, 0]
[0, 0, 0]
[0, 0, 0]
[0, 0, 0]
[0, 0, 0]
[0, 0, 0]
[0, 0, 0]
[0, 0, 0]
[0, 0, 0]
[0, 0, 0]
[0, 0, 0]
[0, 0, 0]
[0, 0, 0]
[0, 0, 0]
[0, 0, 0]
[0, 0, 0]
[0, 0, 0]
[0, 0, 0]
[0, 0, 0]
[0, 0, 0]
[0, 0, 0]
[0, 0, 0]
[0, 0, 0]
[0, 0, 0]
[0, 0, 0]
[0, 0, 0]
[0, 0, 0]
[0, 0, 0]
[0, 0, 0]
[0, 0, 0]
[0, 0, 0]
[0, 0, 0]
[0, 0, 0]
[0, 0, 0]
[0, 0, 0]
[0, 0, 0]
[0, 0, 0]
[0, 0, 0]
[0, 0, 0]
[0, 0, 0]
[0, 0, 0]
[0, 0, 0]
[0, 0, 0]
[0, 0, 0]
[0, 0, 0]
[0, 0, 0]
[0, 0, 0]
[0, 0, 0]
[0, 0, 0]
[0, 0, 0]
[0, 0, 0]
[0, 0, 0]
[0, 0, 0]
[0, 0, 0]
[0, 0, 0]
[0, 0, 0]
[0, 0, 0]
[0, 0, 0]
[0, 0, 0]
[0, 0, 0]
[0, 0, 0]
[0, 0, 0]
[0, 0, 0]
[0, 0, 0]
[0, 0, 0]
[0, 0, 0]
[0, 0, 0]
[0, 0, 0]
[0, 0, 0]
[0, 0, 0]
[0, 0, 0]
[0, 0, 0]
[0, 0, 0]
[0, 0, 0]
[0, 0, 0]
[0, 0, 0]
[0, 0, 0]
[0, 0, 0]
[0, 0, 0]
[0, 0, 0]
[0, 0, 0]
[0, 0, 0]
[0, 0, 0]
[0, 0, 0]
[0, 0, 0]
[0, 0, 0]
[0, 0, 0]
[0, 0, 0]
[0, 0, 0]
[0, 0, 0]
[0, 0, 0]
[0, 0, 0]
[0, 0, 0]
[0, 0, 0]
[0, 0, 0]
[0, 0, 0]
[0, 0, 0]
[0, 0, 0]
[0, 0, 0]
[0, 0, 0]
[0, 0, 0]
[0, 0, 0]
[0, 0, 0]
[0, 0, 0]
[0, 0, 0]
[0, 0, 0]
[0, 0, 0]
[0, 0, 0]
[0, 0, 0]
[0, 0, 0]
[0, 0, 0]
[0, 0, 0]
[0, 0, 0]
[0, 0, 0]
[0, 0, 0]
[0, 0, 0]
[0, 0, 0]
[0, 0, 0]
[0, 0, 0]
[0, 0, 0]
[0, 0, 0]
